#
# QHS - DATA
#
# ----------------------------------------
#
# Size                 = +0000000000000000024
# Model                = Periodic-1D
# Algorithm            = SSE
# Start-Temperature    = +0.0000000000000e+00
# End-Temperature      = +4.0000000000000e+00
# Temperature-Step     = +1.0000000000000e-02
#
# Size              | Model-Index        | Algorithm-Index    | Temperature        | AverageEnergy      | StdDvOfEnergy      | AverageCHeat      
# ------------------------------------------------------------------------------------------------------
+0000000000000000024|+0000000000000000001|+0000000000000000000|+4.0000000000000e+00|-1.1598400000000e+00|+5.7517857642950e-02|+2.7752319839994e-01
+0000000000000000024|+0000000000000000001|+0000000000000000000|+3.9900000000000e+00|-1.2017505000000e+00|+5.7871451142690e-02|+2.9853549750000e-01
+0000000000000000024|+0000000000000000001|+0000000000000000000|+3.9800000000000e+00|-1.1967554000000e+00|+5.7770971057849e-02|+2.9850426710000e-01
+0000000000000000024|+0000000000000000001|+0000000000000000000|+3.9700000000000e+00|-1.2230577000000e+00|+5.8179019352137e-02|+3.2796725189996e-01
+0000000000000000024|+0000000000000000001|+0000000000000000000|+3.9600000000000e+00|-1.1813214000000e+00|+5.7676442631231e-02|+3.0764469377500e-01
+0000000000000000024|+0000000000000000001|+0000000000000000000|+3.9500000000000e+00|-1.2038125000000e+00|+5.7780817069911e-02|+3.1583593750004e-01
+0000000000000000024|+0000000000000000001|+0000000000000000000|+3.9400000000000e+00|-1.2230936500000e+00|+5.7860548045581e-02|+3.2312694074375e-01
+0000000000000000024|+0000000000000000001|+0000000000000000000|+3.9300000000000e+00|-1.2174843000000e+00|+5.7729771105319e-02|+3.2109101989996e-01
+0000000000000000024|+0000000000000000001|+0000000000000000000|+3.9200000000000e+00|-1.2111144000001e+00|+5.7553482761825e-02|+3.1582888176660e-01
+0000000000000000024|+0000000000000000001|+0000000000000000000|+3.9100000000000e+00|-1.1957685000000e+00|+5.7229847538550e-02|+3.0179187750002e-01
+0000000000000000024|+0000000000000000001|+0000000000000000000|+3.9000000000000e+00|-1.2188610000000e+00|+5.7581542178618e-02|+3.2869601990004e-01
+0000000000000000024|+0000000000000000001|+0000000000000000000|+3.8900000000000e+00|-1.2371505000000e+00|+5.7529332349185e-02|+3.2648579749999e-01
+0000000000000000024|+0000000000000000001|+0000000000000000000|+3.8800000000000e+00|-1.2204084000000e+00|+5.7435647522089e-02|+3.3013953510008e-01
+0000000000000000024|+0000000000000000001|+0000000000000000000|+3.8700000000000e+00|-1.2288891000000e+00|+5.7503411755534e-02|+3.3967751509999e-01
+0000000000000000024|+0000000000000000001|+0000000000000000000|+3.8600000000000e+00|-1.2393528000000e+00|+5.7067634049422e-02|+3.1007476959994e-01
+0000000000000000024|+0000000000000000001|+0000000000000000000|+3.8500000000000e+00|-1.2507820000000e+00|+5.7322187738853e-02|+3.3324577760002e-01
+0000000000000000024|+0000000000000000001|+0000000000000000000|+3.8400000000000e+00|-1.2357696000000e+00|+5.7165898306285e-02|+3.3167698077498e-01
+0000000000000000024|+0000000000000000001|+0000000000000000000|+3.8300000000000e+00|-1.2415725000000e+00|+5.7324986313387e-02|+3.4924443749999e-01
+0000000000000000024|+0000000000000000001|+0000000000000000000|+3.8200000000000e+00|-1.2749990000000e+00|+5.7153686097953e-02|+3.3385019749999e-01
+0000000000000000024|+0000000000000000001|+0000000000000000000|+3.8100000000000e+00|-1.2252078000000e+00|+5.7080455009717e-02|+3.4792289560002e-01
+0000000000000000024|+0000000000000000001|+0000000000000000000|+3.8000000000000e+00|-1.2080680000000e+00|+5.6696264227683e-02|+3.2900214039995e-01
+0000000000000000024|+0000000000000000001|+0000000000000000000|+3.7900000000000e+00|-1.2494741000000e+00|+5.6866288916408e-02|+3.3827441590000e-01
+0000000000000000024|+0000000000000000001|+0000000000000000000|+3.7800000000000e+00|-1.2464112000000e+00|+5.7060543104753e-02|+3.6143763839997e-01
+0000000000000000024|+0000000000000000001|+0000000000000000000|+3.7700000000000e+00|-1.2475988000000e+00|+5.6730306653438e-02|+3.4170444639998e-01
+0000000000000000024|+0000000000000000001|+0000000000000000000|+3.7600000000000e+00|-1.2737952000000e+00|+5.6843203465531e-02|+3.5075236960003e-01
+0000000000000000024|+0000000000000000001|+0000000000000000000|+3.7500000000000e+00|-1.2745500000000e+00|+5.6904885962056e-02|+3.6258558560001e-01
+0000000000000000024|+0000000000000000001|+0000000000000000000|+3.7400000000000e+00|-1.3131586000000e+00|+5.6997062570265e-02|+3.6690994789996e-01
+0000000000000000024|+0000000000000000001|+0000000000000000000|+3.7300000000000e+00|-1.3012885000001e+00|+5.6729005881362e-02|+3.5540949749994e-01
+0000000000000000024|+0000000000000000001|+0000000000000000000|+3.7200000000000e+00|-1.3025460000000e+00|+5.6700867007660e-02|+3.5995469749998e-01
+0000000000000000024|+0000000000000000001|+0000000000000000000|+3.7100000000000e+00|-1.2673335000000e+00|+5.6655597947208e-02|+3.7296667750000e-01
+0000000000000000024|+0000000000000000001|+0000000000000000000|+3.7000000000000e+00|-1.3187480000000e+00|+5.6503385159679e-02|+3.5381775839997e-01
+0000000000000000024|+0000000000000000001|+0000000000000000000|+3.6900000000000e+00|-1.2642816000000e+00|+5.6035625603038e-02|+3.3721655039998e-01
+0000000000000000024|+0000000000000000001|+0000000000000000000|+3.6800000000000e+00|-1.2955632000000e+00|+5.6111684918554e-02|+3.4221339990004e-01
+0000000000000000024|+0000000000000000001|+0000000000000000000|+3.6700000000000e+00|-1.2796652000000e+00|+5.6408580139747e-02|+3.7862972640002e-01
+0000000000000000024|+0000000000000000001|+0000000000000000000|+3.6600000000000e+00|-1.2937578000000e+00|+5.6428800561834e-02|+3.8398859110005e-01
+0000000000000000024|+0000000000000000001|+0000000000000000000|+3.6500000000000e+00|-1.3410260000000e+00|+5.6370373323505e-02|+3.7367366240002e-01
+0000000000000000024|+0000000000000000001|+0000000000000000000|+3.6400000000000e+00|-1.3204768000000e+00|+5.6293933040390e-02|+3.8041634560003e-01
+0000000000000000024|+0000000000000000001|+0000000000000000000|+3.6300000000000e+00|-1.2977883000000e+00|+5.6047482451643e-02|+3.7331163190000e-01
+0000000000000000024|+0000000000000000001|+0000000000000000000|+3.6200000000000e+00|-1.3185902000000e+00|+5.6121431307047e-02|+3.8152867589998e-01
+0000000000000000024|+0000000000000000001|+0000000000000000000|+3.6100000000000e+00|-1.2889149000000e+00|+5.6004426395897e-02|+3.8741557190003e-01
+0000000000000000024|+0000000000000000001|+0000000000000000000|+3.6000000000000e+00|-1.3235880000000e+00|+5.5897492730846e-02|+3.7633145109996e-01
+0000000000000000024|+0000000000000000001|+0000000000000000000|+3.5900000000000e+00|-1.3449964000000e+00|+5.6178539819332e-02|+4.0258767839999e-01
+0000000000000000024|+0000000000000000001|+0000000000000000000|+3.5800000000000e+00|-1.3075318000000e+00|+5.5639388416420e-02|+3.7400173589998e-01
+0000000000000000024|+0000000000000000001|+0000000000000000000|+3.5700000000000e+00|-1.3442754000000e+00|+5.5715674120752e-02|+3.7820587160004e-01
+0000000000000000024|+0000000000000000001|+0000000000000000000|+3.5600000000000e+00|-1.3788120000000e+00|+5.5884075945300e-02|+3.9125471000004e-01
+0000000000000000024|+0000000000000000001|+0000000000000000000|+3.5500000000000e+00|-1.3566650000000e+00|+5.5902307551446e-02|+4.0717270999999e-01
+0000000000000000024|+0000000000000000001|+0000000000000000000|+3.5400000000000e+00|-1.3287204000000e+00|+5.5432474815660e-02|+3.8150353239993e-01
+0000000000000000024|+0000000000000000001|+0000000000000000000|+3.5300000000000e+00|-1.3565200000000e+00|+5.5630519309349e-02|+3.9932399999997e-01
+0000000000000000024|+0000000000000000001|+0000000000000000000|+3.5200000000000e+00|-1.3823552000000e+00|+5.5804066893834e-02|+4.1580049239999e-01
+0000000000000000024|+0000000000000000001|+0000000000000000000|+3.5100000000000e+00|-1.3585044000000e+00|+5.5374721784397e-02|+3.9221932640001e-01
+0000000000000000024|+0000000000000000001|+0000000000000000000|+3.5000000000000e+00|-1.3314150000000e+00|+5.5428272470973e-02|+4.1305380389996e-01
+0000000000000000024|+0000000000000000001|+0000000000000000000|+3.4900000000000e+00|-1.3507078000000e+00|+5.5449826283095e-02|+4.1787731159999e-01
+0000000000000000024|+0000000000000000001|+0000000000000000000|+3.4800000000000e+00|-1.3520568000000e+00|+5.5211265840814e-02|+4.0416772440003e-01
+0000000000000000024|+0000000000000000001|+0000000000000000000|+3.4700000000000e+00|-1.3563306000000e+00|+5.5036172977270e-02|+3.9534479959999e-01
+0000000000000000024|+0000000000000000001|+0000000000000000000|+3.4600000000000e+00|-1.3897296000000e+00|+5.5259723756053e-02|+4.1471922239996e-01
+0000000000000000024|+0000000000000000001|+0000000000000000000|+3.4500000000000e+00|-1.3414965000000e+00|+5.5075535975741e-02|+4.2024367909999e-01
+0000000000000000024|+0000000000000000001|+0000000000000000000|+3.4400000000000e+00|-1.3966536000000e+00|+5.5105209258013e-02|+4.1562296389998e-01
+0000000000000000024|+0000000000000000001|+0000000000000000000|+3.4300000000000e+00|-1.3850644000000e+00|+5.4968073210661e-02|+4.1488651360006e-01
+0000000000000000024|+0000000000000000001|+0000000000000000000|+3.4200000000000e+00|-1.4017008000000e+00|+5.4953594128853e-02|+4.1740522239998e-01
+0000000000000000024|+0000000000000000001|+0000000000000000000|+3.4100000000000e+00|-1.4208420000000e+00|+5.5062518166120e-02|+4.3091355999999e-01
+0000000000000000024|+0000000000000000001|+0000000000000000000|+3.4000000000000e+00|-1.3890500000000e+00|+5.4831096055610e-02|+4.2722443750003e-01
+0000000000000000024|+0000000000000000001|+0000000000000000000|+3.3900000000000e+00|-1.4020311000000e+00|+5.5174229438413e-02|+4.6519141989998e-01
+0000000000000000024|+0000000000000000001|+0000000000000000000|+3.3800000000000e+00|-1.4278542000000e+00|+5.4674045095228e-02|+4.1869819190003e-01
+0000000000000000024|+0000000000000000001|+0000000000000000000|+3.3700000000000e+00|-1.4128205000001e+00|+5.4557499921255e-02|+4.2097987749997e-01
+0000000000000000024|+0000000000000000001|+0000000000000000000|+3.3600000000000e+00|-1.4517744000000e+00|+5.4854961662847e-02|+4.4728751590004e-01
+0000000000000000024|+0000000000000000001|+0000000000000000000|+3.3500000000000e+00|-1.4585070000000e+00|+5.4893432503245e-02|+4.5835398360000e-01
+0000000000000000024|+0000000000000000001|+0000000000000000000|+3.3400000000000e+00|-1.4125121000000e+00|+5.4548270761957e-02|+4.4770093077507e-01
+0000000000000000024|+0000000000000000001|+0000000000000000000|+3.3300000000000e+00|-1.4489769000000e+00|+5.4574451142439e-02|+4.4870417510003e-01
+0000000000000000024|+0000000000000000001|+0000000000000000000|+3.3200000000000e+00|-1.4089784000001e+00|+5.4324370985421e-02|+4.4551217559993e-01
+0000000000000000024|+0000000000000000001|+0000000000000000000|+3.3100000000000e+00|-1.4626929000000e+00|+5.4697457102779e-02|+4.7586393190003e-01
+0000000000000000024|+0000000000000000001|+0000000000000000000|+3.3000000000000e+00|-1.4634120000000e+00|+5.4442166257160e-02|+4.5980451039994e-01
+0000000000000000024|+0000000000000000001|+0000000000000000000|+3.2900000000000e+00|-1.4480336000000e+00|+5.4328661105064e-02|+4.6276845439998e-01
+0000000000000000024|+0000000000000000001|+0000000000000000000|+3.2800000000000e+00|-1.4767600000000e+00|+5.4330446348065e-02|+4.6393974999995e-01
+0000000000000000024|+0000000000000000001|+0000000000000000000|+3.2700000000000e+00|-1.4433048000000e+00|+5.4295464023904e-02|+4.8045146240002e-01
+0000000000000000024|+0000000000000000001|+0000000000000000000|+3.2600000000000e+00|-1.4619118000000e+00|+5.4199260995805e-02|+4.7487945510004e-01
+0000000000000000024|+0000000000000000001|+0000000000000000000|+3.2500000000000e+00|-1.4604075000000e+00|+5.3929430918992e-02|+4.5771383990002e-01
+0000000000000000024|+0000000000000000001|+0000000000000000000|+3.2400000000000e+00|-1.5322548000000e+00|+5.4574510054627e-02|+5.1214444710005e-01
+0000000000000000024|+0000000000000000001|+0000000000000000000|+3.2300000000000e+00|-1.5151764000001e+00|+5.4389629677632e-02|+5.0852017759996e-01
+0000000000000000024|+0000000000000000001|+0000000000000000000|+3.2200000000000e+00|-1.4847418800001e+00|+5.4017676457196e-02|+4.8949760188392e-01
+0000000000000000024|+0000000000000000001|+0000000000000000000|+3.2100000000000e+00|-1.5130692000001e+00|+5.4063393197704e-02|+4.9578612959999e-01
+0000000000000000024|+0000000000000000001|+0000000000000000000|+3.2000000000000e+00|-1.4899520000001e+00|+5.3603347242996e-02|+4.6508482789998e-01
+0000000000000000024|+0000000000000000001|+0000000000000000000|+3.1900000000000e+00|-1.5289742000000e+00|+5.3764650553485e-02|+4.8015036759999e-01
+0000000000000000024|+0000000000000000001|+0000000000000000000|+3.1800000000000e+00|-1.5128772000001e+00|+5.3820700959363e-02|+5.0164474839996e-01
+0000000000000000024|+0000000000000000001|+0000000000000000000|+3.1700000000000e+00|-1.5255800000001e+00|+5.3941940195466e-02|+5.2128399999994e-01
+0000000000000000024|+0000000000000000001|+0000000000000000000|+3.1600000000000e+00|-1.5522104000000e+00|+5.3676442447880e-02|+4.9508679639999e-01
+0000000000000000024|+0000000000000000001|+0000000000000000000|+3.1500000000000e+00|-1.4947477500000e+00|+5.3591372567405e-02|+5.1489288877503e-01
+0000000000000000024|+0000000000000000001|+0000000000000000000|+3.1400000000000e+00|-1.5178194000000e+00|+5.3697864521449e-02|+5.3001847590005e-01
+0000000000000000024|+0000000000000000001|+0000000000000000000|+3.1300000000000e+00|-1.5245200000000e+00|+5.3616063387621e-02|+5.2998400000006e-01
+0000000000000000024|+0000000000000000001|+0000000000000000000|+3.1200000000000e+00|-1.5144888000000e+00|+5.3462267816428e-02|+5.2741591989999e-01
+0000000000000000024|+0000000000000000001|+0000000000000000000|+3.1100000000000e+00|-1.5365252000000e+00|+5.3418676764585e-02|+5.2668017759998e-01
+0000000000000000024|+0000000000000000001|+0000000000000000000|+3.1000000000000e+00|-1.5350460000001e+00|+5.3257125813673e-02|+5.2047196439997e-01
+0000000000000000024|+0000000000000000001|+0000000000000000000|+3.0900000000000e+00|-1.5623115000000e+00|+5.3236896168993e-02|+5.2065797749999e-01
+0000000000000000024|+0000000000000000001|+0000000000000000000|+3.0800000000000e+00|-1.5401788000001e+00|+5.3507580761263e-02|+5.6965742790005e-01
+0000000000000000024|+0000000000000000001|+0000000000000000000|+3.0700000000000e+00|-1.5270567000001e+00|+5.2921803761114e-02|+5.1950772389994e-01
+0000000000000000024|+0000000000000000001|+0000000000000000000|+3.0600000000000e+00|-1.5953484000001e+00|+5.3292026730770e-02|+5.5062102039999e-01
+0000000000000000024|+0000000000000000001|+0000000000000000000|+3.0500000000000e+00|-1.5622615000000e+00|+5.3194317662744e-02|+5.6206687510000e-01
+0000000000000000024|+0000000000000000001|+0000000000000000000|+3.0400000000000e+00|-1.6046208000001e+00|+5.3337798695650e-02|+5.7655768959997e-01
+0000000000000000024|+0000000000000000001|+0000000000000000000|+3.0300000000000e+00|-1.5687885000001e+00|+5.2600635629369e-02|+5.1542579749996e-01
+0000000000000000024|+0000000000000000001|+0000000000000000000|+3.0200000000000e+00|-1.5827972000000e+00|+5.2923715673933e-02|+5.5988206040002e-01
+0000000000000000024|+0000000000000000001|+0000000000000000000|+3.0100000000000e+00|-1.6614132000001e+00|+5.3079854992146e-02|+5.6412609759998e-01
+0000000000000000024|+0000000000000000001|+0000000000000000000|+3.0000000000000e+00|-1.5867000000001e+00|+5.2665279588809e-02|+5.5260478999996e-01
+0000000000000000024|+0000000000000000001|+0000000000000000000|+2.9900000000000e+00|-1.6119719000001e+00|+5.2718985430332e-02|+5.6267144390000e-01
+0000000000000000024|+0000000000000000001|+0000000000000000000|+2.9800000000000e+00|-1.6575272000000e+00|+5.2803415766385e-02|+5.6977027040005e-01
+0000000000000000024|+0000000000000000001|+0000000000000000000|+2.9700000000000e+00|-1.5698766000001e+00|+5.2418203094715e-02|+5.6586051159997e-01
+0000000000000000024|+0000000000000000001|+0000000000000000000|+2.9600000000000e+00|-1.6329816000001e+00|+5.2504087243984e-02|+5.6729473589997e-01
+0000000000000000024|+0000000000000000001|+0000000000000000000|+2.9500000000000e+00|-1.6496745000001e+00|+5.2674720877542e-02|+5.9488052789997e-01
+0000000000000000024|+0000000000000000001|+0000000000000000000|+2.9400000000000e+00|-1.6270950000001e+00|+5.2106978329362e-02|+5.4664693750000e-01
+0000000000000000024|+0000000000000000001|+0000000000000000000|+2.9300000000000e+00|-1.6702126000001e+00|+5.2502129761021e-02|+5.9269844759992e-01
+0000000000000000024|+0000000000000000001|+0000000000000000000|+2.9200000000000e+00|-1.6275072000001e+00|+5.2158092431141e-02|+5.7816013440000e-01
+0000000000000000024|+0000000000000000001|+0000000000000000000|+2.9100000000000e+00|-1.6754451000001e+00|+5.2271944945749e-02|+5.8871348789996e-01
+0000000000000000024|+0000000000000000001|+0000000000000000000|+2.9000000000000e+00|-1.6661210000000e+00|+5.2218483014473e-02|+5.9848061990005e-01
+0000000000000000024|+0000000000000000001|+0000000000000000000|+2.8900000000000e+00|-1.6859839000000e+00|+5.2404915726613e-02|+6.2828655990010e-01
+0000000000000000024|+0000000000000000001|+0000000000000000000|+2.8800000000000e+00|-1.6418208000001e+00|+5.2262237803397e-02|+6.3925537189997e-01
+0000000000000000024|+0000000000000000001|+0000000000000000000|+2.8700000000000e+00|-1.6839084000001e+00|+5.2096367074752e-02|+6.1731761760003e-01
+0000000000000000024|+0000000000000000001|+0000000000000000000|+2.8600000000000e+00|-1.6958024000001e+00|+5.1979745972971e-02|+6.1204009439992e-01
+0000000000000000024|+0000000000000000001|+0000000000000000000|+2.8500000000000e+00|-1.6831725000001e+00|+5.1830315879694e-02|+6.1115277749996e-01
+0000000000000000024|+0000000000000000001|+0000000000000000000|+2.8400000000000e+00|-1.6846708000001e+00|+5.1584184669079e-02|+5.9290754310008e-01
+0000000000000000024|+0000000000000000001|+0000000000000000000|+2.8300000000000e+00|-1.7045335000001e+00|+5.1618212301686e-02|+6.0406599749993e-01
+0000000000000000024|+0000000000000000001|+0000000000000000000|+2.8200000000000e+00|-1.7139126000001e+00|+5.1708904005321e-02|+6.2650271509999e-01
+0000000000000000024|+0000000000000000001|+0000000000000000000|+2.8100000000000e+00|-1.6986132000001e+00|+5.1681489037270e-02|+6.4259432159991e-01
+0000000000000000024|+0000000000000000001|+0000000000000000000|+2.8000000000000e+00|-1.7546560000001e+00|+5.1775784932311e-02|+6.4943896959998e-01
+0000000000000000024|+0000000000000000001|+0000000000000000000|+2.7900000000000e+00|-1.6755411000001e+00|+5.1385960898078e-02|+6.4076381189995e-01
+0000000000000000024|+0000000000000000001|+0000000000000000000|+2.7800000000000e+00|-1.7595777000001e+00|+5.1603857299383e-02|+6.5411882377494e-01
+0000000000000000024|+0000000000000000001|+0000000000000000000|+2.7700000000000e+00|-1.7469975000001e+00|+5.1497161290323e-02|+6.5916943749997e-01
+0000000000000000024|+0000000000000000001|+0000000000000000000|+2.7600000000000e+00|-1.7690688000001e+00|+5.1551003744694e-02|+6.7341058560002e-01
+0000000000000000024|+0000000000000000001|+0000000000000000000|+2.7500000000000e+00|-1.7435875000001e+00|+5.1247089692046e-02|+6.5654877749996e-01
+0000000000000000024|+0000000000000000001|+0000000000000000000|+2.7400000000000e+00|-1.7409384000001e+00|+5.1184783677852e-02|+6.6413097439991e-01
+0000000000000000024|+0000000000000000001|+0000000000000000000|+2.7300000000000e+00|-1.7818377000001e+00|+5.1224157394885e-02|+6.6982009323333e-01
+0000000000000000024|+0000000000000000001|+0000000000000000000|+2.7200000000000e+00|-1.7774048000001e+00|+5.1327854836940e-02|+7.0127476440001e-01
+0000000000000000024|+0000000000000000001|+0000000000000000000|+2.7100000000000e+00|-1.7740686000001e+00|+5.1308883591470e-02|+7.1562980440007e-01
+0000000000000000024|+0000000000000000001|+0000000000000000000|+2.7000000000000e+00|-1.8017580000001e+00|+5.1130310010832e-02|+6.9625858839990e-01
+0000000000000000024|+0000000000000000001|+0000000000000000000|+2.6900000000000e+00|-1.7961042000001e+00|+5.1151142345119e-02|+7.1727268760004e-01
+0000000000000000024|+0000000000000000001|+0000000000000000000|+2.6800000000000e+00|-1.8111548000001e+00|+5.1165425747500e-02|+7.2990854790006e-01
+0000000000000000024|+0000000000000000001|+0000000000000000000|+2.6700000000000e+00|-1.8017133000001e+00|+5.1131937339221e-02|+7.4507443990002e-01
+0000000000000000024|+0000000000000000001|+0000000000000000000|+2.6600000000000e+00|-1.8117816000001e+00|+5.0987059552541e-02|+7.3702070239999e-01
+0000000000000000024|+0000000000000000001|+0000000000000000000|+2.6500000000000e+00|-1.8393890000001e+00|+5.1042114723193e-02|+7.5129777240010e-01
+0000000000000000024|+0000000000000000001|+0000000000000000000|+2.6400000000000e+00|-1.7981376000001e+00|+5.0532218083646e-02|+7.0956925439998e-01
+0000000000000000024|+0000000000000000001|+0000000000000000000|+2.6300000000000e+00|-1.8382679000001e+00|+5.0669079705939e-02|+7.3101309109991e-01
+0000000000000000024|+0000000000000000001|+0000000000000000000|+2.6200000000000e+00|-1.8579564000001e+00|+5.0699395513561e-02|+7.4498439160006e-01
+0000000000000000024|+0000000000000000001|+0000000000000000000|+2.6100000000000e+00|-1.8903432000001e+00|+5.0605614372736e-02|+7.3588546559997e-01
+0000000000000000024|+0000000000000000001|+0000000000000000000|+2.6000000000000e+00|-1.8813540000001e+00|+5.0393249355708e-02|+7.2496093590008e-01
+0000000000000000024|+0000000000000000001|+0000000000000000000|+2.5900000000000e+00|-1.8981014000001e+00|+5.0597592985966e-02|+7.6661370840008e-01
+0000000000000000024|+0000000000000000001|+0000000000000000000|+2.5800000000000e+00|-1.8745470000001e+00|+5.0438258120869e-02|+7.6938037750002e-01
+0000000000000000024|+0000000000000000001|+0000000000000000000|+2.5700000000000e+00|-1.8942433000001e+00|+5.0474016572644e-02|+7.8510054390006e-01
+0000000000000000024|+0000000000000000001|+0000000000000000000|+2.5600000000000e+00|-1.9146240000001e+00|+5.0450440657726e-02|+7.9170027750003e-01
+0000000000000000024|+0000000000000000001|+0000000000000000000|+2.5500000000000e+00|-1.9168830000001e+00|+5.0357666207696e-02|+7.9482628440001e-01
+0000000000000000024|+0000000000000000001|+0000000000000000000|+2.5400000000000e+00|-1.8803754000001e+00|+4.9966059030236e-02|+7.6685169989992e-01
+0000000000000000024|+0000000000000000001|+0000000000000000000|+2.5300000000000e+00|-1.9357498000001e+00|+5.0180414653344e-02|+7.9688404440003e-01
+0000000000000000024|+0000000000000000001|+0000000000000000000|+2.5200000000000e+00|-1.8943788000001e+00|+4.9916713978833e-02|+7.9057336390012e-01
+0000000000000000024|+0000000000000000001|+0000000000000000000|+2.5100000000000e+00|-1.9122981000001e+00|+5.0004646584510e-02|+8.1622166390001e-01
+0000000000000000024|+0000000000000000001|+0000000000000000000|+2.5000000000000e+00|-1.9173250000001e+00|+4.9838500399287e-02|+8.0687437509994e-01
+0000000000000000024|+0000000000000000001|+0000000000000000000|+2.4900000000000e+00|-1.9954896000001e+00|+4.9930580065846e-02|+8.0956211840001e-01
+0000000000000000024|+0000000000000000001|+0000000000000000000|+2.4800000000000e+00|-1.9687360000001e+00|+4.9937688067224e-02|+8.4104575999999e-01
+0000000000000000024|+0000000000000000001|+0000000000000000000|+2.4700000000000e+00|-1.9568086000001e+00|+4.9882863908439e-02|+8.5679089559999e-01
+0000000000000000024|+0000000000000000001|+0000000000000000000|+2.4600000000000e+00|-1.9867836000001e+00|+4.9801171539893e-02|+8.5127884439999e-01
+0000000000000000024|+0000000000000000001|+0000000000000000000|+2.4500000000000e+00|-1.9453255000001e+00|+4.9516035495404e-02|+8.4129585990000e-01
+0000000000000000024|+0000000000000000001|+0000000000000000000|+2.4400000000000e+00|-2.0110568000001e+00|+4.9758667610957e-02|+8.7506643160000e-01
+0000000000000000024|+0000000000000000001|+0000000000000000000|+2.4300000000000e+00|-2.0043471000001e+00|+4.9495625573048e-02|+8.5440163910005e-01
+0000000000000000024|+0000000000000000001|+0000000000000000000|+2.4200000000000e+00|-2.0044888000001e+00|+4.9465033403612e-02|+8.6991763039999e-01
+0000000000000000024|+0000000000000000001|+0000000000000000000|+2.4100000000000e+00|-2.0287945000001e+00|+4.9468044292428e-02|+8.8136089749999e-01
+0000000000000000024|+0000000000000000001|+0000000000000000000|+2.4000000000000e+00|-2.0133840000001e+00|+4.9410363136218e-02|+8.9918001189995e-01
+0000000000000000024|+0000000000000000001|+0000000000000000000|+2.3900000000000e+00|-2.0491854000001e+00|+4.9574898859226e-02|+9.3427902040008e-01
+0000000000000000024|+0000000000000000001|+0000000000000000000|+2.3800000000000e+00|-2.0840508000001e+00|+4.9359334978269e-02|+9.0406084440006e-01
+0000000000000000024|+0000000000000000001|+0000000000000000000|+2.3700000000000e+00|-2.0274507000001e+00|+4.9295820453650e-02|+9.3882584790007e-01
+0000000000000000024|+0000000000000000001|+0000000000000000000|+2.3600000000000e+00|-2.0260768000001e+00|+4.9018209189377e-02|+9.1279522560005e-01
+0000000000000000024|+0000000000000000001|+0000000000000000000|+2.3500000000000e+00|-2.0913790000001e+00|+4.8963878767704e-02|+8.9768694040003e-01
+0000000000000000024|+0000000000000000001|+0000000000000000000|+2.3400000000000e+00|-2.0979912000001e+00|+4.8956757565054e-02|+9.1605393760011e-01
+0000000000000000024|+0000000000000000001|+0000000000000000000|+2.3300000000000e+00|-2.1041128000001e+00|+4.9129571461258e-02|+9.6744301439994e-01
+0000000000000000024|+0000000000000000001|+0000000000000000000|+2.3200000000000e+00|-2.0830772000001e+00|+4.9024423012304e-02|+9.8075171277520e-01
+0000000000000000024|+0000000000000000001|+0000000000000000000|+2.3100000000000e+00|-2.1119115000001e+00|+4.8920176096165e-02|+9.7279427750007e-01
+0000000000000000024|+0000000000000000001|+0000000000000000000|+2.3000000000000e+00|-2.1343870000001e+00|+4.9130229608351e-02|+1.0257638439000e+00
+0000000000000000024|+0000000000000000001|+0000000000000000000|+2.2900000000000e+00|-2.1317365666668e+00|+4.8758834650376e-02|+9.8209137945553e-01
+0000000000000000024|+0000000000000000001|+0000000000000000000|+2.2800000000000e+00|-2.1450036000001e+00|+4.8646554767300e-02|+9.7951258310009e-01
+0000000000000000024|+0000000000000000001|+0000000000000000000|+2.2700000000000e+00|-2.1672670500001e+00|+4.8834424374092e-02|+1.0296976527751e+00
+0000000000000000024|+0000000000000000001|+0000000000000000000|+2.2600000000000e+00|-2.1155018000001e+00|+4.8396992773423e-02|+9.9446173510008e-01
+0000000000000000024|+0000000000000000001|+0000000000000000000|+2.2500000000000e+00|-2.1894600000001e+00|+4.8702889421306e-02|+1.0451471424001e+00
+0000000000000000024|+0000000000000000001|+0000000000000000000|+2.2400000000000e+00|-2.1705792000001e+00|+4.8370031346342e-02|+1.0148601436000e+00
+0000000000000000024|+0000000000000000001|+0000000000000000000|+2.2300000000000e+00|-2.1660370000002e+00|+4.8425208368614e-02|+1.0531883899999e+00
+0000000000000000024|+0000000000000000001|+0000000000000000000|+2.2200000000000e+00|-2.1919665000001e+00|+4.8280965442401e-02|+1.0392864943751e+00
+0000000000000000024|+0000000000000000001|+0000000000000000000|+2.2100000000000e+00|-2.2317638000001e+00|+4.8463717023025e-02|+1.0836739516000e+00
+0000000000000000024|+0000000000000000001|+0000000000000000000|+2.2000000000000e+00|-2.2377460000001e+00|+4.8321718748393e-02|+1.0794439751000e+00
+0000000000000000024|+0000000000000000001|+0000000000000000000|+2.1900000000000e+00|-2.2410138000002e+00|+4.8063002191280e-02|+1.0530204795999e+00
+0000000000000000024|+0000000000000000001|+0000000000000000000|+2.1800000000000e+00|-2.2215648000001e+00|+4.7909767982396e-02|+1.0580237504001e+00
+0000000000000000024|+0000000000000000001|+0000000000000000000|+2.1700000000000e+00|-2.2348028000001e+00|+4.7890439800541e-02|+1.0752249299555e+00
+0000000000000000024|+0000000000000000001|+0000000000000000000|+2.1600000000000e+00|-2.2210680000001e+00|+4.7676003142727e-02|+1.0652933975001e+00
+0000000000000000024|+0000000000000000001|+0000000000000000000|+2.1500000000000e+00|-2.2948720000002e+00|+4.7994516173412e-02|+1.1245987135998e+00
+0000000000000000024|+0000000000000000001|+0000000000000000000|+2.1400000000000e+00|-2.3042914000002e+00|+4.7545125822608e-02|+1.0551021398999e+00
+0000000000000000024|+0000000000000000001|+0000000000000000000|+2.1300000000000e+00|-2.2987995000001e+00|+4.7799728522083e-02|+1.1394151775002e+00
+0000000000000000024|+0000000000000000001|+0000000000000000000|+2.1200000000000e+00|-2.2871224000002e+00|+4.7614874751191e-02|+1.1349226395999e+00
+0000000000000000024|+0000000000000000001|+0000000000000000000|+2.1100000000000e+00|-2.2883965000002e+00|+4.7667314143579e-02|+1.1749375775001e+00
+0000000000000000024|+0000000000000000001|+0000000000000000000|+2.1000000000000e+00|-2.3354460000002e+00|+4.7590228630408e-02|+1.1658950523998e+00
+0000000000000000024|+0000000000000000001|+0000000000000000000|+2.0900000000000e+00|-2.3670851000002e+00|+4.7456321130882e-02|+1.1518885078999e+00
+0000000000000000024|+0000000000000000001|+0000000000000000000|+2.0800000000000e+00|-2.3200832000002e+00|+4.7415239683073e-02|+1.1959199983999e+00
+0000000000000000024|+0000000000000000001|+0000000000000000000|+2.0700000000000e+00|-2.3692273500001e+00|+4.7395276183094e-02|+1.1987619589752e+00
+0000000000000000024|+0000000000000000001|+0000000000000000000|+2.0600000000000e+00|-2.3925430000002e+00|+4.7487168941058e-02|+1.2393765975000e+00
+0000000000000000024|+0000000000000000001|+0000000000000000000|+2.0500000000000e+00|-2.3818145000002e+00|+4.7044667087027e-02|+1.1771740839000e+00
+0000000000000000024|+0000000000000000001|+0000000000000000000|+2.0400000000000e+00|-2.3991288000002e+00|+4.7292756914635e-02|+1.2566294715999e+00
+0000000000000000024|+0000000000000000001|+0000000000000000000|+2.0300000000000e+00|-2.4349003666669e+00|+4.7207521796342e-02|+1.2522567514555e+00
+0000000000000000024|+0000000000000000001|+0000000000000000000|+2.0200000000000e+00|-2.4536596000002e+00|+4.7266143620632e-02|+1.2896423996002e+00
+0000000000000000024|+0000000000000000001|+0000000000000000000|+2.0100000000000e+00|-2.4120309000002e+00|+4.6947753967627e-02|+1.2699016918998e+00
+0000000000000000024|+0000000000000000001|+0000000000000000000|+2.0000000000000e+00|-2.4121600000002e+00|+4.6812215839409e-02|+1.2718310336003e+00
+0000000000000000024|+0000000000000000001|+0000000000000000000|+1.9900000000000e+00|-2.4507041500002e+00|+4.6782413488281e-02|+1.2794758377749e+00
+0000000000000000024|+0000000000000000001|+0000000000000000000|+1.9800000000000e+00|-2.4986748000002e+00|+4.6996823366322e-02|+1.3410440924000e+00
+0000000000000000024|+0000000000000000001|+0000000000000000000|+1.9700000000000e+00|-2.5042798666668e+00|+4.6741565685557e-02|+1.3120986152892e+00
+0000000000000000024|+0000000000000000001|+0000000000000000000|+1.9600000000000e+00|-2.4990794000002e+00|+4.6649471317123e-02|+1.3279258497750e+00
+0000000000000000024|+0000000000000000001|+0000000000000000000|+1.9500000000000e+00|-2.4956040000001e+00|+4.6525627410269e-02|+1.3353708416002e+00
+0000000000000000024|+0000000000000000001|+0000000000000000000|+1.9400000000000e+00|-2.5424020000002e+00|+4.6716347973236e-02|+1.3948691099998e+00
+0000000000000000024|+0000000000000000001|+0000000000000000000|+1.9300000000000e+00|-2.5743724000002e+00|+4.6700416693043e-02|+1.4117344176000e+00
+0000000000000000024|+0000000000000000001|+0000000000000000000|+1.9200000000000e+00|-2.5405440000002e+00|+4.6285373957555e-02|+1.3626767600000e+00
+0000000000000000024|+0000000000000000001|+0000000000000000000|+1.9100000000000e+00|-2.5742287500002e+00|+4.6341892021292e-02|+1.3971067343751e+00
+0000000000000000024|+0000000000000000001|+0000000000000000000|+1.9000000000000e+00|-2.5831930000002e+00|+4.6261498841939e-02|+1.4102647991001e+00
+0000000000000000024|+0000000000000000001|+0000000000000000000|+1.8900000000000e+00|-2.5962114000002e+00|+4.6205953175559e-02|+1.4279909724000e+00
+0000000000000000024|+0000000000000000001|+0000000000000000000|+1.8800000000000e+00|-2.5913368000002e+00|+4.6029138578259e-02|+1.4239995804001e+00
+0000000000000000024|+0000000000000000001|+0000000000000000000|+1.8700000000000e+00|-2.6335469000002e+00|+4.6031512739282e-02|+1.4418914031002e+00
+0000000000000000024|+0000000000000000001|+0000000000000000000|+1.8600000000000e+00|-2.6225787000002e+00|+4.5832479252667e-02|+1.4354447179749e+00
+0000000000000000024|+0000000000000000001|+0000000000000000000|+1.8500000000000e+00|-2.6508405000002e+00|+4.5847958464752e-02|+1.4650682231000e+00
+0000000000000000024|+0000000000000000001|+0000000000000000000|+1.8400000000000e+00|-2.6629776000002e+00|+4.5973577454581e-02|+1.5340577404000e+00
+0000000000000000024|+0000000000000000001|+0000000000000000000|+1.8300000000000e+00|-2.6934516000002e+00|+4.5969660996346e-02|+1.5590097295999e+00
+0000000000000000024|+0000000000000000001|+0000000000000000000|+1.8200000000000e+00|-2.7273368000002e+00|+4.5899409032270e-02|+1.5643333423999e+00
+0000000000000000024|+0000000000000000001|+0000000000000000000|+1.8100000000000e+00|-2.7206101666669e+00|+4.5764677612485e-02|+1.5743287330551e+00
+0000000000000000024|+0000000000000000001|+0000000000000000000|+1.8000000000000e+00|-2.7706980000002e+00|+4.5895947784984e-02|+1.6280917879000e+00
+0000000000000000024|+0000000000000000001|+0000000000000000000|+1.7900000000000e+00|-2.7630255500002e+00|+4.5646665197571e-02|+1.6067791529748e+00
+0000000000000000024|+0000000000000000001|+0000000000000000000|+1.7800000000000e+00|-2.8041292000002e+00|+4.5622743960085e-02|+1.6225591004001e+00
+0000000000000000024|+0000000000000000001|+0000000000000000000|+1.7700000000000e+00|-2.7973071000002e+00|+4.5436705764746e-02|+1.6188337470999e+00
+0000000000000000024|+0000000000000000001|+0000000000000000000|+1.7600000000000e+00|-2.7904432000002e+00|+4.5227208934448e-02|+1.6082705150998e+00
+0000000000000000024|+0000000000000000001|+0000000000000000000|+1.7500000000000e+00|-2.8164650000002e+00|+4.5228767720562e-02|+1.6409975195999e+00
+0000000000000000024|+0000000000000000001|+0000000000000000000|+1.7400000000000e+00|-2.8335798000002e+00|+4.5348938818108e-02|+1.7151463670999e+00
+0000000000000000024|+0000000000000000001|+0000000000000000000|+1.7300000000000e+00|-2.8411390500002e+00|+4.5123488833766e-02|+1.6920330647747e+00
+0000000000000000024|+0000000000000000001|+0000000000000000000|+1.7200000000000e+00|-2.8814522000002e+00|+4.5126149328820e-02|+1.7190235867750e+00
+0000000000000000024|+0000000000000000001|+0000000000000000000|+1.7100000000000e+00|-2.8745922000002e+00|+4.5115991561080e-02|+1.7704383675999e+00
+0000000000000000024|+0000000000000000001|+0000000000000000000|+1.7000000000000e+00|-2.9063170000003e+00|+4.4871180080663e-02|+1.7271542198995e+00
+0000000000000000024|+0000000000000000001|+0000000000000000000|+1.6900000000000e+00|-2.8859524000002e+00|+4.4589402635338e-02|+1.7026366384002e+00
+0000000000000000024|+0000000000000000001|+0000000000000000000|+1.6800000000000e+00|-2.9051256000002e+00|+4.4809725702958e-02|+1.8128175510999e+00
+0000000000000000024|+0000000000000000001|+0000000000000000000|+1.6700000000000e+00|-2.9535547000002e+00|+4.4791885018463e-02|+1.8317928118998e+00
+0000000000000000024|+0000000000000000001|+0000000000000000000|+1.6600000000000e+00|-3.0291052000002e+00|+4.4872095222157e-02|+1.8670057916000e+00
+0000000000000000024|+0000000000000000001|+0000000000000000000|+1.6500000000000e+00|-2.9902230000002e+00|+4.4469892209882e-02|+1.8144600956002e+00
+0000000000000000024|+0000000000000000001|+0000000000000000000|+1.6400000000000e+00|-3.0027636000002e+00|+4.4458595516764e-02|+1.8586995399003e+00
+0000000000000000024|+0000000000000000001|+0000000000000000000|+1.6300000000000e+00|-3.0100532000002e+00|+4.4417959413157e-02|+1.8973960303999e+00
+0000000000000000024|+0000000000000000001|+0000000000000000000|+1.6200000000000e+00|-3.0698400000003e+00|+4.4494195553846e-02|+1.9441448888887e+00
+0000000000000000024|+0000000000000000001|+0000000000000000000|+1.6100000000000e+00|-3.0570067000002e+00|+4.4410028677995e-02|+1.9824672791001e+00
+0000000000000000024|+0000000000000000001|+0000000000000000000|+1.6000000000000e+00|-3.0663840000002e+00|+4.4233953708894e-02|+1.9758810798999e+00
+0000000000000000024|+0000000000000000001|+0000000000000000000|+1.5900000000000e+00|-3.0831771000002e+00|+4.4116677703889e-02|+1.9851329639000e+00
+0000000000000000024|+0000000000000000001|+0000000000000000000|+1.5800000000000e+00|-3.1711732000003e+00|+4.4529517838802e-02|+2.1376153883999e+00
+0000000000000000024|+0000000000000000001|+0000000000000000000|+1.5700000000000e+00|-3.1444807000002e+00|+4.4195362457380e-02|+2.0988732599001e+00
+0000000000000000024|+0000000000000000001|+0000000000000000000|+1.5600000000000e+00|-3.1883532000002e+00|+4.4101844565443e-02|+2.1013933991001e+00
+0000000000000000024|+0000000000000000001|+0000000000000000000|+1.5500000000000e+00|-3.1753025000003e+00|+4.3931443898712e-02|+2.1128277974997e+00
+0000000000000000024|+0000000000000000001|+0000000000000000000|+1.5400000000000e+00|-3.2323667333336e+00|+4.3872372995261e-02|+2.1201220981222e+00
+0000000000000000024|+0000000000000000001|+0000000000000000000|+1.5300000000000e+00|-3.2246403000002e+00|+4.3905212438043e-02|+2.2047287221224e+00
+0000000000000000024|+0000000000000000001|+0000000000000000000|+1.5200000000000e+00|-3.2510696000003e+00|+4.3777118530190e-02|+2.2077643870998e+00
+0000000000000000024|+0000000000000000001|+0000000000000000000|+1.5100000000000e+00|-3.2857676500003e+00|+4.3763750042166e-02|+2.2495652647748e+00
+0000000000000000024|+0000000000000000001|+0000000000000000000|+1.5000000000000e+00|-3.2922600000002e+00|+4.3540558531832e-02|+2.2300073744003e+00
+0000000000000000024|+0000000000000000001|+0000000000000000000|+1.4900000000000e+00|-3.3489603000003e+00|+4.3676765960760e-02|+2.3173462191000e+00
+0000000000000000024|+0000000000000000001|+0000000000000000000|+1.4800000000000e+00|-3.3272264000003e+00|+4.3438261408231e-02|+2.3112872475997e+00
+0000000000000000024|+0000000000000000001|+0000000000000000000|+1.4700000000000e+00|-3.3666783000003e+00|+4.3344109107357e-02|+2.3213578278999e+00
+0000000000000000024|+0000000000000000001|+0000000000000000000|+1.4600000000000e+00|-3.3840186000002e+00|+4.3295462607459e-02|+2.3655606919005e+00
+0000000000000000024|+0000000000000000001|+0000000000000000000|+1.4500000000000e+00|-3.4311770000003e+00|+4.3137358433688e-02|+2.3454218524000e+00
+0000000000000000024|+0000000000000000001|+0000000000000000000|+1.4400000000000e+00|-3.4335552000003e+00|+4.3290037186256e-02|+2.4855708336003e+00
+0000000000000000024|+0000000000000000001|+0000000000000000000|+1.4300000000000e+00|-3.4424473000003e+00|+4.2961757576171e-02|+2.4219183278995e+00
+0000000000000000024|+0000000000000000001|+0000000000000000000|+1.4200000000000e+00|-3.5140994000003e+00|+4.3095264251100e-02|+2.5094919951001e+00
+0000000000000000024|+0000000000000000001|+0000000000000000000|+1.4100000000000e+00|-3.5098437000003e+00|+4.2975968493378e-02|+2.5444455150995e+00
+0000000000000000024|+0000000000000000001|+0000000000000000000|+1.4000000000000e+00|-3.5308290000003e+00|+4.2856779016007e-02|+2.5622641697752e+00
+0000000000000000024|+0000000000000000001|+0000000000000000000|+1.3900000000000e+00|-3.5657131200003e+00|+4.2687861351639e-02|+2.5487146511360e+00
+0000000000000000024|+0000000000000000001|+0000000000000000000|+1.3800000000000e+00|-3.6277494000003e+00|+4.2932444758729e-02|+2.7010138430997e+00
+0000000000000000024|+0000000000000000001|+0000000000000000000|+1.3700000000000e+00|-3.6371074500003e+00|+4.2592965639149e-02|+2.6303776717751e+00
+0000000000000000024|+0000000000000000001|+0000000000000000000|+1.3600000000000e+00|-3.6667032000003e+00|+4.2724613697173e-02|+2.7602640631000e+00
+0000000000000000024|+0000000000000000001|+0000000000000000000|+1.3500000000000e+00|-3.7005600000003e+00|+4.2608679381036e-02|+2.7749926399995e+00
+0000000000000000024|+0000000000000000001|+0000000000000000000|+1.3400000000000e+00|-3.7116768000003e+00|+4.2528782157093e-02|+2.8244138495999e+00
+0000000000000000024|+0000000000000000001|+0000000000000000000|+1.3300000000000e+00|-3.7359923500003e+00|+4.2246492909359e-02|+2.7683911129745e+00
+0000000000000000024|+0000000000000000001|+0000000000000000000|+1.3200000000000e+00|-3.7598754000003e+00|+4.2174324182015e-02|+2.8133161159753e+00
+0000000000000000024|+0000000000000000001|+0000000000000000000|+1.3100000000000e+00|-3.7842066000003e+00|+4.2097422214995e-02|+2.8569703004003e+00
+0000000000000000024|+0000000000000000001|+0000000000000000000|+1.3000000000000e+00|-3.8254736666670e+00|+4.2084336694748e-02|+2.9207260901219e+00
+0000000000000000024|+0000000000000000001|+0000000000000000000|+1.2900000000000e+00|-3.8469247500003e+00|+4.1901699798201e-02|+2.9164327743754e+00
+0000000000000000024|+0000000000000000001|+0000000000000000000|+1.2800000000000e+00|-3.8810432000003e+00|+4.1919235381899e-02|+3.0045962107752e+00
+0000000000000000024|+0000000000000000001|+0000000000000000000|+1.2700000000000e+00|-3.8762058000003e+00|+4.1847167497305e-02|+3.0797456284000e+00
+0000000000000000024|+0000000000000000001|+0000000000000000000|+1.2600000000000e+00|-3.9393336000003e+00|+4.1763904074687e-02|+3.0970850818290e+00
+0000000000000000024|+0000000000000000001|+0000000000000000000|+1.2500000000000e+00|-3.9840500000003e+00|+4.1601278542706e-02|+3.0879171824002e+00
+0000000000000000024|+0000000000000000001|+0000000000000000000|+1.2400000000000e+00|-4.0107184000003e+00|+4.1500055954839e-02|+3.1266476144003e+00
+0000000000000000024|+0000000000000000001|+0000000000000000000|+1.2300000000000e+00|-4.0252995000003e+00|+4.1538932195219e-02|+3.2533445775006e+00
+0000000000000000024|+0000000000000000001|+0000000000000000000|+1.2200000000000e+00|-4.0508480000003e+00|+4.1461158185144e-02|+3.3099454400000e+00
+0000000000000000024|+0000000000000000001|+0000000000000000000|+1.2100000000000e+00|-4.0968329000003e+00|+4.1275510826970e-02|+3.2906266399003e+00
+0000000000000000024|+0000000000000000001|+0000000000000000000|+1.2000000000000e+00|-4.1299320000004e+00|+4.1077004997585e-02|+3.2747206078996e+00
+0000000000000000024|+0000000000000000001|+0000000000000000000|+1.1900000000000e+00|-4.1595060000004e+00|+4.1135472337205e-02|+3.4106112399997e+00
+0000000000000000024|+0000000000000000001|+0000000000000000000|+1.1800000000000e+00|-4.2046282000004e+00|+4.1114954232283e-02|+3.4912689598999e+00
+0000000000000000024|+0000000000000000001|+0000000000000000000|+1.1700000000000e+00|-4.2339110250004e+00|+4.0995916962963e-02|+3.5293268404434e+00
+0000000000000000024|+0000000000000000001|+0000000000000000000|+1.1600000000000e+00|-4.2686796000004e+00|+4.0750705520941e-02|+3.4875676638990e+00
+0000000000000000024|+0000000000000000001|+0000000000000000000|+1.1500000000000e+00|-4.3167190000003e+00|+4.0918946571521e-02|+3.6882424764008e+00
+0000000000000000024|+0000000000000000001|+0000000000000000000|+1.1400000000000e+00|-4.3276476000004e+00|+4.0602772510447e-02|+3.6247187644001e+00
+0000000000000000024|+0000000000000000001|+0000000000000000000|+1.1300000000000e+00|-4.3701456000004e+00|+4.0682612526438e-02|+3.7832485055996e+00
+0000000000000000024|+0000000000000000001|+0000000000000000000|+1.1200000000000e+00|-4.4264160000003e+00|+4.0661663731140e-02|+3.8699535100004e+00
+0000000000000000024|+0000000000000000001|+0000000000000000000|+1.1100000000000e+00|-4.4430576000004e+00|+4.0440169730618e-02|+3.8638454144004e+00
+0000000000000000024|+0000000000000000001|+0000000000000000000|+1.1000000000000e+00|-4.4987300000004e+00|+4.0292054349145e-02|+3.8712975100000e+00
+0000000000000000024|+0000000000000000001|+0000000000000000000|+1.0900000000000e+00|-4.5640293000004e+00|+4.0112145901199e-02|+3.8493742670992e+00
+0000000000000000024|+0000000000000000001|+0000000000000000000|+1.0800000000000e+00|-4.5876396000004e+00|+3.9985966180653e-02|+3.9030566430993e+00
+0000000000000000024|+0000000000000000001|+0000000000000000000|+1.0700000000000e+00|-4.6337616500004e+00|+4.0053423077423e-02|+4.0728777709748e+00
+0000000000000000024|+0000000000000000001|+0000000000000000000|+1.0600000000000e+00|-4.6492900000004e+00|+3.9987419987199e-02|+4.1830644166675e+00
+0000000000000000024|+0000000000000000001|+0000000000000000000|+1.0500000000000e+00|-4.6803375000004e+00|+3.9846320018686e-02|+4.2279819375010e+00
+0000000000000000024|+0000000000000000001|+0000000000000000000|+1.0400000000000e+00|-4.7502668000004e+00|+3.9806452253950e-02|+4.3118291279749e+00
+0000000000000000024|+0000000000000000001|+0000000000000000000|+1.0300000000000e+00|-4.7926284000004e+00|+3.9544465046616e-02|+4.2602282416002e+00
+0000000000000000024|+0000000000000000001|+0000000000000000000|+1.0200000000000e+00|-4.8238269000005e+00|+3.9405187579360e-02|+4.3116415559745e+00
+0000000000000000024|+0000000000000000001|+0000000000000000000|+1.0100000000000e+00|-4.8885575000005e+00|+3.9295559458019e-02|+4.3548894374990e+00
+0000000000000000024|+0000000000000000001|+0000000000000000000|+1.0000000000000e+00|-4.9012600000004e+00|+3.9416004406593e-02|+4.6334004124008e+00
+0000000000000000024|+0000000000000000001|+0000000000000000000|+9.9000000000004e-01|-4.9457964000004e+00|+3.9170659628508e-02|+4.5970135504005e+00
+0000000000000000024|+0000000000000000001|+0000000000000000000|+9.8000000000004e-01|-5.0161212000005e+00|+3.8976596826829e-02|+4.5756279163996e+00
+0000000000000000024|+0000000000000000001|+0000000000000000000|+9.7000000000004e-01|-5.0593919500006e+00|+3.8986061024075e-02|+4.7507699407731e+00
+0000000000000000024|+0000000000000000001|+0000000000000000000|+9.6000000000004e-01|-5.0893600000005e+00|+3.8826992535800e-02|+4.8047529930552e+00
+0000000000000000024|+0000000000000000001|+0000000000000000000|+9.5000000000004e-01|-5.1253740000004e+00|+3.8531580544828e-02|+4.7382127536012e+00
+0000000000000000024|+0000000000000000001|+0000000000000000000|+9.4000000000004e-01|-5.1746025000005e+00|+3.8670365431630e-02|+5.0343479843753e+00
+0000000000000000024|+0000000000000000001|+0000000000000000000|+9.3000000000004e-01|-5.2624209000005e+00|+3.8580478441255e-02|+5.0976913831004e+00
+0000000000000000024|+0000000000000000001|+0000000000000000000|+9.2000000000004e-01|-5.2945088000005e+00|+3.8415386152709e-02|+5.1571303104006e+00
+0000000000000000024|+0000000000000000001|+0000000000000000000|+9.1000000000004e-01|-5.3263059000005e+00|+3.8291073433545e-02|+5.2574066799001e+00
+0000000000000000024|+0000000000000000001|+0000000000000000000|+9.0000000000004e-01|-5.4032610000006e+00|+3.8198983007644e-02|+5.3422579825657e+00
+0000000000000000024|+0000000000000000001|+0000000000000000000|+8.9000000000004e-01|-5.4445901000005e+00|+3.8031565563310e-02|+5.3994043719013e+00
+0000000000000000024|+0000000000000000001|+0000000000000000000|+8.8000000000004e-01|-5.5077248000006e+00|+3.7699833173220e-02|+5.2744771583984e+00
+0000000000000000024|+0000000000000000001|+0000000000000000000|+8.7000000000004e-01|-5.5670763000005e+00|+3.7742037566061e-02|+5.5223056599007e+00
+0000000000000000024|+0000000000000000001|+0000000000000000000|+8.6000000000004e-01|-5.6256993000006e+00|+3.7604151457237e-02|+5.5992517549753e+00
+0000000000000000024|+0000000000000000001|+0000000000000000000|+8.5000000000004e-01|-5.6866117500006e+00|+3.7508496443564e-02|+5.7215864079751e+00
+0000000000000000024|+0000000000000000001|+0000000000000000000|+8.4000000000004e-01|-5.7247200000006e+00|+3.7389686062100e-02|+5.8527826666646e+00
+0000000000000000024|+0000000000000000001|+0000000000000000000|+8.3000000000004e-01|-5.7945656000006e+00|+3.7256499086765e-02|+5.9364054975989e+00
+0000000000000000024|+0000000000000000001|+0000000000000000000|+8.2000000000004e-01|-5.8541537000006e+00|+3.6916829710979e-02|+5.8101639987762e+00
+0000000000000000024|+0000000000000000001|+0000000000000000000|+8.1000000000004e-01|-5.8985274000006e+00|+3.6752685256079e-02|+5.8961145883996e+00
+0000000000000000024|+0000000000000000001|+0000000000000000000|+8.0000000000004e-01|-5.9762320000006e+00|+3.6749989991756e-02|+6.1301273158993e+00
+0000000000000000024|+0000000000000000001|+0000000000000000000|+7.9000000000004e-01|-6.0378185500007e+00|+3.6524571488382e-02|+6.1356073149744e+00
+0000000000000000024|+0000000000000000001|+0000000000000000000|+7.8000000000004e-01|-6.0838302000007e+00|+3.6345278825265e-02|+6.2180874319002e+00
+0000000000000000024|+0000000000000000001|+0000000000000000000|+7.7000000000004e-01|-6.1766568000007e+00|+3.6289076068503e-02|+6.3950544543979e+00
+0000000000000000024|+0000000000000000001|+0000000000000000000|+7.6000000000004e-01|-6.2209844727279e+00|+3.6059151781691e-02|+6.4289747410824e+00
+0000000000000000024|+0000000000000000001|+0000000000000000000|+7.5000000000004e-01|-6.2845425000007e+00|+3.5981897723242e-02|+6.6351432278996e+00
+0000000000000000024|+0000000000000000001|+0000000000000000000|+7.4000000000004e-01|-6.3466225000007e+00|+3.5729553327007e-02|+6.6256986093723e+00
+0000000000000000024|+0000000000000000001|+0000000000000000000|+7.3000000000004e-01|-6.4230889000007e+00|+3.5644841344034e-02|+6.8219585151019e+00
+0000000000000000024|+0000000000000000001|+0000000000000000000|+7.2000000000004e-01|-6.4738272000008e+00|+3.5376205602725e-02|+6.8139509423969e+00
+0000000000000000024|+0000000000000000001|+0000000000000000000|+7.1000000000004e-01|-6.5592468000007e+00|+3.5231163704292e-02|+6.9312487535978e+00
+0000000000000000024|+0000000000000000001|+0000000000000000000|+7.0000000000004e-01|-6.6385676666674e+00|+3.5142283100492e-02|+7.1460576906560e+00
+0000000000000000024|+0000000000000000001|+0000000000000000000|+6.9000000000004e-01|-6.7320387000008e+00|+3.5014323899772e-02|+7.2961480270986e+00
+0000000000000000024|+0000000000000000001|+0000000000000000000|+6.8000000000004e-01|-6.7638720000008e+00|+3.4794160097915e-02|+7.4085038399980e+00
+0000000000000000024|+0000000000000000001|+0000000000000000000|+6.7000000000004e-01|-6.8291164500008e+00|+3.4417756589889e-02|+7.2379752357724e+00
+0000000000000000024|+0000000000000000001|+0000000000000000000|+6.6000000000004e-01|-6.9009474000009e+00|+3.4216617155006e-02|+7.3277613278967e+00
+0000000000000000024|+0000000000000000001|+0000000000000000000|+6.5000000000004e-01|-7.0012740000008e+00|+3.4051427689091e-02|+7.4390761584025e+00
+0000000000000000024|+0000000000000000001|+0000000000000000000|+6.4000000000004e-01|-7.0386752000008e+00|+3.3830636962528e-02|+7.5664632151006e+00
+0000000000000000024|+0000000000000000001|+0000000000000000000|+6.3000000000004e-01|-7.1333863500009e+00|+3.3631650038350e-02|+7.6485622439773e+00
+0000000000000000024|+0000000000000000001|+0000000000000000000|+6.2000000000004e-01|-7.2022490000009e+00|+3.3535563922570e-02|+7.9599933974986e+00
+0000000000000000024|+0000000000000000001|+0000000000000000000|+6.1000000000004e-01|-7.2902164000010e+00|+3.3196777724987e-02|+7.8261931823956e+00
+0000000000000000024|+0000000000000000001|+0000000000000000000|+6.0000000000004e-01|-7.3753925000009e+00|+3.2948142817254e-02|+7.8596668637367e+00
+0000000000000000024|+0000000000000000001|+0000000000000000000|+5.9000000000004e-01|-7.4684875500009e+00|+3.2644489104083e-02|+7.7826870769765e+00
+0000000000000000024|+0000000000000000001|+0000000000000000000|+5.8000000000004e-01|-7.5309664500009e+00|+3.2480793059740e-02|+8.0291427912524e+00
+0000000000000000024|+0000000000000000001|+0000000000000000000|+5.7000000000004e-01|-7.6342784000010e+00|+3.2347229477268e-02|+8.2820791544905e+00
+0000000000000000024|+0000000000000000001|+0000000000000000000|+5.6000000000004e-01|-7.7060056000010e+00|+3.1877360346917e-02|+7.9250054998969e+00
+0000000000000000024|+0000000000000000001|+0000000000000000000|+5.5000000000004e-01|-7.7830990000010e+00|+3.1684104198573e-02|+8.1226983676031e+00
+0000000000000000024|+0000000000000000001|+0000000000000000000|+5.4000000000004e-01|-7.8430512000011e+00|+3.1464656468468e-02|+8.3127859882682e+00
+0000000000000000024|+0000000000000000001|+0000000000000000000|+5.3000000000004e-01|-7.9450049000011e+00|+3.1213909899511e-02|+8.3704336310982e+00
+0000000000000000024|+0000000000000000001|+0000000000000000000|+5.2000000000004e-01|-8.0293504000011e+00|+3.0942770931342e-02|+8.4257805696037e+00
+0000000000000000024|+0000000000000000001|+0000000000000000000|+5.1000000000004e-01|-8.1049603500012e+00|+3.0648424377684e-02|+8.4536334637741e+00
+0000000000000000024|+0000000000000000001|+0000000000000000000|+5.0000000000004e-01|-8.1970500000012e+00|+3.0171081504746e-02|+8.0140251899974e+00
+0000000000000000024|+0000000000000000001|+0000000000000000000|+4.9000000000004e-01|-8.2760431187513e+00|+3.0054017851225e-02|+8.4809475961669e+00
+0000000000000000024|+0000000000000000001|+0000000000000000000|+4.8000000000004e-01|-8.3406672000012e+00|+2.9734676204416e-02|+8.4943805679004e+00
+0000000000000000024|+0000000000000000001|+0000000000000000000|+4.7000000000004e-01|-8.4330749000012e+00|+2.9392985291694e-02|+8.3977668311062e+00
+0000000000000000024|+0000000000000000001|+0000000000000000000|+4.6000000000004e-01|-8.5346706000013e+00|+2.9150568936414e-02|+8.5574596478993e+00
+0000000000000000024|+0000000000000000001|+0000000000000000000|+4.5000000000004e-01|-8.6156670000014e+00|+2.8693199620844e-02|+8.1734498523949e+00
+0000000000000000024|+0000000000000000001|+0000000000000000000|+4.4000000000004e-01|-8.6873217333346e+00|+2.8399780273346e-02|+8.2760696567964e+00
+0000000000000000024|+0000000000000000001|+0000000000000000000|+4.3000000000004e-01|-8.7628460000014e+00|+2.8136196489289e-02|+8.4783131600010e+00
+0000000000000000024|+0000000000000000001|+0000000000000000000|+4.2000000000004e-01|-8.8645476000014e+00|+2.7672827467964e-02|+8.0157484316062e+00
+0000000000000000024|+0000000000000000001|+0000000000000000000|+4.1000000000004e-01|-8.9324583000014e+00|+2.7260129219080e-02|+7.7816504031118e+00
+0000000000000000024|+0000000000000000001|+0000000000000000000|+4.0000000000004e-01|-9.0147880000015e+00|+2.6933466777768e-02|+7.7967232191065e+00
+0000000000000000024|+0000000000000000001|+0000000000000000000|+3.9000000000004e-01|-9.0980095500016e+00|+2.6616608486914e-02|+7.8600020059686e+00
+0000000000000000024|+0000000000000000001|+0000000000000000000|+3.8000000000004e-01|-9.1848000000016e+00|+2.6251827041991e-02|+7.7608800000111e+00
+0000000000000000024|+0000000000000000001|+0000000000000000000|+3.7000000000004e-01|-9.2469415000017e+00|+2.5919236577112e-02|+7.8599567974913e+00
+0000000000000000024|+0000000000000000001|+0000000000000000000|+3.6000000000004e-01|-9.3284346000018e+00|+2.5557333152738e-02|+7.8154563697604e+00
+0000000000000000024|+0000000000000000001|+0000000000000000000|+3.5000000000004e-01|-9.3990182500018e+00|+2.5195653632383e-02|+7.8197421319752e+00
+0000000000000000024|+0000000000000000001|+0000000000000000000|+3.4000000000004e-01|-9.4828735333352e+00|+2.4697400336323e-02|+7.2217030346704e+00
+0000000000000000024|+0000000000000000001|+0000000000000000000|+3.3000000000004e-01|-9.5385648000020e+00|+2.4293076490570e-02|+7.1002673663894e+00
+0000000000000000024|+0000000000000000001|+0000000000000000000|+3.2000000000004e-01|-9.6290112000020e+00|+2.3853714691808e-02|+6.7201607644100e+00
+0000000000000000024|+0000000000000000001|+0000000000000000000|+3.1000000000004e-01|-9.6764055000020e+00|+2.3459336557214e-02|+6.6927020975351e+00
+0000000000000000024|+0000000000000000001|+0000000000000000000|+3.0000000000004e-01|-9.7533420000021e+00|+2.3134509799393e-02|+6.9501959004085e+00
+0000000000000000024|+0000000000000000001|+0000000000000000000|+2.9000000000004e-01|-9.8216460000022e+00|+2.2622596956539e-02|+6.2904852400204e+00
+0000000000000000024|+0000000000000000001|+0000000000000000000|+2.8000000000004e-01|-9.8797380000023e+00|+2.2120914995178e-02|+5.6955717775172e+00
+0000000000000000024|+0000000000000000001|+0000000000000000000|+2.7000000000004e-01|-9.9455448000024e+00|+2.1752920430931e-02|+5.8453386446529e+00
+0000000000000000024|+0000000000000000001|+0000000000000000000|+2.6000000000004e-01|-1.0000340200003e+01|+2.1226210081546e-02|+5.1032683470923e+00
+0000000000000000024|+0000000000000000001|+0000000000000000000|+2.5000000000004e-01|-1.0052358750003e+01|+2.0830344367162e-02|+5.2081419807641e+00
+0000000000000000024|+0000000000000000001|+0000000000000000000|+2.4000000000004e-01|-1.0109896800003e+01|+2.0328182270790e-02|+4.6104423150817e+00
+0000000000000000024|+0000000000000000001|+0000000000000000000|+2.3000000000004e-01|-1.0153659000003e+01|+1.9914752675071e-02|+4.7303511099667e+00
+0000000000000000024|+0000000000000000001|+0000000000000000000|+2.2000000000004e-01|-1.0197618800003e+01|+1.9464576007735e-02|+4.6454997084423e+00
+0000000000000000024|+0000000000000000001|+0000000000000000000|+2.1000000000004e-01|-1.0249449300003e+01|+1.8954791647124e-02|+4.0838464111382e+00
+0000000000000000024|+0000000000000000001|+0000000000000000000|+2.0000000000004e-01|-1.0278020000003e+01|+1.8428603020870e-02|+3.5047619899417e+00
+0000000000000000024|+0000000000000000001|+0000000000000000000|+1.9000000000004e-01|-1.0326948900003e+01|+1.7927276232112e-02|+3.0867216839290e+00
+0000000000000000024|+0000000000000000001|+0000000000000000000|+1.8000000000004e-01|-1.0358588100004e+01|+1.7482438068483e-02|+3.4415097080679e+00
+0000000000000000024|+0000000000000000001|+0000000000000000000|+1.7000000000004e-01|-1.0380931400004e+01|+1.6905923898915e-02|+2.5279751036201e+00
+0000000000000000024|+0000000000000000001|+0000000000000000000|+1.6000000000004e-01|-1.0420607200004e+01|+1.6457635471336e-02|+3.1628768479410e+00
+0000000000000000024|+0000000000000000001|+0000000000000000000|+1.5000000000004e-01|-1.0444929000005e+01|+1.5921744681129e-02|+3.0234082202360e+00
+0000000000000000024|+0000000000000000001|+0000000000000000000|+1.4000000000004e-01|-1.0471030800005e+01|+1.5369011340888e-02|+2.8512539516577e+00
+0000000000000000024|+0000000000000000001|+0000000000000000000|+1.3000000000004e-01|-1.0504473400005e+01|+1.4784964970820e-02|+2.3758434729765e+00
+0000000000000000024|+0000000000000000001|+0000000000000000000|+1.2000000000004e-01|-1.0528019250006e+01|+1.4202074399700e-02|+2.3211919185721e+00
+0000000000000000024|+0000000000000000001|+0000000000000000000|+1.1000000000004e-01|-1.0549869600006e+01|+1.3589028995382e-02|+2.1443613770969e+00
+0000000000000000024|+0000000000000000001|+0000000000000000000|+1.0000000000004e-01|-1.0572885764713e+01|+1.2946924163122e-02|+1.8772253539298e+00
+0000000000000000024|+0000000000000000001|+0000000000000000000|+9.0000000000041e-02|-1.0592620500008e+01|+1.2230216082177e-02|+2.8350999760076e-01
+0000000000000000024|+0000000000000000001|+0000000000000000000|+8.0000000000041e-02|-1.0608482870597e+01|+1.1561088602967e-02|+1.2149075685233e+00
+0000000000000000024|+0000000000000000001|+0000000000000000000|+7.0000000000041e-02|-1.0625516950010e+01|+1.0833969889515e-02|+2.0092804620992e+00
+0000000000000000024|+0000000000000000001|+0000000000000000000|+6.0000000000041e-02|-1.0644175800011e+01|+1.0006526356651e-02|+7.0972741455944e-01
+0000000000000000024|+0000000000000000001|+0000000000000000000|+5.0000000000041e-02|-1.0654558500014e+01|+9.1556792295355e-03|+2.1811480311731e+00
+0000000000000000024|+0000000000000000001|+0000000000000000000|+4.0000000000041e-02|-1.0664558400017e+01|+8.1789586190928e-03|+1.4402559768236e+00
+0000000000000000024|+0000000000000000001|+0000000000000000000|+3.0000000000041e-02|-1.0668461528594e+01|+7.0835998782648e-03|+1.8553878974968e+00
+0000000000000000024|+0000000000000000001|+0000000000000000000|+2.0000000000041e-02|-1.0669845441701e+01|+5.7744609778155e-03|+3.4356522334292e-02
+0000000000000000024|+0000000000000000001|+0000000000000000000|+1.0000000000041e-02|-1.0670715591373e+01|+4.0795890193647e-03|-2.9333329175092e+00
