#
# QHS - DATA
#
# ----------------------------------------
#
# Size                 = +0000000000000000030
# Model                = Periodic-1D
# Algorithm            = SSE
# Start-Temperature    = +0.0000000000000e+00
# End-Temperature      = +4.0000000000000e+00
# Temperature-Step     = +1.0000000000000e-02
#
# Size              | Model-Index        | Algorithm-Index    | Temperature        | AverageEnergy      | StdDvOfEnergy      | AverageCHeat      
# ------------------------------------------------------------------------------------------------------
+0000000000000000030|+0000000000000000001|+0000000000000000000|+4.0000000000000e+00|-1.5305199999999e+00|+6.5232908766961e-02|+4.0168678310006e-01
+0000000000000000030|+0000000000000000001|+0000000000000000000|+3.9900000000000e+00|-1.4610612000000e+00|+6.4733077267459e-02|+3.8598302560005e-01
+0000000000000000030|+0000000000000000001|+0000000000000000000|+3.9800000000000e+00|-1.4801734999999e+00|+6.4793465195983e-02|+3.9371749437507e-01
+0000000000000000030|+0000000000000000001|+0000000000000000000|+3.9700000000000e+00|-1.4727955000000e+00|+6.4549030015528e-02|+3.8320197750001e-01
+0000000000000000030|+0000000000000000001|+0000000000000000000|+3.9600000000000e+00|-1.5110988000000e+00|+6.4550173432399e-02|+3.8128321909993e-01
+0000000000000000030|+0000000000000000001|+0000000000000000000|+3.9500000000000e+00|-1.4976655000000e+00|+6.4872624837109e-02|+4.1913714789996e-01
+0000000000000000030|+0000000000000000001|+0000000000000000000|+3.9400000000000e+00|-1.4535318000000e+00|+6.4473593157667e-02|+4.0502009910003e-01
+0000000000000000030|+0000000000000000001|+0000000000000000000|+3.9300000000000e+00|-1.5544449000000e+00|+6.4691996342867e-02|+4.0546655510002e-01
+0000000000000000030|+0000000000000000001|+0000000000000000000|+3.9200000000000e+00|-1.4915784000000e+00|+6.4377797298011e-02|+4.0307918709998e-01
+0000000000000000030|+0000000000000000001|+0000000000000000000|+3.9100000000000e+00|-1.5102235500000e+00|+6.4450325809124e-02|+4.1236759597503e-01
+0000000000000000030|+0000000000000000001|+0000000000000000000|+3.9000000000000e+00|-1.5530700000000e+00|+6.4407635664284e-02|+4.0580631000001e-01
+0000000000000000030|+0000000000000000001|+0000000000000000000|+3.8900000000000e+00|-1.5020824000000e+00|+6.4268597699235e-02|+4.1516349440007e-01
+0000000000000000030|+0000000000000000001|+0000000000000000000|+3.8800000000000e+00|-1.4887572000000e+00|+6.3839244388207e-02|+3.9018744389996e-01
+0000000000000000030|+0000000000000000001|+0000000000000000000|+3.8700000000000e+00|-1.5536715000000e+00|+6.4412900415078e-02|+4.3055369749996e-01
+0000000000000000030|+0000000000000000001|+0000000000000000000|+3.8600000000000e+00|-1.5273048000000e+00|+6.3767956743339e-02|+3.9021585759998e-01
+0000000000000000030|+0000000000000000001|+0000000000000000000|+3.8500000000000e+00|-1.5740650000000e+00|+6.4222346683681e-02|+4.2542239000007e-01
+0000000000000000030|+0000000000000000001|+0000000000000000000|+3.8400000000000e+00|-1.6037568000000e+00|+6.4219902113194e-02|+4.2584960710005e-01
+0000000000000000030|+0000000000000000001|+0000000000000000000|+3.8300000000000e+00|-1.5291867000000e+00|+6.3796906337848e-02|+4.1684089990000e-01
+0000000000000000030|+0000000000000000001|+0000000000000000000|+3.8200000000000e+00|-1.5612692000000e+00|+6.3941500358218e-02|+4.2947135640005e-01
+0000000000000000030|+0000000000000000001|+0000000000000000000|+3.8100000000000e+00|-1.5648663000001e+00|+6.3908317739712e-02|+4.3410460709992e-01
+0000000000000000030|+0000000000000000001|+0000000000000000000|+3.8000000000000e+00|-1.5261400000000e+00|+6.3629184949658e-02|+4.2820991000001e-01
+0000000000000000030|+0000000000000000001|+0000000000000000000|+3.7900000000000e+00|-1.6057024000000e+00|+6.3960449737134e-02|+4.4518544639993e-01
+0000000000000000030|+0000000000000000001|+0000000000000000000|+3.7800000000000e+00|-1.5555192000000e+00|+6.3748256072290e-02|+4.4822899039996e-01
+0000000000000000030|+0000000000000000001|+0000000000000000000|+3.7700000000000e+00|-1.6216281000000e+00|+6.3867088898223e-02|+4.5011457910004e-01
+0000000000000000030|+0000000000000000001|+0000000000000000000|+3.7600000000000e+00|-1.6064944000000e+00|+6.3774236867293e-02|+4.5460663639999e-01
+0000000000000000030|+0000000000000000001|+0000000000000000000|+3.7500000000000e+00|-1.5980250000000e+00|+6.3222474786023e-02|+4.1594470040000e-01
+0000000000000000030|+0000000000000000001|+0000000000000000000|+3.7400000000000e+00|-1.5837868000000e+00|+6.3339086008533e-02|+4.3903340760007e-01
+0000000000000000030|+0000000000000000001|+0000000000000000000|+3.7300000000000e+00|-1.5631913000000e+00|+6.3420119079128e-02|+4.6082336389996e-01
+0000000000000000030|+0000000000000000001|+0000000000000000000|+3.7200000000000e+00|-1.5724104000000e+00|+6.3158274167022e-02|+4.4342700759995e-01
+0000000000000000030|+0000000000000000001|+0000000000000000000|+3.7100000000000e+00|-1.5780361000000e+00|+6.3561460347712e-02|+4.8801145189997e-01
+0000000000000000030|+0000000000000000001|+0000000000000000000|+3.7000000000000e+00|-1.5908630000000e+00|+6.3140923964977e-02|+4.5490013990001e-01
+0000000000000000030|+0000000000000000001|+0000000000000000000|+3.6900000000000e+00|-1.6174734000000e+00|+6.3258103259520e-02|+4.6771086040005e-01
+0000000000000000030|+0000000000000000001|+0000000000000000000|+3.6800000000000e+00|-1.6613968000000e+00|+6.3169905244411e-02|+4.5681995990003e-01
+0000000000000000030|+0000000000000000001|+0000000000000000000|+3.6700000000000e+00|-1.6372357000000e+00|+6.3169755837504e-02|+4.7268411590009e-01
+0000000000000000030|+0000000000000000001|+0000000000000000000|+3.6600000000000e+00|-1.5619404000000e+00|+6.2398564669166e-02|+4.3038111640002e-01
+0000000000000000030|+0000000000000000001|+0000000000000000000|+3.6500000000000e+00|-1.6848600000000e+00|+6.3226082369455e-02|+4.8389103999991e-01
+0000000000000000030|+0000000000000000001|+0000000000000000000|+3.6400000000000e+00|-1.6184548000000e+00|+6.2721659636002e-02|+4.6378429510002e-01
+0000000000000000030|+0000000000000000001|+0000000000000000000|+3.6300000000000e+00|-1.6599783000000e+00|+6.2834991785407e-02|+4.7262197189996e-01
+0000000000000000030|+0000000000000000001|+0000000000000000000|+3.6200000000000e+00|-1.6797046000000e+00|+6.2860106450532e-02|+4.7918621110003e-01
+0000000000000000030|+0000000000000000001|+0000000000000000000|+3.6100000000000e+00|-1.6462599000000e+00|+6.2713643837506e-02|+4.8404171190003e-01
+0000000000000000030|+0000000000000000001|+0000000000000000000|+3.6000000000000e+00|-1.6960920000000e+00|+6.2799699784179e-02|+4.8828301910007e-01
+0000000000000000030|+0000000000000000001|+0000000000000000000|+3.5900000000000e+00|-1.6953901000001e+00|+6.2734432209757e-02|+4.9198126789995e-01
+0000000000000000030|+0000000000000000001|+0000000000000000000|+3.5800000000000e+00|-1.6401696000000e+00|+6.2683590257517e-02|+5.1235826559998e-01
+0000000000000000030|+0000000000000000001|+0000000000000000000|+3.5700000000000e+00|-1.7182041000000e+00|+6.2408667469767e-02|+4.7356466310004e-01
+0000000000000000030|+0000000000000000001|+0000000000000000000|+3.5600000000000e+00|-1.7360284000001e+00|+6.2755250145158e-02|+5.1272052789988e-01
+0000000000000000030|+0000000000000000001|+0000000000000000000|+3.5500000000000e+00|-1.6773180000001e+00|+6.2084147588782e-02|+4.7300777439992e-01
+0000000000000000030|+0000000000000000001|+0000000000000000000|+3.5400000000000e+00|-1.6479264000000e+00|+6.2352930750812e-02|+5.1799709439998e-01
+0000000000000000030|+0000000000000000001|+0000000000000000000|+3.5300000000000e+00|-1.6735169000000e+00|+6.2141058397451e-02|+4.9986238710003e-01
+0000000000000000030|+0000000000000000001|+0000000000000000000|+3.5200000000000e+00|-1.7366912000000e+00|+6.2190553376516e-02|+4.9712911640008e-01
+0000000000000000030|+0000000000000000001|+0000000000000000000|+3.5100000000000e+00|-1.7193660000000e+00|+6.2135782495685e-02|+5.0687244000003e-01
+0000000000000000030|+0000000000000000001|+0000000000000000000|+3.5000000000000e+00|-1.6800100000000e+00|+6.1890036982198e-02|+5.0366542040002e-01
+0000000000000000030|+0000000000000000001|+0000000000000000000|+3.4900000000000e+00|-1.7324111000001e+00|+6.2168196494472e-02|+5.2740674789998e-01
+0000000000000000030|+0000000000000000001|+0000000000000000000|+3.4800000000000e+00|-1.6887312000000e+00|+6.1787905696372e-02|+5.1169660640009e-01
+0000000000000000030|+0000000000000000001|+0000000000000000000|+3.4700000000000e+00|-1.6720428000000e+00|+6.1650269972447e-02|+5.1298230239999e-01
+0000000000000000030|+0000000000000000001|+0000000000000000000|+3.4600000000000e+00|-1.6616648000000e+00|+6.1740497469221e-02|+5.3591150559995e-01
+0000000000000000030|+0000000000000000001|+0000000000000000000|+3.4500000000000e+00|-1.7037030000000e+00|+6.1577637575049e-02|+5.1766329240001e-01
+0000000000000000030|+0000000000000000001|+0000000000000000000|+3.4400000000000e+00|-1.7787120000000e+00|+6.1577471450237e-02|+5.0663271000008e-01
+0000000000000000030|+0000000000000000001|+0000000000000000000|+3.4300000000000e+00|-1.7389794000000e+00|+6.1550189241116e-02|+5.2620678360004e-01
+0000000000000000030|+0000000000000000001|+0000000000000000000|+3.4200000000000e+00|-1.7231244000000e+00|+6.1565946239672e-02|+5.4348188760001e-01
+0000000000000000030|+0000000000000000001|+0000000000000000000|+3.4100000000000e+00|-1.7934094000000e+00|+6.1553737253364e-02|+5.3270188440004e-01
+0000000000000000030|+0000000000000000001|+0000000000000000000|+3.4000000000000e+00|-1.7887660000000e+00|+6.1728966508885e-02|+5.6393063990001e-01
+0000000000000000030|+0000000000000000001|+0000000000000000000|+3.3900000000000e+00|-1.7756502000000e+00|+6.1525169626534e-02|+5.5735900759998e-01
+0000000000000000030|+0000000000000000001|+0000000000000000000|+3.3800000000000e+00|-1.7694979000000e+00|+6.1672066632876e-02|+5.8644057297501e-01
+0000000000000000030|+0000000000000000001|+0000000000000000000|+3.3700000000000e+00|-1.8578834000000e+00|+6.1760493738790e-02|+5.8147068759994e-01
+0000000000000000030|+0000000000000000001|+0000000000000000000|+3.3600000000000e+00|-1.7854104000000e+00|+6.1216597742288e-02|+5.5555484477496e-01
+0000000000000000030|+0000000000000000001|+0000000000000000000|+3.3500000000000e+00|-1.8031845000001e+00|+6.1176042199622e-02|+5.5742221509995e-01
+0000000000000000030|+0000000000000000001|+0000000000000000000|+3.3400000000000e+00|-1.7556076000000e+00|+6.0891373814547e-02|+5.5220310040009e-01
+0000000000000000030|+0000000000000000001|+0000000000000000000|+3.3300000000000e+00|-1.7690550000000e+00|+6.1021225953755e-02|+5.7410774999997e-01
+0000000000000000030|+0000000000000000001|+0000000000000000000|+3.3200000000000e+00|-1.8621344000000e+00|+6.1629393320442e-02|+6.2561119359997e-01
+0000000000000000030|+0000000000000000001|+0000000000000000000|+3.3100000000000e+00|-1.7972273000001e+00|+6.0805172923189e-02|+5.6545403109995e-01
+0000000000000000030|+0000000000000000001|+0000000000000000000|+3.3000000000000e+00|-1.8106530000000e+00|+6.0914964045329e-02|+5.8562561190018e-01
+0000000000000000030|+0000000000000000001|+0000000000000000000|+3.2900000000000e+00|-1.8056005000000e+00|+6.0644261931287e-02|+5.6893059750004e-01
+0000000000000000030|+0000000000000000001|+0000000000000000000|+3.2800000000000e+00|-1.8439984000001e+00|+6.0855419192412e-02|+5.9319251159994e-01
+0000000000000000030|+0000000000000000001|+0000000000000000000|+3.2700000000000e+00|-1.8340842000001e+00|+6.0640666699640e-02|+5.8419810839996e-01
+0000000000000000030|+0000000000000000001|+0000000000000000000|+3.2600000000000e+00|-1.8206008000000e+00|+6.0390342632348e-02|+5.7220155360008e-01
+0000000000000000030|+0000000000000000001|+0000000000000000000|+3.2500000000000e+00|-1.8654275000001e+00|+6.0577205254980e-02|+5.9215801109990e-01
+0000000000000000030|+0000000000000000001|+0000000000000000000|+3.2400000000000e+00|-1.8889368000000e+00|+6.0490963287293e-02|+5.8753924760010e-01
+0000000000000000030|+0000000000000000001|+0000000000000000000|+3.2300000000000e+00|-1.8635277500001e+00|+6.0522477345812e-02|+6.1170384437492e-01
+0000000000000000030|+0000000000000000001|+0000000000000000000|+3.2200000000000e+00|-1.8741284000000e+00|+6.0412727587792e-02|+6.0844811159997e-01
+0000000000000000030|+0000000000000000001|+0000000000000000000|+3.2100000000000e+00|-1.8659775000000e+00|+6.0514249863095e-02|+6.3579493750004e-01
+0000000000000000030|+0000000000000000001|+0000000000000000000|+3.2000000000000e+00|-1.8772160000001e+00|+6.0253438877994e-02|+6.1465305560005e-01
+0000000000000000030|+0000000000000000001|+0000000000000000000|+3.1900000000000e+00|-1.9090645000001e+00|+6.0186777292027e-02|+6.0985479749995e-01
+0000000000000000030|+0000000000000000001|+0000000000000000000|+3.1800000000000e+00|-1.8880596000001e+00|+6.0108429969682e-02|+6.2028707159999e-01
+0000000000000000030|+0000000000000000001|+0000000000000000000|+3.1700000000000e+00|-1.9065629000000e+00|+6.0144058828081e-02|+6.3197528310001e-01
+0000000000000000030|+0000000000000000001|+0000000000000000000|+3.1600000000000e+00|-1.8752144000001e+00|+5.9896294903922e-02|+6.2554041439995e-01
+0000000000000000030|+0000000000000000001|+0000000000000000000|+3.1500000000000e+00|-1.9076955000001e+00|+6.0041123191322e-02|+6.4615963510004e-01
+0000000000000000030|+0000000000000000001|+0000000000000000000|+3.1400000000000e+00|-1.8819432000001e+00|+5.9732134902340e-02|+6.3049310559993e-01
+0000000000000000030|+0000000000000000001|+0000000000000000000|+3.1300000000000e+00|-1.9027391000000e+00|+5.9578263296096e-02|+6.1872343510001e-01
+0000000000000000030|+0000000000000000001|+0000000000000000000|+3.1200000000000e+00|-1.9491696000000e+00|+6.0064447261472e-02|+6.7722318360004e-01
+0000000000000000030|+0000000000000000001|+0000000000000000000|+3.1100000000000e+00|-1.9481178000001e+00|+6.0030332228059e-02|+6.8745751960003e-01
+0000000000000000030|+0000000000000000001|+0000000000000000000|+3.1000000000000e+00|-1.9068260000001e+00|+5.9577950399370e-02|+6.5875250839997e-01
+0000000000000000030|+0000000000000000001|+0000000000000000000|+3.0900000000000e+00|-1.9234030500001e+00|+5.9683199549839e-02|+6.8065537397494e-01
+0000000000000000030|+0000000000000000001|+0000000000000000000|+3.0800000000000e+00|-1.9451280000000e+00|+5.9611321539849e-02|+6.7892444000007e-01
+0000000000000000030|+0000000000000000001|+0000000000000000000|+3.0700000000000e+00|-1.9741121000000e+00|+5.9570384387152e-02|+6.7875883910009e-01
+0000000000000000030|+0000000000000000001|+0000000000000000000|+3.0600000000000e+00|-1.9323276000001e+00|+5.9431136608916e-02|+6.8928034839991e-01
+0000000000000000030|+0000000000000000001|+0000000000000000000|+3.0500000000000e+00|-1.9590565000001e+00|+5.9450924944264e-02|+6.9771223109997e-01
+0000000000000000030|+0000000000000000001|+0000000000000000000|+3.0400000000000e+00|-1.9876576000001e+00|+5.9390857824378e-02|+6.9541351639994e-01
+0000000000000000030|+0000000000000000001|+0000000000000000000|+3.0300000000000e+00|-1.9400256000001e+00|+5.8792554266490e-02|+6.4905512959992e-01
+0000000000000000030|+0000000000000000001|+0000000000000000000|+3.0200000000000e+00|-2.0240532000001e+00|+5.9266942068908e-02|+6.9728860440003e-01
+0000000000000000030|+0000000000000000001|+0000000000000000000|+3.0100000000000e+00|-2.0441682000001e+00|+5.9270471461679e-02|+7.0622052760002e-01
+0000000000000000030|+0000000000000000001|+0000000000000000000|+3.0000000000000e+00|-2.0477400000001e+00|+5.9379210825910e-02|+7.3468454360004e-01
+0000000000000000030|+0000000000000000001|+0000000000000000000|+2.9900000000000e+00|-2.0340037000001e+00|+5.9041247724213e-02|+7.1011872309995e-01
+0000000000000000030|+0000000000000000001|+0000000000000000000|+2.9800000000000e+00|-2.0063490000001e+00|+5.8917862487296e-02|+7.1852099749993e-01
+0000000000000000030|+0000000000000000001|+0000000000000000000|+2.9700000000000e+00|-2.0462928000001e+00|+5.8854234511706e-02|+7.1220122239997e-01
+0000000000000000030|+0000000000000000001|+0000000000000000000|+2.9600000000000e+00|-2.0206032000001e+00|+5.8456758169373e-02|+6.8338238359995e-01
+0000000000000000030|+0000000000000000001|+0000000000000000000|+2.9500000000000e+00|-2.0574985000000e+00|+5.8832418105088e-02|+7.3708157110005e-01
+0000000000000000030|+0000000000000000001|+0000000000000000000|+2.9400000000000e+00|-2.0312154000001e+00|+5.8394676816542e-02|+7.0273955190007e-01
+0000000000000000030|+0000000000000000001|+0000000000000000000|+2.9300000000000e+00|-2.0691456000001e+00|+5.8681892478435e-02|+7.4486655360003e-01
+0000000000000000030|+0000000000000000001|+0000000000000000000|+2.9200000000000e+00|-2.0832648000001e+00|+5.8761362052587e-02|+7.6730983640002e-01
+0000000000000000030|+0000000000000000001|+0000000000000000000|+2.9100000000000e+00|-2.0713683000001e+00|+5.8475634635805e-02|+7.4844384310001e-01
+0000000000000000030|+0000000000000000001|+0000000000000000000|+2.9000000000000e+00|-2.0761770000001e+00|+5.8147491343498e-02|+7.1783746310003e-01
+0000000000000000030|+0000000000000000001|+0000000000000000000|+2.8900000000000e+00|-2.1052618000001e+00|+5.8319292860410e-02|+7.4817009560014e-01
+0000000000000000030|+0000000000000000001|+0000000000000000000|+2.8800000000000e+00|-2.1037632000001e+00|+5.8334087763606e-02|+7.6755607039999e-01
+0000000000000000030|+0000000000000000001|+0000000000000000000|+2.8700000000000e+00|-2.0875507000001e+00|+5.7715544710269e-02|+7.0308482789997e-01
+0000000000000000030|+0000000000000000001|+0000000000000000000|+2.8600000000000e+00|-2.1458648000001e+00|+5.8315711205725e-02|+7.8446961760006e-01
+0000000000000000030|+0000000000000000001|+0000000000000000000|+2.8500000000000e+00|-2.1009802500001e+00|+5.8083340684809e-02|+7.8431237477501e-01
+0000000000000000030|+0000000000000000001|+0000000000000000000|+2.8400000000000e+00|-2.1263362000001e+00|+5.8011747513258e-02|+7.8251690197500e-01
+0000000000000000030|+0000000000000000001|+0000000000000000000|+2.8300000000000e+00|-2.1308013000001e+00|+5.7870908609578e-02|+7.7812232789983e-01
+0000000000000000030|+0000000000000000001|+0000000000000000000|+2.8200000000000e+00|-2.1435540000001e+00|+5.7664759853496e-02|+7.6129191000005e-01
+0000000000000000030|+0000000000000000001|+0000000000000000000|+2.8100000000000e+00|-2.1741837000001e+00|+5.7949735693549e-02|+8.0975472710006e-01
+0000000000000000030|+0000000000000000001|+0000000000000000000|+2.8000000000000e+00|-2.1732160000001e+00|+5.7884181946248e-02|+8.1854972159997e-01
+0000000000000000030|+0000000000000000001|+0000000000000000000|+2.7900000000000e+00|-2.2221456000000e+00|+5.7909236786637e-02|+8.2304407040014e-01
+0000000000000000030|+0000000000000000001|+0000000000000000000|+2.7800000000000e+00|-2.1830736000001e+00|+5.7428514432512e-02|+7.8387506559989e-01
+0000000000000000030|+0000000000000000001|+0000000000000000000|+2.7700000000000e+00|-2.1709841000001e+00|+5.7711132892543e-02|+8.4893483109992e-01
+0000000000000000030|+0000000000000000001|+0000000000000000000|+2.7600000000000e+00|-2.1871308000001e+00|+5.7199512606257e-02|+7.8477337109987e-01
+0000000000000000030|+0000000000000000001|+0000000000000000000|+2.7500000000000e+00|-2.2170837500001e+00|+5.7455426057049e-02|+8.3120375477503e-01
+0000000000000000030|+0000000000000000001|+0000000000000000000|+2.7400000000000e+00|-2.2069432000002e+00|+5.7256527751814e-02|+8.2353841759977e-01
+0000000000000000030|+0000000000000000001|+0000000000000000000|+2.7300000000000e+00|-2.2276179000001e+00|+5.7309993795140e-02|+8.4325196710008e-01
+0000000000000000030|+0000000000000000001|+0000000000000000000|+2.7200000000000e+00|-2.2067552000001e+00|+5.6997760103297e-02|+8.2204580439986e-01
+0000000000000000030|+0000000000000000001|+0000000000000000000|+2.7100000000000e+00|-2.1583858000001e+00|+5.7008179154267e-02|+8.6080655960006e-01
+0000000000000000030|+0000000000000000001|+0000000000000000000|+2.7000000000000e+00|-2.2677360000001e+00|+5.7306454666164e-02|+8.8671141759999e-01
+0000000000000000030|+0000000000000000001|+0000000000000000000|+2.6900000000000e+00|-2.2644848000001e+00|+5.7267781555928e-02|+9.0190079360007e-01
+0000000000000000030|+0000000000000000001|+0000000000000000000|+2.6800000000000e+00|-2.2938188000001e+00|+5.7051344503593e-02|+8.7684755189998e-01
+0000000000000000030|+0000000000000000001|+0000000000000000000|+2.6700000000000e+00|-2.2351404000001e+00|+5.6991114375319e-02|+9.0950894560004e-01
+0000000000000000030|+0000000000000000001|+0000000000000000000|+2.6600000000000e+00|-2.2812323000001e+00|+5.6922036254555e-02|+9.0167110597490e-01
+0000000000000000030|+0000000000000000001|+0000000000000000000|+2.6500000000000e+00|-2.2903190000001e+00|+5.6975169853383e-02|+9.2760530839990e-01
+0000000000000000030|+0000000000000000001|+0000000000000000000|+2.6400000000000e+00|-2.3077452000001e+00|+5.6976479325309e-02|+9.4230634697500e-01
+0000000000000000030|+0000000000000000001|+0000000000000000000|+2.6300000000000e+00|-2.2866508000001e+00|+5.6742661362046e-02|+9.3324825439998e-01
+0000000000000000030|+0000000000000000001|+0000000000000000000|+2.6200000000000e+00|-2.2244182000001e+00|+5.6367667127004e-02|+9.1661120790007e-01
+0000000000000000030|+0000000000000000001|+0000000000000000000|+2.6100000000000e+00|-2.3203468500001e+00|+5.6397903072425e-02|+9.0617411777495e-01
+0000000000000000030|+0000000000000000001|+0000000000000000000|+2.6000000000000e+00|-2.3125300000002e+00|+5.6595319973777e-02|+9.6368659749977e-01
+0000000000000000030|+0000000000000000001|+0000000000000000000|+2.5900000000000e+00|-2.3729505000001e+00|+5.6928826454470e-02|+1.0188771975000e+00
+0000000000000000030|+0000000000000000001|+0000000000000000000|+2.5800000000000e+00|-2.3644236000001e+00|+5.6584291033603e-02|+9.8617950359992e-01
+0000000000000000030|+0000000000000000001|+0000000000000000000|+2.5700000000000e+00|-2.3707789000001e+00|+5.6313068770073e-02|+9.5997580710001e-01
+0000000000000000030|+0000000000000000001|+0000000000000000000|+2.5600000000000e+00|-2.3577664000001e+00|+5.6131975872712e-02|+9.5656652390004e-01
+0000000000000000030|+0000000000000000001|+0000000000000000000|+2.5500000000000e+00|-2.3898180000001e+00|+5.6208441639836e-02|+9.7988371039999e-01
+0000000000000000030|+0000000000000000001|+0000000000000000000|+2.5400000000000e+00|-2.4097338000001e+00|+5.6285694460085e-02|+1.0085718391002e+00
+0000000000000000030|+0000000000000000001|+0000000000000000000|+2.5300000000000e+00|-2.4230774500001e+00|+5.6035343692660e-02|+9.8284171277502e-01
+0000000000000000030|+0000000000000000001|+0000000000000000000|+2.5200000000000e+00|-2.3950320000001e+00|+5.5950273486445e-02|+1.0024124400001e+00
+0000000000000000030|+0000000000000000001|+0000000000000000000|+2.5100000000000e+00|-2.4026026000001e+00|+5.5989211973676e-02|+1.0300235324001e+00
+0000000000000000030|+0000000000000000001|+0000000000000000000|+2.5000000000000e+00|-2.4437750000001e+00|+5.6195025696487e-02|+1.0745941998998e+00
+0000000000000000030|+0000000000000000001|+0000000000000000000|+2.4900000000000e+00|-2.4721512000001e+00|+5.5542037033420e-02|+9.7021618560022e-01
+0000000000000000030|+0000000000000000001|+0000000000000000000|+2.4800000000000e+00|-2.4324744000001e+00|+5.5882013611529e-02|+1.0718546991000e+00
+0000000000000000030|+0000000000000000001|+0000000000000000000|+2.4700000000000e+00|-2.4805290000001e+00|+5.5626849683013e-02|+1.0307435100000e+00
+0000000000000000030|+0000000000000000001|+0000000000000000000|+2.4600000000000e+00|-2.4806628000001e+00|+5.5670308596195e-02|+1.0635704476000e+00
+0000000000000000030|+0000000000000000001|+0000000000000000000|+2.4500000000000e+00|-2.4923005000002e+00|+5.5571075828320e-02|+1.0657593198999e+00
+0000000000000000030|+0000000000000000001|+0000000000000000000|+2.4400000000000e+00|-2.4663752000001e+00|+5.5185646492911e-02|+1.0302262236001e+00
+0000000000000000030|+0000000000000000001|+0000000000000000000|+2.4300000000000e+00|-2.5488033000001e+00|+5.5643103058535e-02|+1.1075312039000e+00
+0000000000000000030|+0000000000000000001|+0000000000000000000|+2.4200000000000e+00|-2.4964392000001e+00|+5.5116160305151e-02|+1.0558518223999e+00
+0000000000000000030|+0000000000000000001|+0000000000000000000|+2.4100000000000e+00|-2.5103929000002e+00|+5.5244511791411e-02|+1.1004393839001e+00
+0000000000000000030|+0000000000000000001|+0000000000000000000|+2.4000000000000e+00|-2.5597920000001e+00|+5.5300749985589e-02|+1.1172171036001e+00
+0000000000000000030|+0000000000000000001|+0000000000000000000|+2.3900000000000e+00|-2.5620912000002e+00|+5.5399270428452e-02|+1.1623263936000e+00
+0000000000000000030|+0000000000000000001|+0000000000000000000|+2.3800000000000e+00|-2.5510137000001e+00|+5.5113657190956e-02|+1.1388146967750e+00
+0000000000000000030|+0000000000000000001|+0000000000000000000|+2.3700000000000e+00|-2.5867200000002e+00|+5.5280919686346e-02|+1.1841439999999e+00
+0000000000000000030|+0000000000000000001|+0000000000000000000|+2.3600000000000e+00|-2.5785216000001e+00|+5.4920698044916e-02|+1.1445172864000e+00
+0000000000000000030|+0000000000000000001|+0000000000000000000|+2.3500000000000e+00|-2.5853070000002e+00|+5.4995952278798e-02|+1.1846177755999e+00
+0000000000000000030|+0000000000000000001|+0000000000000000000|+2.3400000000000e+00|-2.5857510000002e+00|+5.5049963077585e-02|+1.2238469775001e+00
+0000000000000000030|+0000000000000000001|+0000000000000000000|+2.3300000000000e+00|-2.6168134000002e+00|+5.5080177453897e-02|+1.2457496795997e+00
+0000000000000000030|+0000000000000000001|+0000000000000000000|+2.3200000000000e+00|-2.6506496000001e+00|+5.4575643210917e-02|+1.1579449216000e+00
+0000000000000000030|+0000000000000000001|+0000000000000000000|+2.3100000000000e+00|-2.6173495500001e+00|+5.4506700145008e-02|+1.1873381619753e+00
+0000000000000000030|+0000000000000000001|+0000000000000000000|+2.3000000000000e+00|-2.6550290000001e+00|+5.4628550033511e-02|+1.2255640471000e+00
+0000000000000000030|+0000000000000000001|+0000000000000000000|+2.2900000000000e+00|-2.6541004500001e+00|+5.4423176872075e-02|+1.2133578489750e+00
+0000000000000000030|+0000000000000000001|+0000000000000000000|+2.2800000000000e+00|-2.6903232000002e+00|+5.4510206804037e-02|+1.2459060864000e+00
+0000000000000000030|+0000000000000000001|+0000000000000000000|+2.2700000000000e+00|-2.7353392000002e+00|+5.4527161140340e-02|+1.2604397183999e+00
+0000000000000000030|+0000000000000000001|+0000000000000000000|+2.2600000000000e+00|-2.7028830000002e+00|+5.4138025854436e-02|+1.2232382975000e+00
+0000000000000000030|+0000000000000000001|+0000000000000000000|+2.2500000000000e+00|-2.6914425000002e+00|+5.4161231598998e-02|+1.2643379791000e+00
+0000000000000000030|+0000000000000000001|+0000000000000000000|+2.2400000000000e+00|-2.7186560000002e+00|+5.3834549590755e-02|+1.2135083900000e+00
+0000000000000000030|+0000000000000000001|+0000000000000000000|+2.2300000000000e+00|-2.7026291000002e+00|+5.3633182487242e-02|+1.2086394711000e+00
+0000000000000000030|+0000000000000000001|+0000000000000000000|+2.2200000000000e+00|-2.7602184000002e+00|+5.4250374943851e-02|+1.3494042415999e+00
+0000000000000000030|+0000000000000000001|+0000000000000000000|+2.2100000000000e+00|-2.8264239000002e+00|+5.4314304101351e-02|+1.3669026919001e+00
+0000000000000000030|+0000000000000000001|+0000000000000000000|+2.2000000000000e+00|-2.7831300000002e+00|+5.3817370162831e-02|+1.3093617774998e+00
+0000000000000000030|+0000000000000000001|+0000000000000000000|+2.1900000000000e+00|-2.7714504000001e+00|+5.3765779665513e-02|+1.3365491744003e+00
+0000000000000000030|+0000000000000000001|+0000000000000000000|+2.1800000000000e+00|-2.8072798000002e+00|+5.3728236181618e-02|+1.3455258279001e+00
+0000000000000000030|+0000000000000000001|+0000000000000000000|+2.1700000000000e+00|-2.8154422000002e+00|+5.3390564455560e-02|+1.2992766044000e+00
+0000000000000000030|+0000000000000000001|+0000000000000000000|+2.1600000000000e+00|-2.8746744000002e+00|+5.3791184892655e-02|+1.3980464518999e+00
+0000000000000000030|+0000000000000000001|+0000000000000000000|+2.1500000000000e+00|-2.8869510000002e+00|+5.3699882216770e-02|+1.4065863004000e+00
+0000000000000000030|+0000000000000000001|+0000000000000000000|+2.1400000000000e+00|-2.8513654666669e+00|+5.3562618458770e-02|+1.4269259124889e+00
+0000000000000000030|+0000000000000000001|+0000000000000000000|+2.1300000000000e+00|-2.8578279000002e+00|+5.3246162884141e-02|+1.3856443911000e+00
+0000000000000000030|+0000000000000000001|+0000000000000000000|+2.1200000000000e+00|-2.8842476000002e+00|+5.3208759934834e-02|+1.4004728670998e+00
+0000000000000000030|+0000000000000000001|+0000000000000000000|+2.1100000000000e+00|-2.8844916000002e+00|+5.3189591419907e-02|+1.4324071664000e+00
+0000000000000000030|+0000000000000000001|+0000000000000000000|+2.1000000000000e+00|-2.9369160000002e+00|+5.3441122520509e-02|+1.5054775983999e+00
+0000000000000000030|+0000000000000000001|+0000000000000000000|+2.0900000000000e+00|-2.9562491000002e+00|+5.3189694143992e-02|+1.4731910599001e+00
+0000000000000000030|+0000000000000000001|+0000000000000000000|+2.0800000000000e+00|-2.9132184000002e+00|+5.2923808807985e-02|+1.4670396139750e+00
+0000000000000000030|+0000000000000000001|+0000000000000000000|+2.0700000000000e+00|-2.9530032000002e+00|+5.3014594817894e-02|+1.5087739424001e+00
+0000000000000000030|+0000000000000000001|+0000000000000000000|+2.0600000000000e+00|-2.9753472000002e+00|+5.2769507722167e-02|+1.4761545856001e+00
+0000000000000000030|+0000000000000000001|+0000000000000000000|+2.0500000000000e+00|-3.0078080000002e+00|+5.3051703359428e-02|+1.5707344224002e+00
+0000000000000000030|+0000000000000000001|+0000000000000000000|+2.0400000000000e+00|-3.0274608000002e+00|+5.2818683548340e-02|+1.5425133296000e+00
+0000000000000000030|+0000000000000000001|+0000000000000000000|+2.0300000000000e+00|-3.0070567000002e+00|+5.2606243713901e-02|+1.5390027078998e+00
+0000000000000000030|+0000000000000000001|+0000000000000000000|+2.0200000000000e+00|-3.0331890000002e+00|+5.2651061015431e-02|+1.5786511975002e+00
+0000000000000000030|+0000000000000000001|+0000000000000000000|+2.0100000000000e+00|-3.0632334000002e+00|+5.2491501110956e-02|+1.5640014844001e+00
+0000000000000000030|+0000000000000000001|+0000000000000000000|+2.0000000000000e+00|-3.0721000000002e+00|+5.2427903138528e-02|+1.5849753975001e+00
+0000000000000000030|+0000000000000000001|+0000000000000000000|+1.9900000000000e+00|-3.0865612000002e+00|+5.2375232951924e-02|+1.6064367856001e+00
+0000000000000000030|+0000000000000000001|+0000000000000000000|+1.9800000000000e+00|-3.1204428000002e+00|+5.2339399018921e-02|+1.6230259003999e+00
+0000000000000000030|+0000000000000000001|+0000000000000000000|+1.9700000000000e+00|-3.1212353000003e+00|+5.2289938694477e-02|+1.6531755798995e+00
+0000000000000000030|+0000000000000000001|+0000000000000000000|+1.9600000000000e+00|-3.1499442000003e+00|+5.2387875782871e-02|+1.7097720139747e+00
+0000000000000000030|+0000000000000000001|+0000000000000000000|+1.9500000000000e+00|-3.1899585000002e+00|+5.2281372529030e-02|+1.7055270790999e+00
+0000000000000000030|+0000000000000000001|+0000000000000000000|+1.9400000000000e+00|-3.1500697333336e+00|+5.2046338177106e-02|+1.7069744586223e+00
+0000000000000000030|+0000000000000000001|+0000000000000000000|+1.9300000000000e+00|-3.1650449000002e+00|+5.1935764848180e-02|+1.7146776350999e+00
+0000000000000000030|+0000000000000000001|+0000000000000000000|+1.9200000000000e+00|-3.1775552000002e+00|+5.1930431965004e-02|+1.7534979619557e+00
+0000000000000000030|+0000000000000000001|+0000000000000000000|+1.9100000000000e+00|-3.2701653000002e+00|+5.2069449577710e-02|+1.7923162311001e+00
+0000000000000000030|+0000000000000000001|+0000000000000000000|+1.9000000000000e+00|-3.2700360000002e+00|+5.2126252027991e-02|+1.8575279664002e+00
+0000000000000000030|+0000000000000000001|+0000000000000000000|+1.8900000000000e+00|-3.2849637000002e+00|+5.1838397577613e-02|+1.8157179311001e+00
+0000000000000000030|+0000000000000000001|+0000000000000000000|+1.8800000000000e+00|-3.2762916000003e+00|+5.1569657510348e-02|+1.7915935150998e+00
+0000000000000000030|+0000000000000000001|+0000000000000000000|+1.8700000000000e+00|-3.2827472500002e+00|+5.1618479619761e-02|+1.8525758693751e+00
+0000000000000000030|+0000000000000000001|+0000000000000000000|+1.8600000000000e+00|-3.2890788000002e+00|+5.1396600309666e-02|+1.8342516636001e+00
+0000000000000000030|+0000000000000000001|+0000000000000000000|+1.8500000000000e+00|-3.3503055000002e+00|+5.1730297268938e-02|+1.9531030991002e+00
+0000000000000000030|+0000000000000000001|+0000000000000000000|+1.8400000000000e+00|-3.3427566000002e+00|+5.1338142239476e-02|+1.8911686959938e+00
+0000000000000000030|+0000000000000000001|+0000000000000000000|+1.8300000000000e+00|-3.3528150000003e+00|+5.1230762462410e-02|+1.9058897499999e+00
+0000000000000000030|+0000000000000000001|+0000000000000000000|+1.8200000000000e+00|-3.3792502000003e+00|+5.1222188046147e-02|+1.9424786878996e+00
+0000000000000000030|+0000000000000000001|+0000000000000000000|+1.8100000000000e+00|-3.4548983000003e+00|+5.1441680198181e-02|+2.0241910950998e+00
+0000000000000000030|+0000000000000000001|+0000000000000000000|+1.8000000000000e+00|-3.4493820000002e+00|+5.0991636927161e-02|+1.9413526599000e+00
+0000000000000000030|+0000000000000000001|+0000000000000000000|+1.7900000000000e+00|-3.4270371000003e+00|+5.0963731431427e-02|+2.0008818398999e+00
+0000000000000000030|+0000000000000000001|+0000000000000000000|+1.7800000000000e+00|-3.4576444000003e+00|+5.0837641193226e-02|+2.0002102395999e+00
+0000000000000000030|+0000000000000000001|+0000000000000000000|+1.7700000000000e+00|-3.4708494000003e+00|+5.1057001980112e-02|+2.1217288315996e+00
+0000000000000000030|+0000000000000000001|+0000000000000000000|+1.7600000000000e+00|-3.4830864000003e+00|+5.0690939921772e-02|+2.0541426479001e+00
+0000000000000000030|+0000000000000000001|+0000000000000000000|+1.7500000000000e+00|-3.5626950000002e+00|+5.0808545880896e-02|+2.1070320284002e+00
+0000000000000000030|+0000000000000000001|+0000000000000000000|+1.7400000000000e+00|-3.5480604000002e+00|+5.0416292827355e-02|+2.0451377084001e+00
+0000000000000000030|+0000000000000000001|+0000000000000000000|+1.7300000000000e+00|-3.5860130000003e+00|+5.0553276896395e-02|+2.1300343899994e+00
+0000000000000000030|+0000000000000000001|+0000000000000000000|+1.7200000000000e+00|-3.6094628000003e+00|+5.0196808088722e-02|+2.0573281799000e+00
+0000000000000000030|+0000000000000000001|+0000000000000000000|+1.7100000000000e+00|-3.5913849000003e+00|+5.0580413170762e-02|+2.2622192839002e+00
+0000000000000000030|+0000000000000000001|+0000000000000000000|+1.7000000000000e+00|-3.6558080000003e+00|+5.0134311121516e-02|+2.1339461824001e+00
+0000000000000000030|+0000000000000000001|+0000000000000000000|+1.6900000000000e+00|-3.6380210500003e+00|+5.0254177829954e-02|+2.2509866029747e+00
+0000000000000000030|+0000000000000000001|+0000000000000000000|+1.6800000000000e+00|-3.6773088000003e+00|+5.0269287083336e-02|+2.2993220144003e+00
+0000000000000000030|+0000000000000000001|+0000000000000000000|+1.6700000000000e+00|-3.7290466000003e+00|+5.0191199857717e-02|+2.3079129595999e+00
+0000000000000000030|+0000000000000000001|+0000000000000000000|+1.6600000000000e+00|-3.7287546000002e+00|+4.9823126896006e-02|+2.2431502239004e+00
+0000000000000000030|+0000000000000000001|+0000000000000000000|+1.6500000000000e+00|-3.7560690000002e+00|+5.0331536367168e-02|+2.4821261404007e+00
+0000000000000000030|+0000000000000000001|+0000000000000000000|+1.6400000000000e+00|-3.8198048000003e+00|+4.9670658961061e-02|+2.2697786176002e+00
+0000000000000000030|+0000000000000000001|+0000000000000000000|+1.6300000000000e+00|-3.7752316000003e+00|+4.9736706540884e-02|+2.3923740176001e+00
+0000000000000000030|+0000000000000000001|+0000000000000000000|+1.6200000000000e+00|-3.8234679000003e+00|+4.9643974059126e-02|+2.4000758579750e+00
+0000000000000000030|+0000000000000000001|+0000000000000000000|+1.6100000000000e+00|-3.8501941000003e+00|+4.9745466310756e-02|+2.4959789639004e+00
+0000000000000000030|+0000000000000000001|+0000000000000000000|+1.6000000000000e+00|-3.8543600000003e+00|+4.9420893774944e-02|+2.4432925743749e+00
+0000000000000000030|+0000000000000000001|+0000000000000000000|+1.5900000000000e+00|-3.8656618500003e+00|+4.9511555747229e-02|+2.5474023137755e+00
+0000000000000000030|+0000000000000000001|+0000000000000000000|+1.5800000000000e+00|-3.9437030000003e+00|+4.9492488292861e-02|+2.5683238775002e+00
+0000000000000000030|+0000000000000000001|+0000000000000000000|+1.5700000000000e+00|-3.9341765500003e+00|+4.9364736663085e-02|+2.6024091027749e+00
+0000000000000000030|+0000000000000000001|+0000000000000000000|+1.5600000000000e+00|-3.9611640000003e+00|+4.9352200109784e-02|+2.6604803900004e+00
+0000000000000000030|+0000000000000000001|+0000000000000000000|+1.5500000000000e+00|-3.9319785000003e+00|+4.9065113049760e-02|+2.6438622791001e+00
+0000000000000000030|+0000000000000000001|+0000000000000000000|+1.5400000000000e+00|-4.0325672000003e+00|+4.8991957631225e-02|+2.6309518575998e+00
+0000000000000000030|+0000000000000000001|+0000000000000000000|+1.5300000000000e+00|-4.0718184000003e+00|+4.9000340309812e-02|+2.6925756416002e+00
+0000000000000000030|+0000000000000000001|+0000000000000000000|+1.5200000000000e+00|-4.0717296000003e+00|+4.8913333268812e-02|+2.7413955196007e+00
+0000000000000000030|+0000000000000000001|+0000000000000000000|+1.5100000000000e+00|-4.0651202000003e+00|+4.8636089917669e-02|+2.7143526395999e+00
+0000000000000000030|+0000000000000000001|+0000000000000000000|+1.5000000000000e+00|-4.1305725000003e+00|+4.8780466486244e-02|+2.8209336987752e+00
+0000000000000000030|+0000000000000000001|+0000000000000000000|+1.4900000000000e+00|-4.1508911000003e+00|+4.8695466201045e-02|+2.8603600279001e+00
+0000000000000000030|+0000000000000000001|+0000000000000000000|+1.4800000000000e+00|-4.2157540000003e+00|+4.8629750819997e-02|+2.8793123975001e+00
+0000000000000000030|+0000000000000000001|+0000000000000000000|+1.4700000000000e+00|-4.2076386000003e+00|+4.8619691988167e-02|+2.9738312156010e+00
+0000000000000000030|+0000000000000000001|+0000000000000000000|+1.4600000000000e+00|-4.2525766000003e+00|+4.8342659833624e-02|+2.9128489159005e+00
+0000000000000000030|+0000000000000000001|+0000000000000000000|+1.4500000000000e+00|-4.3028985000004e+00|+4.8318734538278e-02|+2.9633595950994e+00
+0000000000000000030|+0000000000000000001|+0000000000000000000|+1.4400000000000e+00|-4.3137096000003e+00|+4.8365013459522e-02|+3.0756482787755e+00
+0000000000000000030|+0000000000000000001|+0000000000000000000|+1.4300000000000e+00|-4.3019902000004e+00|+4.7999599971981e-02|+3.0126001403996e+00
+0000000000000000030|+0000000000000000001|+0000000000000000000|+1.4200000000000e+00|-4.4208574000004e+00|+4.8360639950648e-02|+3.2025186990994e+00
+0000000000000000030|+0000000000000000001|+0000000000000000000|+1.4100000000000e+00|-4.3772055000004e+00|+4.8236604370303e-02|+3.2787653974997e+00
+0000000000000000030|+0000000000000000001|+0000000000000000000|+1.4000000000000e+00|-4.3966120000003e+00|+4.7902805763606e-02|+3.2087941436000e+00
+0000000000000000030|+0000000000000000001|+0000000000000000000|+1.3900000000000e+00|-4.4576140000004e+00|+4.7751413114650e-02|+3.1978732399997e+00
+0000000000000000030|+0000000000000000001|+0000000000000000000|+1.3800000000000e+00|-4.5151770000003e+00|+4.7772909655547e-02|+3.2762457775007e+00
+0000000000000000030|+0000000000000000001|+0000000000000000000|+1.3700000000000e+00|-4.5048099500004e+00|+4.7561712288729e-02|+3.2885678567749e+00
+0000000000000000030|+0000000000000000001|+0000000000000000000|+1.3600000000000e+00|-4.5449352000004e+00|+4.7445398434026e-02|+3.3127678350999e+00
+0000000000000000030|+0000000000000000001|+0000000000000000000|+1.3500000000000e+00|-4.6145715000004e+00|+4.7556872113791e-02|+3.4346379541225e+00
+0000000000000000030|+0000000000000000001|+0000000000000000000|+1.3400000000000e+00|-4.6390064000004e+00|+4.7271751530119e-02|+3.3847637183999e+00
+0000000000000000030|+0000000000000000001|+0000000000000000000|+1.3300000000000e+00|-4.6919504000004e+00|+4.7411919859974e-02|+3.5396910656002e+00
+0000000000000000030|+0000000000000000001|+0000000000000000000|+1.3200000000000e+00|-4.7097888000005e+00|+4.7313309155689e-02|+3.5963799743991e+00
+0000000000000000030|+0000000000000000001|+0000000000000000000|+1.3100000000000e+00|-4.7030823000004e+00|+4.6927740481782e-02|+3.5160469911001e+00
+0000000000000000030|+0000000000000000001|+0000000000000000000|+1.3000000000000e+00|-4.8034990000005e+00|+4.6925576679190e-02|+3.5641105070991e+00
+0000000000000000030|+0000000000000000001|+0000000000000000000|+1.2900000000000e+00|-4.8071289000004e+00|+4.6877733091144e-02|+3.6637370318996e+00
+0000000000000000030|+0000000000000000001|+0000000000000000000|+1.2800000000000e+00|-4.8247872000004e+00|+4.6992553119369e-02|+3.8483060124007e+00
+0000000000000000030|+0000000000000000001|+0000000000000000000|+1.2700000000000e+00|-4.9037915500004e+00|+4.6760499910717e-02|+3.7884814347747e+00
+0000000000000000030|+0000000000000000001|+0000000000000000000|+1.2600000000000e+00|-4.9237903263162e+00|+4.6630727239093e-02|+3.8347801666571e+00
+0000000000000000030|+0000000000000000001|+0000000000000000000|+1.2500000000000e+00|-4.9617312500004e+00|+4.6434072283555e-02|+3.8284227217751e+00
+0000000000000000030|+0000000000000000001|+0000000000000000000|+1.2400000000000e+00|-4.9970010666670e+00|+4.6478069720423e-02|+3.9696072552890e+00
+0000000000000000030|+0000000000000000001|+0000000000000000000|+1.2300000000000e+00|-5.0227714500005e+00|+4.6384903928841e-02|+4.0388873567745e+00
+0000000000000000030|+0000000000000000001|+0000000000000000000|+1.2200000000000e+00|-5.0815733000005e+00|+4.6373631341972e-02|+4.1342830547742e+00
+0000000000000000030|+0000000000000000001|+0000000000000000000|+1.2100000000000e+00|-5.1172024000004e+00|+4.6155291120667e-02|+4.1214150464010e+00
+0000000000000000030|+0000000000000000001|+0000000000000000000|+1.2000000000000e+00|-5.1666900000005e+00|+4.6265794024957e-02|+4.3076864193742e+00
+0000000000000000030|+0000000000000000001|+0000000000000000000|+1.1900000000000e+00|-5.1913738000004e+00|+4.5920429343057e-02|+4.2242883996003e+00
+0000000000000000030|+0000000000000000001|+0000000000000000000|+1.1800000000000e+00|-5.2439252666671e+00|+4.5889233138797e-02|+4.3222346626558e+00
+0000000000000000030|+0000000000000000001|+0000000000000000000|+1.1700000000000e+00|-5.2669464000004e+00|+4.5795007550218e-02|+4.4067519136004e+00
+0000000000000000030|+0000000000000000001|+0000000000000000000|+1.1600000000000e+00|-5.3531161000005e+00|+4.5772269518322e-02|+4.4881813257437e+00
+0000000000000000030|+0000000000000000001|+0000000000000000000|+1.1500000000000e+00|-5.3677946666671e+00|+4.5627047965740e-02|+4.5506460238225e+00
+0000000000000000030|+0000000000000000001|+0000000000000000000|+1.1400000000000e+00|-5.4224852000005e+00|+4.5535372639239e-02|+4.6175708031556e+00
+0000000000000000030|+0000000000000000001|+0000000000000000000|+1.1300000000000e+00|-5.4625351000005e+00|+4.5110568446490e-02|+4.4638845870993e+00
+0000000000000000030|+0000000000000000001|+0000000000000000000|+1.1200000000000e+00|-5.5281760000005e+00|+4.5453435830368e-02|+4.8361967099997e+00
+0000000000000000030|+0000000000000000001|+0000000000000000000|+1.1100000000000e+00|-5.6010303000005e+00|+4.5083007884438e-02|+4.6916645470998e+00
+0000000000000000030|+0000000000000000001|+0000000000000000000|+1.1000000000000e+00|-5.5768770000004e+00|+4.4847991448012e-02|+4.7329316751004e+00
+0000000000000000030|+0000000000000000001|+0000000000000000000|+1.0900000000000e+00|-5.6583492000005e+00|+4.4996405895808e-02|+4.9677132655991e+00
+0000000000000000030|+0000000000000000001|+0000000000000000000|+1.0800000000000e+00|-5.6954400000005e+00|+4.4728055192825e-02|+4.9321960000010e+00
+0000000000000000030|+0000000000000000001|+0000000000000000000|+1.0700000000000e+00|-5.7376655000006e+00|+4.4541182795335e-02|+4.9549162774986e+00
+0000000000000000030|+0000000000000000001|+0000000000000000000|+1.0600000000000e+00|-5.8278782000005e+00|+4.4597126779293e-02|+5.1259321591002e+00
+0000000000000000030|+0000000000000000001|+0000000000000000000|+1.0500000000000e+00|-5.8824390000006e+00|+4.4660927565078e-02|+5.3446067676001e+00
+0000000000000000030|+0000000000000000001|+0000000000000000000|+1.0400000000000e+00|-5.9543864000005e+00|+4.4393203385206e-02|+5.2820196518995e+00
+0000000000000000030|+0000000000000000001|+0000000000000000000|+1.0300000000000e+00|-5.9908541666671e+00|+4.4283712722944e-02|+5.3849856597242e+00
+0000000000000000030|+0000000000000000001|+0000000000000000000|+1.0200000000000e+00|-6.0423054000006e+00|+4.4031406793236e-02|+5.3561683670979e+00
+0000000000000000030|+0000000000000000001|+0000000000000000000|+1.0100000000000e+00|-6.0610781000005e+00|+4.4036746198737e-02|+5.5815332239020e+00
+0000000000000000030|+0000000000000000001|+0000000000000000000|+1.0000000000000e+00|-6.1135700000005e+00|+4.3944821085542e-02|+5.6959718551010e+00
+0000000000000000030|+0000000000000000001|+0000000000000000000|+9.9000000000004e-01|-6.1988428500005e+00|+4.3769545544390e-02|+5.7075410437770e+00
+0000000000000000030|+0000000000000000001|+0000000000000000000|+9.8000000000004e-01|-6.2484641000006e+00|+4.3667426369249e-02|+5.8236563879741e+00
+0000000000000000030|+0000000000000000001|+0000000000000000000|+9.7000000000004e-01|-6.3258610500006e+00|+4.3644648502352e-02|+5.9895454937764e+00
+0000000000000000030|+0000000000000000001|+0000000000000000000|+9.6000000000004e-01|-6.3468096000006e+00|+4.3335111539306e-02|+5.9510674623995e+00
+0000000000000000030|+0000000000000000001|+0000000000000000000|+9.5000000000004e-01|-6.4353267500006e+00|+4.3280214977799e-02|+6.0845833747758e+00
+0000000000000000030|+0000000000000000001|+0000000000000000000|+9.4000000000004e-01|-6.4944662000006e+00|+4.3125706371899e-02|+6.1584511613865e+00
+0000000000000000030|+0000000000000000001|+0000000000000000000|+9.3000000000004e-01|-6.5504725500006e+00|+4.2952698696966e-02|+6.2210184387754e+00
+0000000000000000030|+0000000000000000001|+0000000000000000000|+9.2000000000004e-01|-6.6264804000006e+00|+4.3107348579934e-02|+6.5976072831007e+00
+0000000000000000030|+0000000000000000001|+0000000000000000000|+9.1000000000004e-01|-6.6902397000007e+00|+4.2718510070166e-02|+6.4409709311005e+00
+0000000000000000030|+0000000000000000001|+0000000000000000000|+9.0000000000004e-01|-6.7494120000006e+00|+4.2527620733806e-02|+6.4934640176024e+00
+0000000000000000030|+0000000000000000001|+0000000000000000000|+8.9000000000004e-01|-6.8233307000006e+00|+4.2439822690475e-02|+6.6428734231008e+00
+0000000000000000030|+0000000000000000001|+0000000000000000000|+8.8000000000004e-01|-6.9236840000006e+00|+4.2548358058709e-02|+6.9847306975022e+00
+0000000000000000030|+0000000000000000001|+0000000000000000000|+8.7000000000004e-01|-6.9583995000007e+00|+4.2163994608960e-02|+6.8667446775017e+00
+0000000000000000030|+0000000000000000001|+0000000000000000000|+8.6000000000004e-01|-7.0132482000007e+00|+4.1816916184334e-02|+6.7650117430985e+00
+0000000000000000030|+0000000000000000001|+0000000000000000000|+8.5000000000004e-01|-7.0863485000007e+00|+4.1919851544948e-02|+7.1592886319023e+00
+0000000000000000030|+0000000000000000001|+0000000000000000000|+8.4000000000004e-01|-7.2061992000008e+00|+4.1695716085301e-02|+7.1292255355991e+00
+0000000000000000030|+0000000000000000001|+0000000000000000000|+8.3000000000004e-01|-7.2617990000007e+00|+4.1524574727392e-02|+7.2418139100012e+00
+0000000000000000030|+0000000000000000001|+0000000000000000000|+8.2000000000004e-01|-7.3163914000007e+00|+4.1357913094090e-02|+7.3670706870998e+00
+0000000000000000030|+0000000000000000001|+0000000000000000000|+8.1000000000004e-01|-7.4090260500008e+00|+4.1310939919928e-02|+7.6023774979727e+00
+0000000000000000030|+0000000000000000001|+0000000000000000000|+8.0000000000004e-01|-7.4538080000008e+00|+4.1087079291696e-02|+7.6824160923978e+00
+0000000000000000030|+0000000000000000001|+0000000000000000000|+7.9000000000004e-01|-7.5248520000008e+00|+4.0918499251169e-02|+7.8063265600003e+00
+0000000000000000030|+0000000000000000001|+0000000000000000000|+7.8000000000004e-01|-7.6195317000008e+00|+4.0652342736510e-02|+7.7765324797744e+00
+0000000000000000030|+0000000000000000001|+0000000000000000000|+7.7000000000004e-01|-7.6861633000008e+00|+4.0553204044925e-02|+8.0125371559001e+00
+0000000000000000030|+0000000000000000001|+0000000000000000000|+7.6000000000004e-01|-7.7801008333342e+00|+4.0389847236148e-02|+8.1351967183155e+00
+0000000000000000030|+0000000000000000001|+0000000000000000000|+7.5000000000004e-01|-7.8538800000009e+00|+4.0132478507355e-02|+8.1584670143996e+00
+0000000000000000030|+0000000000000000001|+0000000000000000000|+7.4000000000004e-01|-7.9527096000009e+00|+4.0065978840820e-02|+8.4299054384008e+00
+0000000000000000030|+0000000000000000001|+0000000000000000000|+7.3000000000004e-01|-8.0156171000009e+00|+3.9730748068129e-02|+8.3643167670992e+00
+0000000000000000030|+0000000000000000001|+0000000000000000000|+7.2000000000004e-01|-8.0945592000009e+00|+3.9531966111037e-02|+8.4840240078996e+00
+0000000000000000030|+0000000000000000001|+0000000000000000000|+7.1000000000004e-01|-8.1883694500009e+00|+3.9426227659055e-02|+8.7363172729756e+00
+0000000000000000030|+0000000000000000001|+0000000000000000000|+7.0000000000004e-01|-8.2804780000010e+00|+3.9092178616631e-02|+8.6410642683976e+00
+0000000000000000030|+0000000000000000001|+0000000000000000000|+6.9000000000004e-01|-8.3532951000010e+00|+3.8737939536423e-02|+8.5402338758960e+00
+0000000000000000030|+0000000000000000001|+0000000000000000000|+6.8000000000004e-01|-8.4754508000010e+00|+3.8742334634445e-02|+8.9638352438982e+00
+0000000000000000030|+0000000000000000001|+0000000000000000000|+6.7000000000004e-01|-8.5135092000010e+00|+3.8529251877977e-02|+9.1657314223976e+00
+0000000000000000030|+0000000000000000001|+0000000000000000000|+6.6000000000004e-01|-8.6454546000011e+00|+3.8405004105818e-02|+9.3938669038945e+00
+0000000000000000030|+0000000000000000001|+0000000000000000000|+6.5000000000004e-01|-8.7329648000011e+00|+3.8092522024925e-02|+9.3669211407283e+00
+0000000000000000030|+0000000000000000001|+0000000000000000000|+6.4000000000004e-01|-8.8769248000011e+00|+3.7968934321521e-02|+9.6038237869732e+00
+0000000000000000030|+0000000000000000001|+0000000000000000000|+6.3000000000004e-01|-8.9362443000011e+00|+3.7618023139691e-02|+9.5613696767851e+00
+0000000000000000030|+0000000000000000001|+0000000000000000000|+6.2000000000004e-01|-9.0314464666678e+00|+3.7357695826306e-02|+9.6386107381258e+00
+0000000000000000030|+0000000000000000001|+0000000000000000000|+6.1000000000004e-01|-9.1248363000011e+00|+3.7078528615840e-02|+9.6899969977704e+00
+0000000000000000030|+0000000000000000001|+0000000000000000000|+6.0000000000004e-01|-9.2351280000011e+00|+3.6709460916959e-02|+9.5372800655976e+00
+0000000000000000030|+0000000000000000001|+0000000000000000000|+5.9000000000004e-01|-9.3127285000012e+00|+3.6575331182561e-02|+9.9301951774975e+00
+0000000000000000030|+0000000000000000001|+0000000000000000000|+5.8000000000004e-01|-9.4502912000012e+00|+3.6535969696021e-02|+1.0452636870400e+01
+0000000000000000030|+0000000000000000001|+0000000000000000000|+5.7000000000004e-01|-9.5485774500013e+00|+3.6070166004229e-02|+1.0131051253767e+01
+0000000000000000030|+0000000000000000001|+0000000000000000000|+5.6000000000004e-01|-9.5940574000013e+00|+3.5828876289777e-02|+1.0405382364487e+01
+0000000000000000030|+0000000000000000001|+0000000000000000000|+5.5000000000004e-01|-9.7035875000013e+00|+3.5556259508607e-02|+1.0509879437494e+01
+0000000000000000030|+0000000000000000001|+0000000000000000000|+5.4000000000004e-01|-9.8163690000013e+00|+3.5178066882975e-02|+1.0366553977501e+01
+0000000000000000030|+0000000000000000001|+0000000000000000000|+5.3000000000004e-01|-9.9198810000014e+00|+3.4937261541347e-02|+1.0581576709999e+01
+0000000000000000030|+0000000000000000001|+0000000000000000000|+5.2000000000004e-01|-1.0037577546668e+01|+3.4543403467584e-02|+1.0398423299745e+01
+0000000000000000030|+0000000000000000001|+0000000000000000000|+5.1000000000004e-01|-1.0130773950001e+01|+3.4197995158161e-02|+1.0388944678974e+01
+0000000000000000030|+0000000000000000001|+0000000000000000000|+5.0000000000004e-01|-1.0233245000001e+01|+3.3793140940656e-02|+1.0207997079895e+01
+0000000000000000030|+0000000000000000001|+0000000000000000000|+4.9000000000004e-01|-1.0343632240002e+01|+3.3530291176873e-02|+1.0405248588215e+01
+0000000000000000030|+0000000000000000001|+0000000000000000000|+4.8000000000004e-01|-1.0447343466668e+01|+3.3224634375454e-02|+1.0516208999545e+01
+0000000000000000030|+0000000000000000001|+0000000000000000000|+4.7000000000004e-01|-1.0601293300002e+01|+3.2895568067409e-02|+1.0468510707901e+01
+0000000000000000030|+0000000000000000001|+0000000000000000000|+4.6000000000004e-01|-1.0657375300002e+01|+3.2543295455483e-02|+1.0572821771963e+01
+0000000000000000030|+0000000000000000001|+0000000000000000000|+4.5000000000004e-01|-1.0773070125002e+01|+3.2120211893904e-02|+1.0336626453478e+01
+0000000000000000030|+0000000000000000001|+0000000000000000000|+4.4000000000004e-01|-1.0850156000002e+01|+3.1697407511195e-02|+1.0186895989993e+01
+0000000000000000030|+0000000000000000001|+0000000000000000000|+4.3000000000004e-01|-1.0978061050002e+01|+3.1352998353402e-02|+1.0186889104794e+01
+0000000000000000030|+0000000000000000001|+0000000000000000000|+4.2000000000004e-01|-1.1084844600002e+01|+3.1036964392501e-02|+1.0353364863113e+01
+0000000000000000030|+0000000000000000001|+0000000000000000000|+4.1000000000004e-01|-1.1189743400002e+01|+3.0585635658369e-02|+1.0059969132387e+01
+0000000000000000030|+0000000000000000001|+0000000000000000000|+4.0000000000004e-01|-1.1279857920002e+01|+3.0184848460264e-02|+9.9899779538295e+00
+0000000000000000030|+0000000000000000001|+0000000000000000000|+3.9000000000004e-01|-1.1365255500002e+01|+2.9711467264353e-02|+9.6606209974899e+00
+0000000000000000030|+0000000000000000001|+0000000000000000000|+3.8000000000004e-01|-1.1474616000002e+01|+2.9307699510196e-02|+9.5443177600187e+00
+0000000000000000030|+0000000000000000001|+0000000000000000000|+3.7000000000004e-01|-1.1583895520002e+01|+2.8961368907934e-02|+9.6839210147840e+00
+0000000000000000030|+0000000000000000001|+0000000000000000000|+3.6000000000004e-01|-1.1682081600002e+01|+2.8478533006077e-02|+9.2894137263761e+00
+0000000000000000030|+0000000000000000001|+0000000000000000000|+3.5000000000004e-01|-1.1769715500002e+01|+2.7939680205384e-02|+8.6618469310982e+00
+0000000000000000030|+0000000000000000001|+0000000000000000000|+3.4000000000004e-01|-1.1860137200002e+01|+2.7614569693617e-02|+9.0176071035890e+00
+0000000000000000030|+0000000000000000001|+0000000000000000000|+3.3000000000004e-01|-1.1949828750002e+01|+2.7190469648051e-02|+8.9442937343822e+00
+0000000000000000030|+0000000000000000001|+0000000000000000000|+3.2000000000004e-01|-1.2017068800003e+01|+2.6796813850338e-02|+9.1260960943588e+00
+0000000000000000030|+0000000000000000001|+0000000000000000000|+3.1000000000004e-01|-1.2116176900003e+01|+2.6190052210222e-02|+8.0904015598863e+00
+0000000000000000030|+0000000000000000001|+0000000000000000000|+3.0000000000004e-01|-1.2191913000003e+01|+2.5772832477879e-02|+8.1572311159176e+00
+0000000000000000030|+0000000000000000001|+0000000000000000000|+2.9000000000004e-01|-1.2262383500003e+01|+2.5292076377913e-02|+7.9091601775552e+00
+0000000000000000030|+0000000000000000001|+0000000000000000000|+2.8000000000004e-01|-1.2355074400003e+01|+2.4799193895132e-02|+7.5250554395875e+00
+0000000000000000030|+0000000000000000001|+0000000000000000000|+2.7000000000004e-01|-1.2420114000003e+01|+2.4242323505096e-02|+6.8296847600403e+00
+0000000000000000030|+0000000000000000001|+0000000000000000000|+2.6000000000004e-01|-1.2487375200003e+01|+2.3675818547229e-02|+6.0379547696398e+00
+0000000000000000030|+0000000000000000001|+0000000000000000000|+2.5000000000004e-01|-1.2580467500003e+01|+2.3227050721804e-02|+5.9888397031280e+00
+0000000000000000030|+0000000000000000001|+0000000000000000000|+2.4000000000004e-01|-1.2619480800003e+01|+2.2801044892898e-02|+6.4180764310690e+00
+0000000000000000030|+0000000000000000001|+0000000000000000000|+2.3000000000004e-01|-1.2696523100004e+01|+2.2237270858591e-02|+5.6572276590974e+00
+0000000000000000030|+0000000000000000001|+0000000000000000000|+2.2000000000004e-01|-1.2748919900004e+01|+2.1703202727694e-02|+5.2697661029650e+00
+0000000000000000030|+0000000000000000001|+0000000000000000000|+2.1000000000004e-01|-1.2800648508004e+01|+2.1192194421969e-02|+5.1588605079173e+00
+0000000000000000030|+0000000000000000001|+0000000000000000000|+2.0000000000004e-01|-1.2872912000004e+01|+2.0595657846690e-02|+4.1701160063856e+00
+0000000000000000030|+0000000000000000001|+0000000000000000000|+1.9000000000004e-01|-1.2903121500004e+01|+2.0032044868312e-02|+3.7627104774931e+00
+0000000000000000030|+0000000000000000001|+0000000000000000000|+1.8000000000004e-01|-1.2941344827277e+01|+1.9538658391349e-02|+4.2520953473934e+00
+0000000000000000030|+0000000000000000001|+0000000000000000000|+1.7000000000004e-01|-1.2986950750005e+01|+1.9000589067078e-02|+4.3972733243218e+00
+0000000000000000030|+0000000000000000001|+0000000000000000000|+1.6000000000004e-01|-1.3025871360005e+01|+1.8377530776391e-02|+3.6273134036230e+00
+0000000000000000030|+0000000000000000001|+0000000000000000000|+1.5000000000004e-01|-1.3061484750006e+01|+1.7781800964652e-02|+3.4393578007906e+00
+0000000000000000030|+0000000000000000001|+0000000000000000000|+1.4000000000004e-01|-1.3092229000006e+01|+1.7144502163022e-02|+2.8639566439972e+00
+0000000000000000030|+0000000000000000001|+0000000000000000000|+1.3000000000004e-01|-1.3120846636007e+01|+1.6520656954715e-02|+2.8602406725352e+00
+0000000000000000030|+0000000000000000001|+0000000000000000000|+1.2000000000004e-01|-1.3152329400007e+01|+1.5849815325560e-02|+2.3358134649940e+00
+0000000000000000030|+0000000000000000001|+0000000000000000000|+1.1000000000004e-01|-1.3172862100008e+01|+1.5202411084060e-02|+3.0485192878682e+00
+0000000000000000030|+0000000000000000001|+0000000000000000000|+1.0000000000004e-01|-1.3195487333342e+01|+1.4447890886655e-02|+1.7658035840747e+00
+0000000000000000030|+0000000000000000001|+0000000000000000000|+9.0000000000041e-02|-1.3225416900009e+01|+1.3714667528970e-02|+1.9068445919399e+00
+0000000000000000030|+0000000000000000001|+0000000000000000000|+8.0000000000041e-02|-1.3243473333344e+01|+1.2943501610945e-02|+2.4526466598481e+00
+0000000000000000030|+0000000000000000001|+0000000000000000000|+7.0000000000041e-02|-1.3265336744457e+01|+1.2091099972818e-02|+1.6790242276238e+00
+0000000000000000030|+0000000000000000001|+0000000000000000000|+6.0000000000041e-02|-1.3281551563651e+01|+1.1198459054516e-02|+1.9545424032477e+00
+0000000000000000030|+0000000000000000001|+0000000000000000000|+5.0000000000041e-02|-1.3298746000017e+01|+1.0218298738621e-02|+1.6378309944499e+00
+0000000000000000030|+0000000000000000001|+0000000000000000000|+4.0000000000041e-02|-1.3310901040021e+01|+9.1303560229061e-03|+6.9662877956785e-01
+0000000000000000030|+0000000000000000001|+0000000000000000000|+3.0000000000041e-02|-1.3318071150028e+01|+7.9002026433253e-03|-5.2503294159180e-01
+0000000000000000030|+0000000000000000001|+0000000000000000000|+2.0000000000041e-02|-1.3321705120043e+01|+6.4505387249567e-03|-9.5303357456919e-01
+0000000000000000030|+0000000000000000001|+0000000000000000000|+1.0000000000041e-02|-1.3322401030520e+01|+4.5652411613953e-03|+1.6941688397528e+00
