#
# QHS - DATA
#
# ----------------------------------------
#
# Size                 = +0000000000000000024
# Model                = Open-1D
# Algorithm            = SSE
# Start-Temperature    = +0.0000000000000e+00
# End-Temperature      = +4.0000000000000e+00
# Temperature-Step     = +1.0000000000000e-02
#
# Size              | Model-Index        | Algorithm-Index    | Temperature        | AverageEnergy      | StdDvOfEnergy      | AverageCHeat       | StdDvOfCHeat      
# ------------------------------------------------------------------------------------------------------
+0000000000000000024|+0000000000000000000|+0000000000000000000|+4.0000000000000e+00|-1.1642000000000e+00|+0.0000000000000e+00|+3.0635489750000e-01|+0.0000000000000e+00
+0000000000000000024|+0000000000000000000|+0000000000000000000|+3.9900000000000e+00|-1.1346652000000e+00|+0.0000000000000e+00|+2.9251876960000e-01|+0.0000000000000e+00
+0000000000000000024|+0000000000000000000|+0000000000000000000|+3.9800000000000e+00|-1.1316190000000e+00|+0.0000000000000e+00|+3.0532609750000e-01|+0.0000000000000e+00
+0000000000000000024|+0000000000000000000|+0000000000000000000|+3.9700000000000e+00|-1.1575618000000e+00|+0.0000000000000e+00|+2.9180879640000e-01|+0.0000000000000e+00
+0000000000000000024|+0000000000000000000|+0000000000000000000|+3.9600000000000e+00|-1.1726740000000e+00|+0.0000000000000e+00|+2.9679157750000e-01|+0.0000000000000e+00
+0000000000000000024|+0000000000000000000|+0000000000000000000|+3.9500000000000e+00|-1.1235135000000e+00|+0.0000000000000e+00|+2.8996758310000e-01|+0.0000000000000e+00
+0000000000000000024|+0000000000000000000|+0000000000000000000|+3.9400000000000e+00|-1.1895614000000e+00|+0.0000000000000e+00|+3.0762708390000e-01|+0.0000000000000e+00
+0000000000000000024|+0000000000000000000|+0000000000000000000|+3.9300000000000e+00|-1.1912053000000e+00|+0.0000000000000e+00|+3.0752223590000e-01|+0.0000000000000e+00
+0000000000000000024|+0000000000000000000|+0000000000000000000|+3.9200000000000e+00|-1.1514344000000e+00|+0.0000000000000e+00|+2.8913327510000e-01|+0.0000000000000e+00
+0000000000000000024|+0000000000000000000|+0000000000000000000|+3.9100000000000e+00|-1.1547081000000e+00|+0.0000000000000e+00|+3.0854187190000e-01|+0.0000000000000e+00
+0000000000000000024|+0000000000000000000|+0000000000000000000|+3.9000000000000e+00|-1.1701990000000e+00|+0.0000000000000e+00|+3.0970915190000e-01|+0.0000000000000e+00
+0000000000000000024|+0000000000000000000|+0000000000000000000|+3.8900000000000e+00|-1.1577842000000e+00|+0.0000000000000e+00|+3.0836539160000e-01|+0.0000000000000e+00
+0000000000000000024|+0000000000000000000|+0000000000000000000|+3.8800000000000e+00|-1.1249720000000e+00|+0.0000000000000e+00|+2.9841039000000e-01|+0.0000000000000e+00
+0000000000000000024|+0000000000000000000|+0000000000000000000|+3.8700000000000e+00|-1.1870911000000e+00|+0.0000000000000e+00|+3.2011619910000e-01|+0.0000000000000e+00
+0000000000000000024|+0000000000000000000|+0000000000000000000|+3.8600000000000e+00|-1.2155244000000e+00|+0.0000000000000e+00|+3.1845538840000e-01|+0.0000000000000e+00
+0000000000000000024|+0000000000000000000|+0000000000000000000|+3.8500000000000e+00|-1.1956310000000e+00|+0.0000000000000e+00|+3.2712751640000e-01|+0.0000000000000e+00
+0000000000000000024|+0000000000000000000|+0000000000000000000|+3.8400000000000e+00|-1.1591968000000e+00|+0.0000000000000e+00|+3.0920746710000e-01|+0.0000000000000e+00
+0000000000000000024|+0000000000000000000|+0000000000000000000|+3.8300000000000e+00|-1.1764401000000e+00|+0.0000000000000e+00|+3.3137625910000e-01|+0.0000000000000e+00
+0000000000000000024|+0000000000000000000|+0000000000000000000|+3.8200000000000e+00|-1.1758892000000e+00|+0.0000000000000e+00|+3.3297343640000e-01|+0.0000000000000e+00
+0000000000000000024|+0000000000000000000|+0000000000000000000|+3.8100000000000e+00|-1.1930011000000e+00|+0.0000000000000e+00|+3.2512626390000e-01|+0.0000000000000e+00
+0000000000000000024|+0000000000000000000|+0000000000000000000|+3.8000000000000e+00|-1.1853420000000e+00|+0.0000000000000e+00|+3.1008649190000e-01|+0.0000000000000e+00
+0000000000000000024|+0000000000000000000|+0000000000000000000|+3.7900000000000e+00|-1.2308768000000e+00|+0.0000000000000e+00|+3.3753071360000e-01|+0.0000000000000e+00
+0000000000000000024|+0000000000000000000|+0000000000000000000|+3.7800000000000e+00|-1.2303748000000e+00|+0.0000000000000e+00|+3.1880684440000e-01|+0.0000000000000e+00
+0000000000000000024|+0000000000000000000|+0000000000000000000|+3.7700000000000e+00|-1.2298911000000e+00|+0.0000000000000e+00|+3.3466695510000e-01|+0.0000000000000e+00
+0000000000000000024|+0000000000000000000|+0000000000000000000|+3.7600000000000e+00|-1.2439008000000e+00|+0.0000000000000e+00|+3.2392239360000e-01|+0.0000000000000e+00
+0000000000000000024|+0000000000000000000|+0000000000000000000|+3.7500000000000e+00|-1.2347500000000e+00|+0.0000000000000e+00|+3.4548124000000e-01|+0.0000000000000e+00
+0000000000000000024|+0000000000000000000|+0000000000000000000|+3.7400000000000e+00|-1.1973118000000e+00|+0.0000000000000e+00|+3.2819369510000e-01|+0.0000000000000e+00
+0000000000000000024|+0000000000000000000|+0000000000000000000|+3.7300000000000e+00|-1.2364019000000e+00|+0.0000000000000e+00|+3.5403861910000e-01|+0.0000000000000e+00
+0000000000000000024|+0000000000000000000|+0000000000000000000|+3.7200000000000e+00|-1.1889532000000e+00|+0.0000000000000e+00|+3.2435860390000e-01|+0.0000000000000e+00
+0000000000000000024|+0000000000000000000|+0000000000000000000|+3.7100000000000e+00|-1.2284729000000e+00|+0.0000000000000e+00|+3.4983661990000e-01|+0.0000000000000e+00
+0000000000000000024|+0000000000000000000|+0000000000000000000|+3.7000000000000e+00|-1.2206520000000e+00|+0.0000000000000e+00|+3.4551471840000e-01|+0.0000000000000e+00
+0000000000000000024|+0000000000000000000|+0000000000000000000|+3.6900000000000e+00|-1.2228085000000e+00|+0.0000000000000e+00|+3.4392287750000e-01|+0.0000000000000e+00
+0000000000000000024|+0000000000000000000|+0000000000000000000|+3.6800000000000e+00|-1.2320640000000e+00|+0.0000000000000e+00|+3.6479271000000e-01|+0.0000000000000e+00
+0000000000000000024|+0000000000000000000|+0000000000000000000|+3.6700000000000e+00|-1.2459008000000e+00|+0.0000000000000e+00|+3.2510906240000e-01|+0.0000000000000e+00
+0000000000000000024|+0000000000000000000|+0000000000000000000|+3.6600000000000e+00|-1.2368668000000e+00|+0.0000000000000e+00|+3.4795535960000e-01|+0.0000000000000e+00
+0000000000000000024|+0000000000000000000|+0000000000000000000|+3.6500000000000e+00|-1.2555910000000e+00|+0.0000000000000e+00|+3.5665396440000e-01|+0.0000000000000e+00
+0000000000000000024|+0000000000000000000|+0000000000000000000|+3.6400000000000e+00|-1.2214008000000e+00|+0.0000000000000e+00|+3.5239235160000e-01|+0.0000000000000e+00
+0000000000000000024|+0000000000000000000|+0000000000000000000|+3.6300000000000e+00|-1.2483133000000e+00|+0.0000000000000e+00|+3.5914303190000e-01|+0.0000000000000e+00
+0000000000000000024|+0000000000000000000|+0000000000000000000|+3.6200000000000e+00|-1.2563290000000e+00|+0.0000000000000e+00|+3.6037329750000e-01|+0.0000000000000e+00
+0000000000000000024|+0000000000000000000|+0000000000000000000|+3.6100000000000e+00|-1.2637607000000e+00|+0.0000000000000e+00|+3.7999616310000e-01|+0.0000000000000e+00
+0000000000000000024|+0000000000000000000|+0000000000000000000|+3.6000000000000e+00|-1.2732400000000e+00|+0.0000000000000e+00|+3.6194919000000e-01|+0.0000000000000e+00
+0000000000000000024|+0000000000000000000|+0000000000000000000|+3.5900000000000e+00|-1.2499256000000e+00|+0.0000000000000e+00|+3.6454397440000e-01|+0.0000000000000e+00
+0000000000000000024|+0000000000000000000|+0000000000000000000|+3.5800000000000e+00|-1.2803324000000e+00|+0.0000000000000e+00|+3.7016811160000e-01|+0.0000000000000e+00
+0000000000000000024|+0000000000000000000|+0000000000000000000|+3.5700000000000e+00|-1.2520552000000e+00|+0.0000000000000e+00|+3.9916695040000e-01|+0.0000000000000e+00
+0000000000000000024|+0000000000000000000|+0000000000000000000|+3.5600000000000e+00|-1.3058844000000e+00|+0.0000000000000e+00|+3.9175563990000e-01|+0.0000000000000e+00
+0000000000000000024|+0000000000000000000|+0000000000000000000|+3.5500000000000e+00|-1.2848575000000e+00|+0.0000000000000e+00|+3.7046327750000e-01|+0.0000000000000e+00
+0000000000000000024|+0000000000000000000|+0000000000000000000|+3.5400000000000e+00|-1.2684394000000e+00|+0.0000000000000e+00|+3.6271758790000e-01|+0.0000000000000e+00
+0000000000000000024|+0000000000000000000|+0000000000000000000|+3.5300000000000e+00|-1.2772769000000e+00|+0.0000000000000e+00|+3.8127406710000e-01|+0.0000000000000e+00
+0000000000000000024|+0000000000000000000|+0000000000000000000|+3.5200000000000e+00|-1.2918656000000e+00|+0.0000000000000e+00|+3.8055971910000e-01|+0.0000000000000e+00
+0000000000000000024|+0000000000000000000|+0000000000000000000|+3.5100000000000e+00|-1.2857599000000e+00|+0.0000000000000e+00|+3.7433983990000e-01|+0.0000000000000e+00
+0000000000000000024|+0000000000000000000|+0000000000000000000|+3.5000000000000e+00|-1.3132450000000e+00|+0.0000000000000e+00|+3.9821347510000e-01|+0.0000000000000e+00
+0000000000000000024|+0000000000000000000|+0000000000000000000|+3.4900000000000e+00|-1.3743464000000e+00|+0.0000000000000e+00|+4.0554935040000e-01|+0.0000000000000e+00
+0000000000000000024|+0000000000000000000|+0000000000000000000|+3.4800000000000e+00|-1.3284940000000e+00|+0.0000000000000e+00|+4.1588059750000e-01|+0.0000000000000e+00
+0000000000000000024|+0000000000000000000|+0000000000000000000|+3.4700000000000e+00|-1.2953145000000e+00|+0.0000000000000e+00|+3.8311887750000e-01|+0.0000000000000e+00
+0000000000000000024|+0000000000000000000|+0000000000000000000|+3.4600000000000e+00|-1.3618224000000e+00|+0.0000000000000e+00|+4.0916640640000e-01|+0.0000000000000e+00
+0000000000000000024|+0000000000000000000|+0000000000000000000|+3.4500000000000e+00|-1.3407850000000e+00|+0.0000000000000e+00|+3.8988191000000e-01|+0.0000000000000e+00
+0000000000000000024|+0000000000000000000|+0000000000000000000|+3.4400000000000e+00|-1.3092928000000e+00|+0.0000000000000e+00|+3.9468350560000e-01|+0.0000000000000e+00
+0000000000000000024|+0000000000000000000|+0000000000000000000|+3.4300000000000e+00|-1.3510947000000e+00|+0.0000000000000e+00|+4.0765931590000e-01|+0.0000000000000e+00
+0000000000000000024|+0000000000000000000|+0000000000000000000|+3.4200000000000e+00|-1.3334698000000e+00|+0.0000000000000e+00|+4.0511198390000e-01|+0.0000000000000e+00
+0000000000000000024|+0000000000000000000|+0000000000000000000|+3.4100000000000e+00|-1.3310014000000e+00|+0.0000000000000e+00|+4.1298162840000e-01|+0.0000000000000e+00
+0000000000000000024|+0000000000000000000|+0000000000000000000|+3.4000000000000e+00|-1.3637180000000e+00|+0.0000000000000e+00|+4.1802624710000e-01|+0.0000000000000e+00
+0000000000000000024|+0000000000000000000|+0000000000000000000|+3.3900000000000e+00|-1.3607623000000e+00|+0.0000000000000e+00|+4.3400009510000e-01|+0.0000000000000e+00
+0000000000000000024|+0000000000000000000|+0000000000000000000|+3.3800000000000e+00|-1.4039052000000e+00|+0.0000000000000e+00|+4.2503842840000e-01|+0.0000000000000e+00
+0000000000000000024|+0000000000000000000|+0000000000000000000|+3.3700000000000e+00|-1.3537578000000e+00|+0.0000000000000e+00|+4.0658895640000e-01|+0.0000000000000e+00
+0000000000000000024|+0000000000000000000|+0000000000000000000|+3.3600000000000e+00|-1.3477312000000e+00|+0.0000000000000e+00|+4.3976174360000e-01|+0.0000000000000e+00
+0000000000000000024|+0000000000000000000|+0000000000000000000|+3.3500000000000e+00|-1.3868400000000e+00|+0.0000000000000e+00|+4.2753584000000e-01|+0.0000000000000e+00
+0000000000000000024|+0000000000000000000|+0000000000000000000|+3.3400000000000e+00|-1.4006728000000e+00|+0.0000000000000e+00|+4.3096155360000e-01|+0.0000000000000e+00
+0000000000000000024|+0000000000000000000|+0000000000000000000|+3.3300000000000e+00|-1.4223205000000e+00|+0.0000000000000e+00|+4.4247017750000e-01|+0.0000000000000e+00
+0000000000000000024|+0000000000000000000|+0000000000000000000|+3.3200000000000e+00|-1.3585848000000e+00|+0.0000000000000e+00|+4.3787950040000e-01|+0.0000000000000e+00
+0000000000000000024|+0000000000000000000|+0000000000000000000|+3.3100000000000e+00|-1.3596814000000e+00|+0.0000000000000e+00|+4.2619375640000e-01|+0.0000000000000e+00
+0000000000000000024|+0000000000000000000|+0000000000000000000|+3.3000000000000e+00|-1.3450660000000e+00|+0.0000000000000e+00|+4.3167399960000e-01|+0.0000000000000e+00
+0000000000000000024|+0000000000000000000|+0000000000000000000|+3.2900000000000e+00|-1.3789694000000e+00|+0.0000000000000e+00|+4.3735774040000e-01|+0.0000000000000e+00
+0000000000000000024|+0000000000000000000|+0000000000000000000|+3.2800000000000e+00|-1.4276568000000e+00|+0.0000000000000e+00|+4.4533934390000e-01|+0.0000000000000e+00
+0000000000000000024|+0000000000000000000|+0000000000000000000|+3.2700000000000e+00|-1.4311816000000e+00|+0.0000000000000e+00|+4.6855263360000e-01|+0.0000000000000e+00
+0000000000000000024|+0000000000000000000|+0000000000000000000|+3.2600000000000e+00|-1.3544854000000e+00|+0.0000000000000e+00|+4.3987509590000e-01|+0.0000000000000e+00
+0000000000000000024|+0000000000000000000|+0000000000000000000|+3.2500000000000e+00|-1.4087750000000e+00|+0.0000000000000e+00|+4.5087271000000e-01|+0.0000000000000e+00
+0000000000000000024|+0000000000000000000|+0000000000000000000|+3.2400000000000e+00|-1.4076460000000e+00|+0.0000000000000e+00|+4.5031627750000e-01|+0.0000000000000e+00
+0000000000000000024|+0000000000000000000|+0000000000000000000|+3.2300000000000e+00|-1.4147214000000e+00|+0.0000000000000e+00|+4.6619748760000e-01|+0.0000000000000e+00
+0000000000000000024|+0000000000000000000|+0000000000000000000|+3.2200000000000e+00|-1.3956308000000e+00|+0.0000000000000e+00|+4.7059766040000e-01|+0.0000000000000e+00
+0000000000000000024|+0000000000000000000|+0000000000000000000|+3.2100000000000e+00|-1.4311873000000e+00|+0.0000000000000e+00|+4.5758936310000e-01|+0.0000000000000e+00
+0000000000000000024|+0000000000000000000|+0000000000000000000|+3.2000000000000e+00|-1.4365600000000e+00|+0.0000000000000e+00|+4.7882236000000e-01|+0.0000000000000e+00
+0000000000000000024|+0000000000000000000|+0000000000000000000|+3.1900000000000e+00|-1.4443751000000e+00|+0.0000000000000e+00|+4.6572701590000e-01|+0.0000000000000e+00
+0000000000000000024|+0000000000000000000|+0000000000000000000|+3.1800000000000e+00|-1.4626852000000e+00|+0.0000000000000e+00|+4.6756094040000e-01|+0.0000000000000e+00
+0000000000000000024|+0000000000000000000|+0000000000000000000|+3.1700000000000e+00|-1.5043231000000e+00|+0.0000000000000e+00|+5.0746813510000e-01|+0.0000000000000e+00
+0000000000000000024|+0000000000000000000|+0000000000000000000|+3.1600000000000e+00|-1.4582128000000e+00|+0.0000000000000e+00|+4.8161403360000e-01|+0.0000000000000e+00
+0000000000000000024|+0000000000000000000|+0000000000000000000|+3.1500000000000e+00|-1.5148450000000e+00|+0.0000000000000e+00|+5.0080031000000e-01|+0.0000000000000e+00
+0000000000000000024|+0000000000000000000|+0000000000000000000|+3.1400000000000e+00|-1.4922844000000e+00|+0.0000000000000e+00|+4.7338226840000e-01|+0.0000000000000e+00
+0000000000000000024|+0000000000000000000|+0000000000000000000|+3.1300000000000e+00|-1.4569502000000e+00|+0.0000000000000e+00|+4.9548954840000e-01|+0.0000000000000e+00
+0000000000000000024|+0000000000000000000|+0000000000000000000|+3.1200000000000e+00|-1.4891176000000e+00|+0.0000000000000e+00|+4.9027274710000e-01|+0.0000000000000e+00
+0000000000000000024|+0000000000000000000|+0000000000000000000|+3.1100000000000e+00|-1.4777333000000e+00|+0.0000000000000e+00|+5.0410455910000e-01|+0.0000000000000e+00
+0000000000000000024|+0000000000000000000|+0000000000000000000|+3.1000000000000e+00|-1.4935840000000e+00|+0.0000000000000e+00|+5.0083351040000e-01|+0.0000000000000e+00
+0000000000000000024|+0000000000000000000|+0000000000000000000|+3.0900000000000e+00|-1.5004687000000e+00|+0.0000000000000e+00|+5.2744625510000e-01|+0.0000000000000e+00
+0000000000000000024|+0000000000000000000|+0000000000000000000|+3.0800000000000e+00|-1.5186152000000e+00|+0.0000000000000e+00|+4.8258319640000e-01|+0.0000000000000e+00
+0000000000000000024|+0000000000000000000|+0000000000000000000|+3.0700000000000e+00|-1.5085238000000e+00|+0.0000000000000e+00|+5.3255636440000e-01|+0.0000000000000e+00
+0000000000000000024|+0000000000000000000|+0000000000000000000|+3.0600000000000e+00|-1.5407254000000e+00|+0.0000000000000e+00|+4.8768489190000e-01|+0.0000000000000e+00
+0000000000000000024|+0000000000000000000|+0000000000000000000|+3.0500000000000e+00|-1.5558785000000e+00|+0.0000000000000e+00|+5.4368256310000e-01|+0.0000000000000e+00
+0000000000000000024|+0000000000000000000|+0000000000000000000|+3.0400000000000e+00|-1.5187312000000e+00|+0.0000000000000e+00|+5.1939553910000e-01|+0.0000000000000e+00
+0000000000000000024|+0000000000000000000|+0000000000000000000|+3.0300000000000e+00|-1.4964571000000e+00|+0.0000000000000e+00|+5.0477293510000e-01|+0.0000000000000e+00
+0000000000000000024|+0000000000000000000|+0000000000000000000|+3.0200000000000e+00|-1.5593966000000e+00|+0.0000000000000e+00|+5.3226269110000e-01|+0.0000000000000e+00
+0000000000000000024|+0000000000000000000|+0000000000000000000|+3.0100000000000e+00|-1.5690257000000e+00|+0.0000000000000e+00|+5.1650733510000e-01|+0.0000000000000e+00
+0000000000000000024|+0000000000000000000|+0000000000000000000|+3.0000000000000e+00|-1.4985700000000e+00|+0.0000000000000e+00|+5.5006588390000e-01|+0.0000000000000e+00
+0000000000000000024|+0000000000000000000|+0000000000000000000|+2.9900000000000e+00|-1.5427894000000e+00|+0.0000000000000e+00|+5.6254631640000e-01|+0.0000000000000e+00
+0000000000000000024|+0000000000000000000|+0000000000000000000|+2.9800000000000e+00|-1.6095570000000e+00|+0.0000000000000e+00|+5.6598887750000e-01|+0.0000000000000e+00
+0000000000000000024|+0000000000000000000|+0000000000000000000|+2.9700000000000e+00|-1.5499036000000e+00|+0.0000000000000e+00|+5.3656590560000e-01|+0.0000000000000e+00
+0000000000000000024|+0000000000000000000|+0000000000000000000|+2.9600000000000e+00|-1.5677120000000e+00|+0.0000000000000e+00|+5.4906716000000e-01|+0.0000000000000e+00
+0000000000000000024|+0000000000000000000|+0000000000000000000|+2.9500000000000e+00|-1.5533445000000e+00|+0.0000000000000e+00|+5.4303999590000e-01|+0.0000000000000e+00
+0000000000000000024|+0000000000000000000|+0000000000000000000|+2.9400000000000e+00|-1.5147988000000e+00|+0.0000000000000e+00|+5.4466015960000e-01|+0.0000000000000e+00
+0000000000000000024|+0000000000000000000|+0000000000000000000|+2.9300000000000e+00|-1.5888882000000e+00|+0.0000000000000e+00|+5.7753753240000e-01|+0.0000000000000e+00
+0000000000000000024|+0000000000000000000|+0000000000000000000|+2.9200000000000e+00|-1.5958440000000e+00|+0.0000000000000e+00|+5.5727351000000e-01|+0.0000000000000e+00
+0000000000000000024|+0000000000000000000|+0000000000000000000|+2.9100000000000e+00|-1.5923083000000e+00|+0.0000000000000e+00|+5.7595500310000e-01|+0.0000000000000e+00
+0000000000000000024|+0000000000000000000|+0000000000000000000|+2.9000000000000e+00|-1.5971210000000e+00|+0.0000000000000e+00|+5.6482841990000e-01|+0.0000000000000e+00
+0000000000000000024|+0000000000000000000|+0000000000000000000|+2.8900000000000e+00|-1.6092694000000e+00|+0.0000000000000e+00|+5.7156146840000e-01|+0.0000000000000e+00
+0000000000000000024|+0000000000000000000|+0000000000000000000|+2.8800000000000e+00|-1.6077376000000e+00|+0.0000000000000e+00|+5.8025024710000e-01|+0.0000000000000e+00
+0000000000000000024|+0000000000000000000|+0000000000000000000|+2.8700000000000e+00|-1.6047194000000e+00|+0.0000000000000e+00|+5.6519873560000e-01|+0.0000000000000e+00
+0000000000000000024|+0000000000000000000|+0000000000000000000|+2.8600000000000e+00|-1.6333760000000e+00|+0.0000000000000e+00|+6.1132144000000e-01|+0.0000000000000e+00
+0000000000000000024|+0000000000000000000|+0000000000000000000|+2.8500000000000e+00|-1.5836485000000e+00|+0.0000000000000e+00|+5.8293029590000e-01|+0.0000000000000e+00
+0000000000000000024|+0000000000000000000|+0000000000000000000|+2.8400000000000e+00|-1.6256220000000e+00|+0.0000000000000e+00|+6.0761129750000e-01|+0.0000000000000e+00
+0000000000000000024|+0000000000000000000|+0000000000000000000|+2.8300000000000e+00|-1.6284892000000e+00|+0.0000000000000e+00|+6.1313958240000e-01|+0.0000000000000e+00
+0000000000000000024|+0000000000000000000|+0000000000000000000|+2.8200000000000e+00|-1.6384846000000e+00|+0.0000000000000e+00|+6.2476279910000e-01|+0.0000000000000e+00
+0000000000000000024|+0000000000000000000|+0000000000000000000|+2.8100000000000e+00|-1.6562046000000e+00|+0.0000000000000e+00|+6.2311636440000e-01|+0.0000000000000e+00
+0000000000000000024|+0000000000000000000|+0000000000000000000|+2.8000000000000e+00|-1.6490560000000e+00|+0.0000000000000e+00|+6.1014804960000e-01|+0.0000000000000e+00
+0000000000000000024|+0000000000000000000|+0000000000000000000|+2.7900000000000e+00|-1.6364971000000e+00|+0.0000000000000e+00|+6.1037669990000e-01|+0.0000000000000e+00
+0000000000000000024|+0000000000000000000|+0000000000000000000|+2.7800000000000e+00|-1.7032356000000e+00|+0.0000000000000e+00|+6.1487175960000e-01|+0.0000000000000e+00
+0000000000000000024|+0000000000000000000|+0000000000000000000|+2.7700000000000e+00|-1.7065353000000e+00|+0.0000000000000e+00|+6.3350822790000e-01|+0.0000000000000e+00
+0000000000000000024|+0000000000000000000|+0000000000000000000|+2.7600000000000e+00|-1.7238316000000e+00|+0.0000000000000e+00|+6.2606343190000e-01|+0.0000000000000e+00
+0000000000000000024|+0000000000000000000|+0000000000000000000|+2.7500000000000e+00|-1.6730750000000e+00|+0.0000000000000e+00|+6.2935951000000e-01|+0.0000000000000e+00
+0000000000000000024|+0000000000000000000|+0000000000000000000|+2.7400000000000e+00|-1.7223910000000e+00|+0.0000000000000e+00|+6.7087287750000e-01|+0.0000000000000e+00
+0000000000000000024|+0000000000000000000|+0000000000000000000|+2.7300000000000e+00|-1.7095066000000e+00|+0.0000000000000e+00|+6.4930094360000e-01|+0.0000000000000e+00
+0000000000000000024|+0000000000000000000|+0000000000000000000|+2.7200000000000e+00|-1.7336448000000e+00|+0.0000000000000e+00|+6.7624820440000e-01|+0.0000000000000e+00
+0000000000000000024|+0000000000000000000|+0000000000000000000|+2.7100000000000e+00|-1.7138278000000e+00|+0.0000000000000e+00|+6.7195252760000e-01|+0.0000000000000e+00
+0000000000000000024|+0000000000000000000|+0000000000000000000|+2.7000000000000e+00|-1.6739740000000e+00|+0.0000000000000e+00|+6.3212985560000e-01|+0.0000000000000e+00
+0000000000000000024|+0000000000000000000|+0000000000000000000|+2.6900000000000e+00|-1.7242457000000e+00|+0.0000000000000e+00|+6.9245103910000e-01|+0.0000000000000e+00
+0000000000000000024|+0000000000000000000|+0000000000000000000|+2.6800000000000e+00|-1.6778076000000e+00|+0.0000000000000e+00|+6.6117973510000e-01|+0.0000000000000e+00
+0000000000000000024|+0000000000000000000|+0000000000000000000|+2.6700000000000e+00|-1.7138248000000e+00|+0.0000000000000e+00|+7.1127520640000e-01|+0.0000000000000e+00
+0000000000000000024|+0000000000000000000|+0000000000000000000|+2.6600000000000e+00|-1.7609888000000e+00|+0.0000000000000e+00|+6.6925125760000e-01|+0.0000000000000e+00
+0000000000000000024|+0000000000000000000|+0000000000000000000|+2.6500000000000e+00|-1.7805845000000e+00|+0.0000000000000e+00|+7.1841060710000e-01|+0.0000000000000e+00
+0000000000000000024|+0000000000000000000|+0000000000000000000|+2.6400000000000e+00|-1.7651032000000e+00|+0.0000000000000e+00|+7.1809764310000e-01|+0.0000000000000e+00
+0000000000000000024|+0000000000000000000|+0000000000000000000|+2.6300000000000e+00|-1.7851604000000e+00|+0.0000000000000e+00|+6.8439659360000e-01|+0.0000000000000e+00
+0000000000000000024|+0000000000000000000|+0000000000000000000|+2.6200000000000e+00|-1.7569288000000e+00|+0.0000000000000e+00|+7.1947974240000e-01|+0.0000000000000e+00
+0000000000000000024|+0000000000000000000|+0000000000000000000|+2.6100000000000e+00|-1.7945965000000e+00|+0.0000000000000e+00|+7.0574257750000e-01|+0.0000000000000e+00
+0000000000000000024|+0000000000000000000|+0000000000000000000|+2.6000000000000e+00|-1.8394000000000e+00|+0.0000000000000e+00|+7.3741900000000e-01|+0.0000000000000e+00
+0000000000000000024|+0000000000000000000|+0000000000000000000|+2.5900000000000e+00|-1.8112460000000e+00|+0.0000000000000e+00|+7.5024364000000e-01|+0.0000000000000e+00
+0000000000000000024|+0000000000000000000|+0000000000000000000|+2.5800000000000e+00|-1.8329038000000e+00|+0.0000000000000e+00|+7.2847240790000e-01|+0.0000000000000e+00
+0000000000000000024|+0000000000000000000|+0000000000000000000|+2.5700000000000e+00|-1.7385431000000e+00|+0.0000000000000e+00|+6.9581473110000e-01|+0.0000000000000e+00
+0000000000000000024|+0000000000000000000|+0000000000000000000|+2.5600000000000e+00|-1.7601696000000e+00|+0.0000000000000e+00|+7.2115900440000e-01|+0.0000000000000e+00
+0000000000000000024|+0000000000000000000|+0000000000000000000|+2.5500000000000e+00|-1.8114385000000e+00|+0.0000000000000e+00|+7.5399382710000e-01|+0.0000000000000e+00
+0000000000000000024|+0000000000000000000|+0000000000000000000|+2.5400000000000e+00|-1.8081256000000e+00|+0.0000000000000e+00|+7.5390659040000e-01|+0.0000000000000e+00
+0000000000000000024|+0000000000000000000|+0000000000000000000|+2.5300000000000e+00|-1.8358761000000e+00|+0.0000000000000e+00|+7.8581734310000e-01|+0.0000000000000e+00
+0000000000000000024|+0000000000000000000|+0000000000000000000|+2.5200000000000e+00|-1.8068500000000e+00|+0.0000000000000e+00|+7.3235843750000e-01|+0.0000000000000e+00
+0000000000000000024|+0000000000000000000|+0000000000000000000|+2.5100000000000e+00|-1.8712134000000e+00|+0.0000000000000e+00|+7.9403940440000e-01|+0.0000000000000e+00
+0000000000000000024|+0000000000000000000|+0000000000000000000|+2.5000000000000e+00|-1.9085750000000e+00|+0.0000000000000e+00|+8.1009663510000e-01|+0.0000000000000e+00
+0000000000000000024|+0000000000000000000|+0000000000000000000|+2.4900000000000e+00|-1.8453715000000e+00|+0.0000000000000e+00|+8.0362487750000e-01|+0.0000000000000e+00
+0000000000000000024|+0000000000000000000|+0000000000000000000|+2.4800000000000e+00|-1.8625336000000e+00|+0.0000000000000e+00|+7.8312001510000e-01|+0.0000000000000e+00
+0000000000000000024|+0000000000000000000|+0000000000000000000|+2.4700000000000e+00|-1.8713332000000e+00|+0.0000000000000e+00|+8.0711948640000e-01|+0.0000000000000e+00
+0000000000000000024|+0000000000000000000|+0000000000000000000|+2.4600000000000e+00|-1.9174756000000e+00|+0.0000000000000e+00|+8.1372374040000e-01|+0.0000000000000e+00
+0000000000000000024|+0000000000000000000|+0000000000000000000|+2.4500000000000e+00|-1.9042165000000e+00|+0.0000000000000e+00|+8.1910181110000e-01|+0.0000000000000e+00
+0000000000000000024|+0000000000000000000|+0000000000000000000|+2.4400000000000e+00|-1.9232876000000e+00|+0.0000000000000e+00|+8.4649585590000e-01|+0.0000000000000e+00
+0000000000000000024|+0000000000000000000|+0000000000000000000|+2.4300000000000e+00|-1.9378882000000e+00|+0.0000000000000e+00|+8.6710921240000e-01|+0.0000000000000e+00
+0000000000000000024|+0000000000000000000|+0000000000000000000|+2.4200000000000e+00|-1.9104858000000e+00|+0.0000000000000e+00|+8.0189305990000e-01|+0.0000000000000e+00
+0000000000000000024|+0000000000000000000|+0000000000000000000|+2.4100000000000e+00|-1.9338994000000e+00|+0.0000000000000e+00|+8.4548804440000e-01|+0.0000000000000e+00
+0000000000000000024|+0000000000000000000|+0000000000000000000|+2.4000000000000e+00|-1.9008640000000e+00|+0.0000000000000e+00|+8.5744862040000e-01|+0.0000000000000e+00
+0000000000000000024|+0000000000000000000|+0000000000000000000|+2.3900000000000e+00|-1.9626973000000e+00|+0.0000000000000e+00|+8.5375921510000e-01|+0.0000000000000e+00
+0000000000000000024|+0000000000000000000|+0000000000000000000|+2.3800000000000e+00|-1.9613666000000e+00|+0.0000000000000e+00|+8.5186639510000e-01|+0.0000000000000e+00
+0000000000000000024|+0000000000000000000|+0000000000000000000|+2.3700000000000e+00|-1.9487554000000e+00|+0.0000000000000e+00|+8.6782750360000e-01|+0.0000000000000e+00
+0000000000000000024|+0000000000000000000|+0000000000000000000|+2.3600000000000e+00|-1.9857024000000e+00|+0.0000000000000e+00|+8.6610493440000e-01|+0.0000000000000e+00
+0000000000000000024|+0000000000000000000|+0000000000000000000|+2.3500000000000e+00|-2.0326830000000e+00|+0.0000000000000e+00|+8.9547323160000e-01|+0.0000000000000e+00
+0000000000000000024|+0000000000000000000|+0000000000000000000|+2.3400000000000e+00|-1.9678816000000e+00|+0.0000000000000e+00|+9.1205290240000e-01|+0.0000000000000e+00
+0000000000000000024|+0000000000000000000|+0000000000000000000|+2.3300000000000e+00|-2.0371163000000e+00|+0.0000000000000e+00|+9.1474074790000e-01|+0.0000000000000e+00
+0000000000000000024|+0000000000000000000|+0000000000000000000|+2.3200000000000e+00|-2.0004472000000e+00|+0.0000000000000e+00|+9.3279669590000e-01|+0.0000000000000e+00
+0000000000000000024|+0000000000000000000|+0000000000000000000|+2.3100000000000e+00|-2.0437783000000e+00|+0.0000000000000e+00|+8.8443635510000e-01|+0.0000000000000e+00
+0000000000000000024|+0000000000000000000|+0000000000000000000|+2.3000000000000e+00|-2.0410660000000e+00|+0.0000000000000e+00|+9.4482574360000e-01|+0.0000000000000e+00
+0000000000000000024|+0000000000000000000|+0000000000000000000|+2.2900000000000e+00|-2.0041690000000e+00|+0.0000000000000e+00|+8.9566679000000e-01|+0.0000000000000e+00
+0000000000000000024|+0000000000000000000|+0000000000000000000|+2.2800000000000e+00|-2.0878192000000e+00|+0.0000000000000e+00|+9.8579123040000e-01|+0.0000000000000e+00
+0000000000000000024|+0000000000000000000|+0000000000000000000|+2.2700000000000e+00|-2.0813184000000e+00|+0.0000000000000e+00|+9.4453199360000e-01|+0.0000000000000e+00
+0000000000000000024|+0000000000000000000|+0000000000000000000|+2.2600000000000e+00|-2.0945730000000e+00|+0.0000000000000e+00|+9.9397189750000e-01|+0.0000000000000e+00
+0000000000000000024|+0000000000000000000|+0000000000000000000|+2.2500000000000e+00|-2.0896300000000e+00|+0.0000000000000e+00|+9.7129288160000e-01|+0.0000000000000e+00
+0000000000000000024|+0000000000000000000|+0000000000000000000|+2.2400000000000e+00|-2.1134528000000e+00|+0.0000000000000e+00|+9.7548037910000e-01|+0.0000000000000e+00
+0000000000000000024|+0000000000000000000|+0000000000000000000|+2.2300000000000e+00|-2.0747355000000e+00|+0.0000000000000e+00|+1.0196316775000e+00|+0.0000000000000e+00
+0000000000000000024|+0000000000000000000|+0000000000000000000|+2.2200000000000e+00|-2.1174802000000e+00|+0.0000000000000e+00|+9.7982191190000e-01|+0.0000000000000e+00
+0000000000000000024|+0000000000000000000|+0000000000000000000|+2.2100000000000e+00|-2.1084727000000e+00|+0.0000000000000e+00|+1.0048085431000e+00|+0.0000000000000e+00
+0000000000000000024|+0000000000000000000|+0000000000000000000|+2.2000000000000e+00|-2.1185640000000e+00|+0.0000000000000e+00|+1.0237893756000e+00|+0.0000000000000e+00
+0000000000000000024|+0000000000000000000|+0000000000000000000|+2.1900000000000e+00|-2.1309778000000e+00|+0.0000000000000e+00|+1.0283940956000e+00|+0.0000000000000e+00
+0000000000000000024|+0000000000000000000|+0000000000000000000|+2.1800000000000e+00|-2.1676510000000e+00|+0.0000000000000e+00|+1.0371191975000e+00|+0.0000000000000e+00
+0000000000000000024|+0000000000000000000|+0000000000000000000|+2.1700000000000e+00|-2.1726700000000e+00|+0.0000000000000e+00|+1.0478390000000e+00|+0.0000000000000e+00
+0000000000000000024|+0000000000000000000|+0000000000000000000|+2.1600000000000e+00|-2.1635272000000e+00|+0.0000000000000e+00|+1.0610821311000e+00|+0.0000000000000e+00
+0000000000000000024|+0000000000000000000|+0000000000000000000|+2.1500000000000e+00|-2.1808340000000e+00|+0.0000000000000e+00|+1.0824696624000e+00|+0.0000000000000e+00
+0000000000000000024|+0000000000000000000|+0000000000000000000|+2.1400000000000e+00|-2.1984308000000e+00|+0.0000000000000e+00|+1.1146297916000e+00|+0.0000000000000e+00
+0000000000000000024|+0000000000000000000|+0000000000000000000|+2.1300000000000e+00|-2.2168177000000e+00|+0.0000000000000e+00|+1.0584307159000e+00|+0.0000000000000e+00
+0000000000000000024|+0000000000000000000|+0000000000000000000|+2.1200000000000e+00|-2.2061056000000e+00|+0.0000000000000e+00|+1.0692117056000e+00|+0.0000000000000e+00
+0000000000000000024|+0000000000000000000|+0000000000000000000|+2.1100000000000e+00|-2.1965554000000e+00|+0.0000000000000e+00|+1.1118695004000e+00|+0.0000000000000e+00
+0000000000000000024|+0000000000000000000|+0000000000000000000|+2.1000000000000e+00|-2.2250230000000e+00|+0.0000000000000e+00|+1.1171063831000e+00|+0.0000000000000e+00
+0000000000000000024|+0000000000000000000|+0000000000000000000|+2.0900000000000e+00|-2.2629555000000e+00|+0.0000000000000e+00|+1.1396073975000e+00|+0.0000000000000e+00
+0000000000000000024|+0000000000000000000|+0000000000000000000|+2.0800000000000e+00|-2.2642192000000e+00|+0.0000000000000e+00|+1.1827280599000e+00|+0.0000000000000e+00
+0000000000000000024|+0000000000000000000|+0000000000000000000|+2.0700000000000e+00|-2.2536343000000e+00|+0.0000000000000e+00|+1.1520350799000e+00|+0.0000000000000e+00
+0000000000000000024|+0000000000000000000|+0000000000000000000|+2.0600000000000e+00|-2.2852360000000e+00|+0.0000000000000e+00|+1.1483596400000e+00|+0.0000000000000e+00
+0000000000000000024|+0000000000000000000|+0000000000000000000|+2.0500000000000e+00|-2.2688210000000e+00|+0.0000000000000e+00|+1.1492689756000e+00|+0.0000000000000e+00
+0000000000000000024|+0000000000000000000|+0000000000000000000|+2.0400000000000e+00|-2.2829692000000e+00|+0.0000000000000e+00|+1.2067424471000e+00|+0.0000000000000e+00
+0000000000000000024|+0000000000000000000|+0000000000000000000|+2.0300000000000e+00|-2.3055069000000e+00|+0.0000000000000e+00|+1.2194306671000e+00|+0.0000000000000e+00
+0000000000000000024|+0000000000000000000|+0000000000000000000|+2.0200000000000e+00|-2.3213746000000e+00|+0.0000000000000e+00|+1.2149017671000e+00|+0.0000000000000e+00
+0000000000000000024|+0000000000000000000|+0000000000000000000|+2.0100000000000e+00|-2.3713246000000e+00|+0.0000000000000e+00|+1.2163429884000e+00|+0.0000000000000e+00
+0000000000000000024|+0000000000000000000|+0000000000000000000|+2.0000000000000e+00|-2.4195800000000e+00|+0.0000000000000e+00|+1.2427906559000e+00|+0.0000000000000e+00
+0000000000000000024|+0000000000000000000|+0000000000000000000|+1.9900000000000e+00|-2.3553297000000e+00|+0.0000000000000e+00|+1.2701066191000e+00|+0.0000000000000e+00
+0000000000000000024|+0000000000000000000|+0000000000000000000|+1.9800000000000e+00|-2.4016006000000e+00|+0.0000000000000e+00|+1.2465580191000e+00|+0.0000000000000e+00
+0000000000000000024|+0000000000000000000|+0000000000000000000|+1.9700000000000e+00|-2.4087944000000e+00|+0.0000000000000e+00|+1.2857320896000e+00|+0.0000000000000e+00
+0000000000000000024|+0000000000000000000|+0000000000000000000|+1.9600000000000e+00|-2.3901348000000e+00|+0.0000000000000e+00|+1.2772312031000e+00|+0.0000000000000e+00
+0000000000000000024|+0000000000000000000|+0000000000000000000|+1.9500000000000e+00|-2.4284950000000e+00|+0.0000000000000e+00|+1.2836251900000e+00|+0.0000000000000e+00
+0000000000000000024|+0000000000000000000|+0000000000000000000|+1.9400000000000e+00|-2.4594786000000e+00|+0.0000000000000e+00|+1.2587997439000e+00|+0.0000000000000e+00
+0000000000000000024|+0000000000000000000|+0000000000000000000|+1.9300000000000e+00|-2.4204620000000e+00|+0.0000000000000e+00|+1.2643844400000e+00|+0.0000000000000e+00
+0000000000000000024|+0000000000000000000|+0000000000000000000|+1.9200000000000e+00|-2.4415072000000e+00|+0.0000000000000e+00|+1.3513857119000e+00|+0.0000000000000e+00
+0000000000000000024|+0000000000000000000|+0000000000000000000|+1.9100000000000e+00|-2.4795215000000e+00|+0.0000000000000e+00|+1.3593351775000e+00|+0.0000000000000e+00
+0000000000000000024|+0000000000000000000|+0000000000000000000|+1.9000000000000e+00|-2.4928650000000e+00|+0.0000000000000e+00|+1.3611392775000e+00|+0.0000000000000e+00
+0000000000000000024|+0000000000000000000|+0000000000000000000|+1.8900000000000e+00|-2.5145731000000e+00|+0.0000000000000e+00|+1.4080276159000e+00|+0.0000000000000e+00
+0000000000000000024|+0000000000000000000|+0000000000000000000|+1.8800000000000e+00|-2.5109456000000e+00|+0.0000000000000e+00|+1.4016494256000e+00|+0.0000000000000e+00
+0000000000000000024|+0000000000000000000|+0000000000000000000|+1.8700000000000e+00|-2.5498641000000e+00|+0.0000000000000e+00|+1.4783591351000e+00|+0.0000000000000e+00
+0000000000000000024|+0000000000000000000|+0000000000000000000|+1.8600000000000e+00|-2.5094230000000e+00|+0.0000000000000e+00|+1.3926156975000e+00|+0.0000000000000e+00
+0000000000000000024|+0000000000000000000|+0000000000000000000|+1.8500000000000e+00|-2.4861075000000e+00|+0.0000000000000e+00|+1.3994411975000e+00|+0.0000000000000e+00
+0000000000000000024|+0000000000000000000|+0000000000000000000|+1.8400000000000e+00|-2.5382984000000e+00|+0.0000000000000e+00|+1.4708696599000e+00|+0.0000000000000e+00
+0000000000000000024|+0000000000000000000|+0000000000000000000|+1.8300000000000e+00|-2.5820815000000e+00|+0.0000000000000e+00|+1.4523356975000e+00|+0.0000000000000e+00
+0000000000000000024|+0000000000000000000|+0000000000000000000|+1.8200000000000e+00|-2.5853998000000e+00|+0.0000000000000e+00|+1.5019875879000e+00|+0.0000000000000e+00
+0000000000000000024|+0000000000000000000|+0000000000000000000|+1.8100000000000e+00|-2.5749140000000e+00|+0.0000000000000e+00|+1.4709396400000e+00|+0.0000000000000e+00
+0000000000000000024|+0000000000000000000|+0000000000000000000|+1.8000000000000e+00|-2.6215300000000e+00|+0.0000000000000e+00|+1.5190142775000e+00|+0.0000000000000e+00
+0000000000000000024|+0000000000000000000|+0000000000000000000|+1.7900000000000e+00|-2.6416990000000e+00|+0.0000000000000e+00|+1.4623983900000e+00|+0.0000000000000e+00
+0000000000000000024|+0000000000000000000|+0000000000000000000|+1.7800000000000e+00|-2.6488944000000e+00|+0.0000000000000e+00|+1.5534064896000e+00|+0.0000000000000e+00
+0000000000000000024|+0000000000000000000|+0000000000000000000|+1.7700000000000e+00|-2.6711290000000e+00|+0.0000000000000e+00|+1.5628707100000e+00|+0.0000000000000e+00
+0000000000000000024|+0000000000000000000|+0000000000000000000|+1.7600000000000e+00|-2.7118160000000e+00|+0.0000000000000e+00|+1.5767183775000e+00|+0.0000000000000e+00
+0000000000000000024|+0000000000000000000|+0000000000000000000|+1.7500000000000e+00|-2.6793475000000e+00|+0.0000000000000e+00|+1.5957467671000e+00|+0.0000000000000e+00
+0000000000000000024|+0000000000000000000|+0000000000000000000|+1.7400000000000e+00|-2.7113242000000e+00|+0.0000000000000e+00|+1.6548043911000e+00|+0.0000000000000e+00
+0000000000000000024|+0000000000000000000|+0000000000000000000|+1.7300000000000e+00|-2.7738657000000e+00|+0.0000000000000e+00|+1.6510641319000e+00|+0.0000000000000e+00
+0000000000000000024|+0000000000000000000|+0000000000000000000|+1.7200000000000e+00|-2.8025796000000e+00|+0.0000000000000e+00|+1.6963198951000e+00|+0.0000000000000e+00
+0000000000000000024|+0000000000000000000|+0000000000000000000|+1.7100000000000e+00|-2.7790183000000e+00|+0.0000000000000e+00|+1.6405694471000e+00|+0.0000000000000e+00
+0000000000000000024|+0000000000000000000|+0000000000000000000|+1.7000000000000e+00|-2.7896610000000e+00|+0.0000000000000e+00|+1.7241757111000e+00|+0.0000000000000e+00
+0000000000000000024|+0000000000000000000|+0000000000000000000|+1.6900000000000e+00|-2.7982904000000e+00|+0.0000000000000e+00|+1.7107774144000e+00|+0.0000000000000e+00
+0000000000000000024|+0000000000000000000|+0000000000000000000|+1.6800000000000e+00|-2.8290880000000e+00|+0.0000000000000e+00|+1.7289764400000e+00|+0.0000000000000e+00
+0000000000000000024|+0000000000000000000|+0000000000000000000|+1.6700000000000e+00|-2.8685861000000e+00|+0.0000000000000e+00|+1.7722737111000e+00|+0.0000000000000e+00
+0000000000000000024|+0000000000000000000|+0000000000000000000|+1.6600000000000e+00|-2.8616650000000e+00|+0.0000000000000e+00|+1.7505499375000e+00|+0.0000000000000e+00
+0000000000000000024|+0000000000000000000|+0000000000000000000|+1.6500000000000e+00|-2.8977325000000e+00|+0.0000000000000e+00|+1.8048948975000e+00|+0.0000000000000e+00
+0000000000000000024|+0000000000000000000|+0000000000000000000|+1.6400000000000e+00|-2.8932756000000e+00|+0.0000000000000e+00|+1.8009033159000e+00|+0.0000000000000e+00
+0000000000000000024|+0000000000000000000|+0000000000000000000|+1.6300000000000e+00|-2.9175576000000e+00|+0.0000000000000e+00|+1.8037210496000e+00|+0.0000000000000e+00
+0000000000000000024|+0000000000000000000|+0000000000000000000|+1.6200000000000e+00|-2.9236744000000e+00|+0.0000000000000e+00|+1.8386590256000e+00|+0.0000000000000e+00
+0000000000000000024|+0000000000000000000|+0000000000000000000|+1.6100000000000e+00|-2.9597941000000e+00|+0.0000000000000e+00|+1.8933157639000e+00|+0.0000000000000e+00
+0000000000000000024|+0000000000000000000|+0000000000000000000|+1.6000000000000e+00|-2.9572160000000e+00|+0.0000000000000e+00|+1.9460871599000e+00|+0.0000000000000e+00
+0000000000000000024|+0000000000000000000|+0000000000000000000|+1.5900000000000e+00|-2.9419894000000e+00|+0.0000000000000e+00|+1.9215684444000e+00|+0.0000000000000e+00
+0000000000000000024|+0000000000000000000|+0000000000000000000|+1.5800000000000e+00|-2.9893118000000e+00|+0.0000000000000e+00|+1.9110559359000e+00|+0.0000000000000e+00
+0000000000000000024|+0000000000000000000|+0000000000000000000|+1.5700000000000e+00|-3.0569778000000e+00|+0.0000000000000e+00|+1.9398809884000e+00|+0.0000000000000e+00
+0000000000000000024|+0000000000000000000|+0000000000000000000|+1.5600000000000e+00|-3.0277300000000e+00|+0.0000000000000e+00|+2.0572244375000e+00|+0.0000000000000e+00
+0000000000000000024|+0000000000000000000|+0000000000000000000|+1.5500000000000e+00|-3.0745685000000e+00|+0.0000000000000e+00|+2.0525967071000e+00|+0.0000000000000e+00
+0000000000000000024|+0000000000000000000|+0000000000000000000|+1.5400000000000e+00|-3.0944510000000e+00|+0.0000000000000e+00|+2.0594080775000e+00|+0.0000000000000e+00
+0000000000000000024|+0000000000000000000|+0000000000000000000|+1.5300000000000e+00|-3.1447315000000e+00|+0.0000000000000e+00|+1.9942163975000e+00|+0.0000000000000e+00
+0000000000000000024|+0000000000000000000|+0000000000000000000|+1.5200000000000e+00|-3.1245352000000e+00|+0.0000000000000e+00|+2.1322009799000e+00|+0.0000000000000e+00
+0000000000000000024|+0000000000000000000|+0000000000000000000|+1.5100000000000e+00|-3.1551646000000e+00|+0.0000000000000e+00|+2.1525455484000e+00|+0.0000000000000e+00
+0000000000000000024|+0000000000000000000|+0000000000000000000|+1.5000000000000e+00|-3.1630750000000e+00|+0.0000000000000e+00|+2.1623617975000e+00|+0.0000000000000e+00
+0000000000000000024|+0000000000000000000|+0000000000000000000|+1.4900000000000e+00|-3.1874819000000e+00|+0.0000000000000e+00|+2.1631371439000e+00|+0.0000000000000e+00
+0000000000000000024|+0000000000000000000|+0000000000000000000|+1.4800000000000e+00|-3.2557704000000e+00|+0.0000000000000e+00|+2.2434383996000e+00|+0.0000000000000e+00
+0000000000000000024|+0000000000000000000|+0000000000000000000|+1.4700000000000e+00|-3.2542645000000e+00|+0.0000000000000e+00|+2.3022673775000e+00|+0.0000000000000e+00
+0000000000000000024|+0000000000000000000|+0000000000000000000|+1.4600000000000e+00|-3.2569736000000e+00|+0.0000000000000e+00|+2.2556048944000e+00|+0.0000000000000e+00
+0000000000000000024|+0000000000000000000|+0000000000000000000|+1.4500000000000e+00|-3.2652735000000e+00|+0.0000000000000e+00|+2.2564841951000e+00|+0.0000000000000e+00
+0000000000000000024|+0000000000000000000|+0000000000000000000|+1.4400000000000e+00|-3.3414688000000e+00|+0.0000000000000e+00|+2.3121652096000e+00|+0.0000000000000e+00
+0000000000000000024|+0000000000000000000|+0000000000000000000|+1.4300000000000e+00|-3.3025864000000e+00|+0.0000000000000e+00|+2.3297029696000e+00|+0.0000000000000e+00
+0000000000000000024|+0000000000000000000|+0000000000000000000|+1.4200000000000e+00|-3.3593710000000e+00|+0.0000000000000e+00|+2.4804734975000e+00|+0.0000000000000e+00
+0000000000000000024|+0000000000000000000|+0000000000000000000|+1.4100000000000e+00|-3.3711772000000e+00|+0.0000000000000e+00|+2.4781940336000e+00|+0.0000000000000e+00
+0000000000000000024|+0000000000000000000|+0000000000000000000|+1.4000000000000e+00|-3.4061260000000e+00|+0.0000000000000e+00|+2.5026427919000e+00|+0.0000000000000e+00
+0000000000000000024|+0000000000000000000|+0000000000000000000|+1.3900000000000e+00|-3.4607099000000e+00|+0.0000000000000e+00|+2.5196705119000e+00|+0.0000000000000e+00
+0000000000000000024|+0000000000000000000|+0000000000000000000|+1.3800000000000e+00|-3.4715050000000e+00|+0.0000000000000e+00|+2.4975549375000e+00|+0.0000000000000e+00
+0000000000000000024|+0000000000000000000|+0000000000000000000|+1.3700000000000e+00|-3.4670038000000e+00|+0.0000000000000e+00|+2.5795944924000e+00|+0.0000000000000e+00
+0000000000000000024|+0000000000000000000|+0000000000000000000|+1.3600000000000e+00|-3.4422400000000e+00|+0.0000000000000e+00|+2.4952390000000e+00|+0.0000000000000e+00
+0000000000000000024|+0000000000000000000|+0000000000000000000|+1.3500000000000e+00|-3.5039935000000e+00|+0.0000000000000e+00|+2.7607198639000e+00|+0.0000000000000e+00
+0000000000000000024|+0000000000000000000|+0000000000000000000|+1.3400000000000e+00|-3.5150950000000e+00|+0.0000000000000e+00|+2.6275869375000e+00|+0.0000000000000e+00
+0000000000000000024|+0000000000000000000|+0000000000000000000|+1.3300000000000e+00|-3.5828760000000e+00|+0.0000000000000e+00|+2.7137641600000e+00|+0.0000000000000e+00
+0000000000000000024|+0000000000000000000|+0000000000000000000|+1.3200000000000e+00|-3.6413644000000e+00|+0.0000000000000e+00|+2.7419107911000e+00|+0.0000000000000e+00
+0000000000000000024|+0000000000000000000|+0000000000000000000|+1.3100000000000e+00|-3.6382853000000e+00|+0.0000000000000e+00|+2.8233344431000e+00|+0.0000000000000e+00
+0000000000000000024|+0000000000000000000|+0000000000000000000|+1.3000000000000e+00|-3.6531730000000e+00|+0.0000000000000e+00|+2.8064930959000e+00|+0.0000000000000e+00
+0000000000000000024|+0000000000000000000|+0000000000000000000|+1.2900000000000e+00|-3.7231150000000e+00|+0.0000000000000e+00|+2.7865077500000e+00|+0.0000000000000e+00
+0000000000000000024|+0000000000000000000|+0000000000000000000|+1.2800000000000e+00|-3.7456160000000e+00|+0.0000000000000e+00|+2.9265395975000e+00|+0.0000000000000e+00
+0000000000000000024|+0000000000000000000|+0000000000000000000|+1.2700000000000e+00|-3.7472378000000e+00|+0.0000000000000e+00|+2.9458421404000e+00|+0.0000000000000e+00
+0000000000000000024|+0000000000000000000|+0000000000000000000|+1.2600000000000e+00|-3.8060542000000e+00|+0.0000000000000e+00|+3.0561454111000e+00|+0.0000000000000e+00
+0000000000000000024|+0000000000000000000|+0000000000000000000|+1.2500000000000e+00|-3.8320125000000e+00|+0.0000000000000e+00|+2.9732833279000e+00|+0.0000000000000e+00
+0000000000000000024|+0000000000000000000|+0000000000000000000|+1.2400000000000e+00|-3.7975288000000e+00|+0.0000000000000e+00|+3.1895518556000e+00|+0.0000000000000e+00
+0000000000000000024|+0000000000000000000|+0000000000000000000|+1.2300000000000e+00|-3.8435203000000e+00|+0.0000000000000e+00|+3.0190038479000e+00|+0.0000000000000e+00
+0000000000000000024|+0000000000000000000|+0000000000000000000|+1.2200000000000e+00|-3.8539010000000e+00|+0.0000000000000e+00|+3.1290087975000e+00|+0.0000000000000e+00
+0000000000000000024|+0000000000000000000|+0000000000000000000|+1.2100000000000e+00|-3.9225343000000e+00|+0.0000000000000e+00|+3.0818819311000e+00|+0.0000000000000e+00
+0000000000000000024|+0000000000000000000|+0000000000000000000|+1.2000000000000e+00|-3.9838720000000e+00|+0.0000000000000e+00|+3.2625543664000e+00|+0.0000000000000e+00
+0000000000000000024|+0000000000000000000|+0000000000000000000|+1.1900000000000e+00|-3.9937795000000e+00|+0.0000000000000e+00|+3.2419371975000e+00|+0.0000000000000e+00
+0000000000000000024|+0000000000000000000|+0000000000000000000|+1.1800000000000e+00|-4.0131548000000e+00|+0.0000000000000e+00|+3.4474207004000e+00|+0.0000000000000e+00
+0000000000000000024|+0000000000000000000|+0000000000000000000|+1.1700000000000e+00|-4.0785148000000e+00|+0.0000000000000e+00|+3.4998278064000e+00|+0.0000000000000e+00
+0000000000000000024|+0000000000000000000|+0000000000000000000|+1.1600000000000e+00|-4.1253004000000e+00|+0.0000000000000e+00|+3.5679160239000e+00|+0.0000000000000e+00
+0000000000000000024|+0000000000000000000|+0000000000000000000|+1.1500000000000e+00|-4.1425300000000e+00|+0.0000000000000e+00|+3.4688951600000e+00|+0.0000000000000e+00
+0000000000000000024|+0000000000000000000|+0000000000000000000|+1.1400000000000e+00|-4.1832532000000e+00|+0.0000000000000e+00|+3.5133689756000e+00|+0.0000000000000e+00
+0000000000000000024|+0000000000000000000|+0000000000000000000|+1.1300000000000e+00|-4.2403526000000e+00|+0.0000000000000e+00|+3.7457653596000e+00|+0.0000000000000e+00
+0000000000000000024|+0000000000000000000|+0000000000000000000|+1.1200000000000e+00|-4.2584768000000e+00|+0.0000000000000e+00|+3.7272619004000e+00|+0.0000000000000e+00
+0000000000000000024|+0000000000000000000|+0000000000000000000|+1.1100000000000e+00|-4.2394894000000e+00|+0.0000000000000e+00|+3.6579597884000e+00|+0.0000000000000e+00
+0000000000000000024|+0000000000000000000|+0000000000000000000|+1.1000000000000e+00|-4.3257250000000e+00|+0.0000000000000e+00|+3.7087999375000e+00|+0.0000000000000e+00
+0000000000000000024|+0000000000000000000|+0000000000000000000|+1.0900000000000e+00|-4.3335355000000e+00|+0.0000000000000e+00|+3.9559440975000e+00|+0.0000000000000e+00
+0000000000000000024|+0000000000000000000|+0000000000000000000|+1.0800000000000e+00|-4.4043868000000e+00|+0.0000000000000e+00|+3.9266071159000e+00|+0.0000000000000e+00
+0000000000000000024|+0000000000000000000|+0000000000000000000|+1.0700000000000e+00|-4.4393425000000e+00|+0.0000000000000e+00|+3.8528524375000e+00|+0.0000000000000e+00
+0000000000000000024|+0000000000000000000|+0000000000000000000|+1.0600000000000e+00|-4.5139800000000e+00|+0.0000000000000e+00|+4.1452510000000e+00|+0.0000000000000e+00
+0000000000000000024|+0000000000000000000|+0000000000000000000|+1.0500000000000e+00|-4.5201445000000e+00|+0.0000000000000e+00|+4.0855984119000e+00|+0.0000000000000e+00
+0000000000000000024|+0000000000000000000|+0000000000000000000|+1.0400000000000e+00|-4.5546528000000e+00|+0.0000000000000e+00|+4.0648547776000e+00|+0.0000000000000e+00
+0000000000000000024|+0000000000000000000|+0000000000000000000|+1.0300000000000e+00|-4.5865341000000e+00|+0.0000000000000e+00|+4.0733018791000e+00|+0.0000000000000e+00
+0000000000000000024|+0000000000000000000|+0000000000000000000|+1.0200000000000e+00|-4.6502668000000e+00|+0.0000000000000e+00|+4.2626706044000e+00|+0.0000000000000e+00
+0000000000000000024|+0000000000000000000|+0000000000000000000|+1.0100000000000e+00|-4.6965108000000e+00|+0.0000000000000e+00|+4.1837161136000e+00|+0.0000000000000e+00
+0000000000000000024|+0000000000000000000|+0000000000000000000|+1.0000000000000e+00|-4.7100600000000e+00|+0.0000000000000e+00|+4.4240647964000e+00|+0.0000000000000e+00
+0000000000000000024|+0000000000000000000|+0000000000000000000|+9.9000000000000e-01|-4.8034396000000e+00|+0.0000000000000e+00|+4.4447071984000e+00|+0.0000000000000e+00
+0000000000000000024|+0000000000000000000|+0000000000000000000|+9.8000000000000e-01|-4.8273948000000e+00|+0.0000000000000e+00|+4.5705785724000e+00|+0.0000000000000e+00
+0000000000000000024|+0000000000000000000|+0000000000000000000|+9.7000000000000e-01|-4.8587639000000e+00|+0.0000000000000e+00|+4.6539346031000e+00|+0.0000000000000e+00
+0000000000000000024|+0000000000000000000|+0000000000000000000|+9.6000000000000e-01|-4.9089088000000e+00|+0.0000000000000e+00|+4.5190648191000e+00|+0.0000000000000e+00
+0000000000000000024|+0000000000000000000|+0000000000000000000|+9.5000000000000e-01|-4.9335670000000e+00|+0.0000000000000e+00|+4.7785728604000e+00|+0.0000000000000e+00
+0000000000000000024|+0000000000000000000|+0000000000000000000|+9.4000000000000e-01|-4.9650788000000e+00|+0.0000000000000e+00|+4.8229630396000e+00|+0.0000000000000e+00
+0000000000000000024|+0000000000000000000|+0000000000000000000|+9.3000000000000e-01|-5.0555212000000e+00|+0.0000000000000e+00|+5.0097370544000e+00|+0.0000000000000e+00
+0000000000000000024|+0000000000000000000|+0000000000000000000|+9.2000000000000e-01|-5.1206832000000e+00|+0.0000000000000e+00|+5.0689892784000e+00|+0.0000000000000e+00
+0000000000000000024|+0000000000000000000|+0000000000000000000|+9.1000000000000e-01|-5.1703731000000e+00|+0.0000000000000e+00|+4.9910598319000e+00|+0.0000000000000e+00
+0000000000000000024|+0000000000000000000|+0000000000000000000|+9.0000000000000e-01|-5.2044850000000e+00|+0.0000000000000e+00|+5.1741362775000e+00|+0.0000000000000e+00
+0000000000000000024|+0000000000000000000|+0000000000000000000|+8.9000000000000e-01|-5.2417581000000e+00|+0.0000000000000e+00|+5.1267969159000e+00|+0.0000000000000e+00
+0000000000000000024|+0000000000000000000|+0000000000000000000|+8.8000000000000e-01|-5.3160616000000e+00|+0.0000000000000e+00|+5.3596144951000e+00|+0.0000000000000e+00
+0000000000000000024|+0000000000000000000|+0000000000000000000|+8.7000000000000e-01|-5.3972578000000e+00|+0.0000000000000e+00|+5.3264685564000e+00|+0.0000000000000e+00
+0000000000000000024|+0000000000000000000|+0000000000000000000|+8.6000000000000e-01|-5.4052320000000e+00|+0.0000000000000e+00|+5.4498705600000e+00|+0.0000000000000e+00
+0000000000000000024|+0000000000000000000|+0000000000000000000|+8.5000000000000e-01|-5.4941145000000e+00|+0.0000000000000e+00|+5.6460071431000e+00|+0.0000000000000e+00
+0000000000000000024|+0000000000000000000|+0000000000000000000|+8.4000000000000e-01|-5.5630612000000e+00|+0.0000000000000e+00|+5.4986415151000e+00|+0.0000000000000e+00
+0000000000000000024|+0000000000000000000|+0000000000000000000|+8.3000000000000e-01|-5.5434780000000e+00|+0.0000000000000e+00|+5.7479764400000e+00|+0.0000000000000e+00
+0000000000000000024|+0000000000000000000|+0000000000000000000|+8.2000000000000e-01|-5.5794480000000e+00|+0.0000000000000e+00|+5.9735710400000e+00|+0.0000000000000e+00
+0000000000000000024|+0000000000000000000|+0000000000000000000|+8.1000000000000e-01|-5.7028411000000e+00|+0.0000000000000e+00|+5.7102727239000e+00|+0.0000000000000e+00
+0000000000000000024|+0000000000000000000|+0000000000000000000|+8.0000000000000e-01|-5.7821200000000e+00|+0.0000000000000e+00|+6.0073904775000e+00|+0.0000000000000e+00
+0000000000000000024|+0000000000000000000|+0000000000000000000|+7.9000000000000e-01|-5.8150075000000e+00|+0.0000000000000e+00|+6.1581794375000e+00|+0.0000000000000e+00
+0000000000000000024|+0000000000000000000|+0000000000000000000|+7.8000000000000e-01|-5.8877326000000e+00|+0.0000000000000e+00|+6.0510671711000e+00|+0.0000000000000e+00
+0000000000000000024|+0000000000000000000|+0000000000000000000|+7.7000000000000e-01|-5.9607991000000e+00|+0.0000000000000e+00|+6.2522300311000e+00|+0.0000000000000e+00
+0000000000000000024|+0000000000000000000|+0000000000000000000|+7.6000000000000e-01|-6.0243608000000e+00|+0.0000000000000e+00|+6.3836649436000e+00|+0.0000000000000e+00
+0000000000000000024|+0000000000000000000|+0000000000000000000|+7.5000000000000e-01|-6.0595900000000e+00|+0.0000000000000e+00|+6.3398449456000e+00|+0.0000000000000e+00
+0000000000000000024|+0000000000000000000|+0000000000000000000|+7.4000000000000e-01|-6.1071532000000e+00|+0.0000000000000e+00|+6.6692426876000e+00|+0.0000000000000e+00
+0000000000000000024|+0000000000000000000|+0000000000000000000|+7.3000000000000e-01|-6.2153351000000e+00|+0.0000000000000e+00|+6.5196806431000e+00|+0.0000000000000e+00
+0000000000000000024|+0000000000000000000|+0000000000000000000|+7.2000000000000e-01|-6.2420608000000e+00|+0.0000000000000e+00|+6.9830961903999e+00|+0.0000000000000e+00
+0000000000000000024|+0000000000000000000|+0000000000000000000|+7.1000000000000e-01|-6.3196805000000e+00|+0.0000000000000e+00|+6.7109797975000e+00|+0.0000000000000e+00
+0000000000000000024|+0000000000000000000|+0000000000000000000|+7.0000000000000e-01|-6.3930470000000e+00|+0.0000000000000e+00|+6.8012052159000e+00|+0.0000000000000e+00
+0000000000000000024|+0000000000000000000|+0000000000000000000|+6.9000000000000e-01|-6.4740124000000e+00|+0.0000000000000e+00|+6.8203612784000e+00|+0.0000000000000e+00
+0000000000000000024|+0000000000000000000|+0000000000000000000|+6.8000000000000e-01|-6.5370560000000e+00|+0.0000000000000e+00|+7.2316313600000e+00|+0.0000000000000e+00
+0000000000000000024|+0000000000000000000|+0000000000000000000|+6.7000000000000e-01|-6.5733770000000e+00|+0.0000000000000e+00|+7.0397123900000e+00|+0.0000000000000e+00
+0000000000000000024|+0000000000000000000|+0000000000000000000|+6.6000000000000e-01|-6.6730414000000e+00|+0.0000000000000e+00|+7.3116566158999e+00|+0.0000000000000e+00
+0000000000000000024|+0000000000000000000|+0000000000000000000|+6.5000000000000e-01|-6.7581255000000e+00|+0.0000000000000e+00|+7.2460597071001e+00|+0.0000000000000e+00
+0000000000000000024|+0000000000000000000|+0000000000000000000|+6.4000000000000e-01|-6.8801056000000e+00|+0.0000000000000e+00|+7.2809909884000e+00|+0.0000000000000e+00
+0000000000000000024|+0000000000000000000|+0000000000000000000|+6.3000000000000e-01|-6.9289327000000e+00|+0.0000000000000e+00|+7.6442624159000e+00|+0.0000000000000e+00
+0000000000000000024|+0000000000000000000|+0000000000000000000|+6.2000000000000e-01|-6.9903490000000e+00|+0.0000000000000e+00|+7.4405538975000e+00|+0.0000000000000e+00
+0000000000000000024|+0000000000000000000|+0000000000000000000|+6.1000000000000e-01|-7.0495751000000e+00|+0.0000000000000e+00|+7.6860879319000e+00|+0.0000000000000e+00
+0000000000000000024|+0000000000000000000|+0000000000000000000|+6.0000000000000e-01|-7.1579080000000e+00|+0.0000000000000e+00|+7.8921462876001e+00|+0.0000000000000e+00
+0000000000000000024|+0000000000000000000|+0000000000000000000|+5.9000000000000e-01|-7.2026948000000e+00|+0.0000000000000e+00|+7.5938181616000e+00|+0.0000000000000e+00
+0000000000000000024|+0000000000000000000|+0000000000000000000|+5.8000000000000e-01|-7.2774960000000e+00|+0.0000000000000e+00|+8.1415745599999e+00|+0.0000000000000e+00
+0000000000000000024|+0000000000000000000|+0000000000000000000|+5.7000000000000e-01|-7.3696558000000e+00|+0.0000000000000e+00|+8.2589730363999e+00|+0.0000000000000e+00
+0000000000000000024|+0000000000000000000|+0000000000000000000|+5.6000000000000e-01|-7.4308264000000e+00|+0.0000000000000e+00|+7.9262069039000e+00|+0.0000000000000e+00
+0000000000000000024|+0000000000000000000|+0000000000000000000|+5.5000000000000e-01|-7.5147625000000e+00|+0.0000000000000e+00|+7.8114549374999e+00|+0.0000000000000e+00
+0000000000000000024|+0000000000000000000|+0000000000000000000|+5.4000000000000e-01|-7.6093192000000e+00|+0.0000000000000e+00|+7.8732293296000e+00|+0.0000000000000e+00
+0000000000000000024|+0000000000000000000|+0000000000000000000|+5.3000000000000e-01|-7.6948280000000e+00|+0.0000000000000e+00|+8.3789302400001e+00|+0.0000000000000e+00
+0000000000000000024|+0000000000000000000|+0000000000000000000|+5.2000000000000e-01|-7.7670308000000e+00|+0.0000000000000e+00|+8.3675673959001e+00|+0.0000000000000e+00
+0000000000000000024|+0000000000000000000|+0000000000000000000|+5.1000000000000e-01|-7.8472936000000e+00|+0.0000000000000e+00|+8.1274829504001e+00|+0.0000000000000e+00
+0000000000000000024|+0000000000000000000|+0000000000000000000|+5.0000000000000e-01|-7.9633650000000e+00|+0.0000000000000e+00|+8.3922015071001e+00|+0.0000000000000e+00
+0000000000000000024|+0000000000000000000|+0000000000000000000|+4.9000000000000e-01|-8.0066618000000e+00|+0.0000000000000e+00|+8.5382819676001e+00|+0.0000000000000e+00
+0000000000000000024|+0000000000000000000|+0000000000000000000|+4.8000000000000e-01|-8.1015088000000e+00|+0.0000000000000e+00|+8.0543195639001e+00|+0.0000000000000e+00
+0000000000000000024|+0000000000000000000|+0000000000000000000|+4.7000000000000e-01|-8.2055126000000e+00|+0.0000000000000e+00|+7.7980929436001e+00|+0.0000000000000e+00
+0000000000000000024|+0000000000000000000|+0000000000000000000|+4.6000000000000e-01|-8.2896738000000e+00|+0.0000000000000e+00|+8.0417877391001e+00|+0.0000000000000e+00
+0000000000000000024|+0000000000000000000|+0000000000000000000|+4.5000000000000e-01|-8.3675935000000e+00|+0.0000000000000e+00|+8.2460558950999e+00|+0.0000000000000e+00
+0000000000000000024|+0000000000000000000|+0000000000000000000|+4.4000000000000e-01|-8.4463360000000e+00|+0.0000000000000e+00|+8.1591926400000e+00|+0.0000000000000e+00
+0000000000000000024|+0000000000000000000|+0000000000000000000|+4.3000000000000e-01|-8.5574158000000e+00|+0.0000000000000e+00|+8.6458382363999e+00|+0.0000000000000e+00
+0000000000000000024|+0000000000000000000|+0000000000000000000|+4.2000000000000e-01|-8.6343070000000e+00|+0.0000000000000e+00|+8.2875222774998e+00|+0.0000000000000e+00
+0000000000000000024|+0000000000000000000|+0000000000000000000|+4.1000000000000e-01|-8.7093429000000e+00|+0.0000000000000e+00|+8.0643364439002e+00|+0.0000000000000e+00
+0000000000000000024|+0000000000000000000|+0000000000000000000|+4.0000000000000e-01|-8.7552480000000e+00|+0.0000000000000e+00|+8.0935278655999e+00|+0.0000000000000e+00
+0000000000000000024|+0000000000000000000|+0000000000000000000|+3.9000000000000e-01|-8.8670440000000e+00|+0.0000000000000e+00|+7.9498638400002e+00|+0.0000000000000e+00
+0000000000000000024|+0000000000000000000|+0000000000000000000|+3.8000000000000e-01|-8.9270744000000e+00|+0.0000000000000e+00|+8.1854937456000e+00|+0.0000000000000e+00
+0000000000000000024|+0000000000000000000|+0000000000000000000|+3.7000000000000e-01|-9.0438765000000e+00|+0.0000000000000e+00|+7.8669660975002e+00|+0.0000000000000e+00
+0000000000000000024|+0000000000000000000|+0000000000000000000|+3.6000000000000e-01|-9.1131652000000e+00|+0.0000000000000e+00|+7.5801376351002e+00|+0.0000000000000e+00
+0000000000000000024|+0000000000000000000|+0000000000000000000|+3.5000000000000e-01|-9.1854205000000e+00|+0.0000000000000e+00|+7.0884888831003e+00|+0.0000000000000e+00
+0000000000000000024|+0000000000000000000|+0000000000000000000|+3.4000000000000e-01|-9.2560870000000e+00|+0.0000000000000e+00|+7.2145261974997e+00|+0.0000000000000e+00
+0000000000000000024|+0000000000000000000|+0000000000000000000|+3.3000000000000e-01|-9.3318085000000e+00|+0.0000000000000e+00|+7.2278039975002e+00|+0.0000000000000e+00
+0000000000000000024|+0000000000000000000|+0000000000000000000|+3.2000000000000e-01|-9.3687584000000e+00|+0.0000000000000e+00|+6.7721249456000e+00|+0.0000000000000e+00
+0000000000000000024|+0000000000000000000|+0000000000000000000|+3.1000000000000e-01|-9.4749711000000e+00|+0.0000000000000e+00|+6.4214539038999e+00|+0.0000000000000e+00
+0000000000000000024|+0000000000000000000|+0000000000000000000|+3.0000000000000e-01|-9.5566660000000e+00|+0.0000000000000e+00|+6.3240662716004e+00|+0.0000000000000e+00
+0000000000000000024|+0000000000000000000|+0000000000000000000|+2.9000000000000e-01|-9.5800061000000e+00|+0.0000000000000e+00|+6.8711008318998e+00|+0.0000000000000e+00
+0000000000000000024|+0000000000000000000|+0000000000000000000|+2.8000000000000e-01|-9.6784340000000e+00|+0.0000000000000e+00|+6.1890075974999e+00|+0.0000000000000e+00
+0000000000000000024|+0000000000000000000|+0000000000000000000|+2.7000000000000e-01|-9.7129648000000e+00|+0.0000000000000e+00|+6.5620703423999e+00|+0.0000000000000e+00
+0000000000000000024|+0000000000000000000|+0000000000000000000|+2.6000000000000e-01|-9.7725928000000e+00|+0.0000000000000e+00|+5.8292628015998e+00|+0.0000000000000e+00
+0000000000000000024|+0000000000000000000|+0000000000000000000|+2.5000000000000e-01|-9.8354800000000e+00|+0.0000000000000e+00|+5.0665307135999e+00|+0.0000000000000e+00
+0000000000000000024|+0000000000000000000|+0000000000000000000|+2.4000000000000e-01|-9.8932264000000e+00|+0.0000000000000e+00|+5.4963003879001e+00|+0.0000000000000e+00
+0000000000000000024|+0000000000000000000|+0000000000000000000|+2.3000000000000e-01|-9.9318232000000e+00|+0.0000000000000e+00|+5.1061542144008e+00|+0.0000000000000e+00
+0000000000000000024|+0000000000000000000|+0000000000000000000|+2.2000000000000e-01|-9.9733274000000e+00|+0.0000000000000e+00|+5.0844100911011e+00|+0.0000000000000e+00
+0000000000000000024|+0000000000000000000|+0000000000000000000|+2.1000000000000e-01|-1.0030435300000e+01|+0.0000000000000e+00|+4.4149152950999e+00|+0.0000000000000e+00
+0000000000000000024|+0000000000000000000|+0000000000000000000|+2.0000000000000e-01|-1.0061820000000e+01|+0.0000000000000e+00|+4.9636271900003e+00|+0.0000000000000e+00
+0000000000000000024|+0000000000000000000|+0000000000000000000|+1.9000000000000e-01|-1.0104485400000e+01|+0.0000000000000e+00|+4.0704774843998e+00|+0.0000000000000e+00
+0000000000000000024|+0000000000000000000|+0000000000000000000|+1.8000000000000e-01|-1.0151894800000e+01|+0.0000000000000e+00|+3.4818203003988e+00|+0.0000000000000e+00
+0000000000000000024|+0000000000000000000|+0000000000000000000|+1.7000000000000e-01|-1.0172665800000e+01|+0.0000000000000e+00|+2.9502356923996e+00|+0.0000000000000e+00
+0000000000000000024|+0000000000000000000|+0000000000000000000|+1.6000000000000e-01|-1.0217195200000e+01|+0.0000000000000e+00|+3.3006426990993e+00|+0.0000000000000e+00
+0000000000000000024|+0000000000000000000|+0000000000000000000|+1.5000000000000e-01|-1.0225411000000e+01|+0.0000000000000e+00|+3.7078924924001e+00|+0.0000000000000e+00
+0000000000000000024|+0000000000000000000|+0000000000000000000|+1.4000000000000e-01|-1.0267793400000e+01|+0.0000000000000e+00|+2.3407079039015e+00|+0.0000000000000e+00
+0000000000000000024|+0000000000000000000|+0000000000000000000|+1.3000000000000e-01|-1.0304425400000e+01|+0.0000000000000e+00|+1.4807004635989e+00|+0.0000000000000e+00
+0000000000000000024|+0000000000000000000|+0000000000000000000|+1.2000000000000e-01|-1.0319257600000e+01|+0.0000000000000e+00|+2.2472261695998e+00|+0.0000000000000e+00
+0000000000000000024|+0000000000000000000|+0000000000000000000|+1.1000000000000e-01|-1.0333211100000e+01|+0.0000000000000e+00|+2.4995147799048e+00|+0.0000000000000e+00
+0000000000000000024|+0000000000000000000|+0000000000000000000|+1.0000000000000e-01|-1.0357697000000e+01|+0.0000000000000e+00|+3.8009561910433e-01|+0.0000000000000e+00
+0000000000000000024|+0000000000000000000|+0000000000000000000|+9.0000000000000e-02|-1.0376791300000e+01|+0.0000000000000e+00|+2.1015916351034e+00|+0.0000000000000e+00
+0000000000000000024|+0000000000000000000|+0000000000000000000|+8.0000000000000e-02|-1.0394752000000e+01|+0.0000000000000e+00|+1.4630716399958e+00|+0.0000000000000e+00
+0000000000000000024|+0000000000000000000|+0000000000000000000|+7.0000000000000e-02|-1.0416610600000e+01|+0.0000000000000e+00|+6.8715550359896e-01|+0.0000000000000e+00
+0000000000000000024|+0000000000000000000|+0000000000000000000|+6.0000000000000e-02|-1.0424501200000e+01|+0.0000000000000e+00|+1.2519319996083e+00|+0.0000000000000e+00
+0000000000000000024|+0000000000000000000|+0000000000000000000|+5.0000000000000e-02|-1.0435727000000e+01|+0.0000000000000e+00|+3.2823325883968e+00|+0.0000000000000e+00
+0000000000000000024|+0000000000000000000|+0000000000000000000|+4.0000000000000e-02|-1.0439073600000e+01|+0.0000000000000e+00|+1.3806636144247e+00|+0.0000000000000e+00
+0000000000000000024|+0000000000000000000|+0000000000000000000|+3.0000000000000e-02|-1.0449501400000e+01|+0.0000000000000e+00|-3.1149162244041e+00|+0.0000000000000e+00
+0000000000000000024|+0000000000000000000|+0000000000000000000|+2.0000000000000e-02|-1.0458660600000e+01|+0.0000000000000e+00|+1.5754050190349e+00|+0.0000000000000e+00
+0000000000000000024|+0000000000000000000|+0000000000000000000|+9.9999999999999e-03|-1.0454773900000e+01|+0.0000000000000e+00|+3.7307587878984e+00|+0.0000000000000e+00
