#
# QHS - DATA
#
# ----------------------------------------
#
# Size                 = +0000000000000000010
# Model                = Open-1D
# Algorithm            = SSE
# Start-Temperature    = +0.0000000000000e+00
# End-Temperature      = +4.0000000000000e+00
# Temperature-Step     = +1.0000000000000e-02
#
# Size              | Model-Index        | Algorithm-Index    | Temperature        | AverageEnergy      | StdDvOfEnergy      | AverageCHeat       | StdDvOfCHeat      
# ------------------------------------------------------------------------------------------------------
+0000000000000000010|+0000000000000000000|+0000000000000000000|+4.0000000000000e+00|-4.2120000000000e-01|+0.0000000000000e+00|+1.2268316000000e-01|+0.0000000000000e+00
+0000000000000000010|+0000000000000000000|+0000000000000000000|+3.9900000000000e+00|-4.4827740000000e-01|+0.0000000000000e+00|+1.1785241240000e-01|+0.0000000000000e+00
+0000000000000000010|+0000000000000000000|+0000000000000000000|+3.9800000000000e+00|-4.5456920000000e-01|+0.0000000000000e+00|+1.1664538840000e-01|+0.0000000000000e+00
+0000000000000000010|+0000000000000000000|+0000000000000000000|+3.9700000000000e+00|-4.3530800000000e-01|+0.0000000000000e+00|+1.1156304000000e-01|+0.0000000000000e+00
+0000000000000000010|+0000000000000000000|+0000000000000000000|+3.9600000000000e+00|-4.5662040000000e-01|+0.0000000000000e+00|+1.2366141990000e-01|+0.0000000000000e+00
+0000000000000000010|+0000000000000000000|+0000000000000000000|+3.9500000000000e+00|-4.4627000000000e-01|+0.0000000000000e+00|+1.1647724000000e-01|+0.0000000000000e+00
+0000000000000000010|+0000000000000000000|+0000000000000000000|+3.9400000000000e+00|-4.5646480000000e-01|+0.0000000000000e+00|+1.3010091360000e-01|+0.0000000000000e+00
+0000000000000000010|+0000000000000000000|+0000000000000000000|+3.9300000000000e+00|-4.2495450000000e-01|+0.0000000000000e+00|+1.2177557750000e-01|+0.0000000000000e+00
+0000000000000000010|+0000000000000000000|+0000000000000000000|+3.9200000000000e+00|-4.4045280000000e-01|+0.0000000000000e+00|+1.2365740440000e-01|+0.0000000000000e+00
+0000000000000000010|+0000000000000000000|+0000000000000000000|+3.9100000000000e+00|-4.5837880000000e-01|+0.0000000000000e+00|+1.1909441760000e-01|+0.0000000000000e+00
+0000000000000000010|+0000000000000000000|+0000000000000000000|+3.9000000000000e+00|-4.6576500000000e-01|+0.0000000000000e+00|+1.2051667750000e-01|+0.0000000000000e+00
+0000000000000000010|+0000000000000000000|+0000000000000000000|+3.8900000000000e+00|-4.6802080000000e-01|+0.0000000000000e+00|+1.2235036160000e-01|+0.0000000000000e+00
+0000000000000000010|+0000000000000000000|+0000000000000000000|+3.8800000000000e+00|-4.6596120000000e-01|+0.0000000000000e+00|+1.3069399990000e-01|+0.0000000000000e+00
+0000000000000000010|+0000000000000000000|+0000000000000000000|+3.8700000000000e+00|-4.5675540000000e-01|+0.0000000000000e+00|+1.2117166360000e-01|+0.0000000000000e+00
+0000000000000000010|+0000000000000000000|+0000000000000000000|+3.8600000000000e+00|-4.9195100000000e-01|+0.0000000000000e+00|+1.3452287750000e-01|+0.0000000000000e+00
+0000000000000000010|+0000000000000000000|+0000000000000000000|+3.8500000000000e+00|-4.4376800000000e-01|+0.0000000000000e+00|+1.1694789760000e-01|+0.0000000000000e+00
+0000000000000000010|+0000000000000000000|+0000000000000000000|+3.8400000000000e+00|-4.4832960000000e-01|+0.0000000000000e+00|+1.2210676390000e-01|+0.0000000000000e+00
+0000000000000000010|+0000000000000000000|+0000000000000000000|+3.8300000000000e+00|-4.7611740000000e-01|+0.0000000000000e+00|+1.4034923160000e-01|+0.0000000000000e+00
+0000000000000000010|+0000000000000000000|+0000000000000000000|+3.8200000000000e+00|-4.7453860000000e-01|+0.0000000000000e+00|+1.3040296710000e-01|+0.0000000000000e+00
+0000000000000000010|+0000000000000000000|+0000000000000000000|+3.8100000000000e+00|-4.6332960000000e-01|+0.0000000000000e+00|+1.3136813440000e-01|+0.0000000000000e+00
+0000000000000000010|+0000000000000000000|+0000000000000000000|+3.8000000000000e+00|-4.6373200000000e-01|+0.0000000000000e+00|+1.2780406040000e-01|+0.0000000000000e+00
+0000000000000000010|+0000000000000000000|+0000000000000000000|+3.7900000000000e+00|-4.6345050000000e-01|+0.0000000000000e+00|+1.2789559750000e-01|+0.0000000000000e+00
+0000000000000000010|+0000000000000000000|+0000000000000000000|+3.7800000000000e+00|-4.8966840000000e-01|+0.0000000000000e+00|+1.2631395160000e-01|+0.0000000000000e+00
+0000000000000000010|+0000000000000000000|+0000000000000000000|+3.7700000000000e+00|-4.7770810000000e-01|+0.0000000000000e+00|+1.2752433910000e-01|+0.0000000000000e+00
+0000000000000000010|+0000000000000000000|+0000000000000000000|+3.7600000000000e+00|-4.6355440000000e-01|+0.0000000000000e+00|+1.3356354390000e-01|+0.0000000000000e+00
+0000000000000000010|+0000000000000000000|+0000000000000000000|+3.7500000000000e+00|-4.7295000000000e-01|+0.0000000000000e+00|+1.2904974560000e-01|+0.0000000000000e+00
+0000000000000000010|+0000000000000000000|+0000000000000000000|+3.7400000000000e+00|-4.7881620000000e-01|+0.0000000000000e+00|+1.2552006310000e-01|+0.0000000000000e+00
+0000000000000000010|+0000000000000000000|+0000000000000000000|+3.7300000000000e+00|-4.4891610000000e-01|+0.0000000000000e+00|+1.2152645510000e-01|+0.0000000000000e+00
+0000000000000000010|+0000000000000000000|+0000000000000000000|+3.7200000000000e+00|-4.7162640000000e-01|+0.0000000000000e+00|+1.2799217560000e-01|+0.0000000000000e+00
+0000000000000000010|+0000000000000000000|+0000000000000000000|+3.7100000000000e+00|-4.7595960000000e-01|+0.0000000000000e+00|+1.2966774240000e-01|+0.0000000000000e+00
+0000000000000000010|+0000000000000000000|+0000000000000000000|+3.7000000000000e+00|-4.8041500000000e-01|+0.0000000000000e+00|+1.3014979750000e-01|+0.0000000000000e+00
+0000000000000000010|+0000000000000000000|+0000000000000000000|+3.6900000000000e+00|-5.2904970000000e-01|+0.0000000000000e+00|+1.4559520310000e-01|+0.0000000000000e+00
+0000000000000000010|+0000000000000000000|+0000000000000000000|+3.6800000000000e+00|-5.0882240000000e-01|+0.0000000000000e+00|+1.4385989760000e-01|+0.0000000000000e+00
+0000000000000000010|+0000000000000000000|+0000000000000000000|+3.6700000000000e+00|-4.6866260000000e-01|+0.0000000000000e+00|+1.4342499160000e-01|+0.0000000000000e+00
+0000000000000000010|+0000000000000000000|+0000000000000000000|+3.6600000000000e+00|-5.0429640000000e-01|+0.0000000000000e+00|+1.4932354840000e-01|+0.0000000000000e+00
+0000000000000000010|+0000000000000000000|+0000000000000000000|+3.6500000000000e+00|-4.8914250000000e-01|+0.0000000000000e+00|+1.3918479750000e-01|+0.0000000000000e+00
+0000000000000000010|+0000000000000000000|+0000000000000000000|+3.6400000000000e+00|-4.6824280000000e-01|+0.0000000000000e+00|+1.4229456710000e-01|+0.0000000000000e+00
+0000000000000000010|+0000000000000000000|+0000000000000000000|+3.6300000000000e+00|-4.7885250000000e-01|+0.0000000000000e+00|+1.4571193750000e-01|+0.0000000000000e+00
+0000000000000000010|+0000000000000000000|+0000000000000000000|+3.6200000000000e+00|-4.8548920000000e-01|+0.0000000000000e+00|+1.4337796440000e-01|+0.0000000000000e+00
+0000000000000000010|+0000000000000000000|+0000000000000000000|+3.6100000000000e+00|-5.0244450000000e-01|+0.0000000000000e+00|+1.4260999750000e-01|+0.0000000000000e+00
+0000000000000000010|+0000000000000000000|+0000000000000000000|+3.6000000000000e+00|-4.9892400000000e-01|+0.0000000000000e+00|+1.4843031190000e-01|+0.0000000000000e+00
+0000000000000000010|+0000000000000000000|+0000000000000000000|+3.5900000000000e+00|-4.8335420000000e-01|+0.0000000000000e+00|+1.4588049560000e-01|+0.0000000000000e+00
+0000000000000000010|+0000000000000000000|+0000000000000000000|+3.5800000000000e+00|-4.9274540000000e-01|+0.0000000000000e+00|+1.5172482310000e-01|+0.0000000000000e+00
+0000000000000000010|+0000000000000000000|+0000000000000000000|+3.5700000000000e+00|-4.8886830000000e-01|+0.0000000000000e+00|+1.4499950390000e-01|+0.0000000000000e+00
+0000000000000000010|+0000000000000000000|+0000000000000000000|+3.5600000000000e+00|-4.9305120000000e-01|+0.0000000000000e+00|+1.4951892960000e-01|+0.0000000000000e+00
+0000000000000000010|+0000000000000000000|+0000000000000000000|+3.5500000000000e+00|-4.9819700000000e-01|+0.0000000000000e+00|+1.4820726040000e-01|+0.0000000000000e+00
+0000000000000000010|+0000000000000000000|+0000000000000000000|+3.5400000000000e+00|-5.1874020000000e-01|+0.0000000000000e+00|+1.5569266310000e-01|+0.0000000000000e+00
+0000000000000000010|+0000000000000000000|+0000000000000000000|+3.5300000000000e+00|-4.9895220000000e-01|+0.0000000000000e+00|+1.4940401240000e-01|+0.0000000000000e+00
+0000000000000000010|+0000000000000000000|+0000000000000000000|+3.5200000000000e+00|-5.0000000000000e-01|+0.0000000000000e+00|+1.4810843750000e-01|+0.0000000000000e+00
+0000000000000000010|+0000000000000000000|+0000000000000000000|+3.5100000000000e+00|-4.9889160000000e-01|+0.0000000000000e+00|+1.5234041440000e-01|+0.0000000000000e+00
+0000000000000000010|+0000000000000000000|+0000000000000000000|+3.5000000000000e+00|-5.4202000000000e-01|+0.0000000000000e+00|+1.5062280160000e-01|+0.0000000000000e+00
+0000000000000000010|+0000000000000000000|+0000000000000000000|+3.4900000000000e+00|-5.0538990000000e-01|+0.0000000000000e+00|+1.5275395990000e-01|+0.0000000000000e+00
+0000000000000000010|+0000000000000000000|+0000000000000000000|+3.4800000000000e+00|-5.1788760000000e-01|+0.0000000000000e+00|+1.5630656310000e-01|+0.0000000000000e+00
+0000000000000000010|+0000000000000000000|+0000000000000000000|+3.4700000000000e+00|-5.2225240000000e-01|+0.0000000000000e+00|+1.5910683360000e-01|+0.0000000000000e+00
+0000000000000000010|+0000000000000000000|+0000000000000000000|+3.4600000000000e+00|-5.3609580000000e-01|+0.0000000000000e+00|+1.5498464710000e-01|+0.0000000000000e+00
+0000000000000000010|+0000000000000000000|+0000000000000000000|+3.4500000000000e+00|-5.1634800000000e-01|+0.0000000000000e+00|+1.4797261440000e-01|+0.0000000000000e+00
+0000000000000000010|+0000000000000000000|+0000000000000000000|+3.4400000000000e+00|-5.1637920000000e-01|+0.0000000000000e+00|+1.6605452760000e-01|+0.0000000000000e+00
+0000000000000000010|+0000000000000000000|+0000000000000000000|+3.4300000000000e+00|-5.1876460000000e-01|+0.0000000000000e+00|+1.5397587160000e-01|+0.0000000000000e+00
+0000000000000000010|+0000000000000000000|+0000000000000000000|+3.4200000000000e+00|-5.3165700000000e-01|+0.0000000000000e+00|+1.6456177750000e-01|+0.0000000000000e+00
+0000000000000000010|+0000000000000000000|+0000000000000000000|+3.4100000000000e+00|-5.5567980000000e-01|+0.0000000000000e+00|+1.7677307160000e-01|+0.0000000000000e+00
+0000000000000000010|+0000000000000000000|+0000000000000000000|+3.4000000000000e+00|-5.2191800000000e-01|+0.0000000000000e+00|+1.6001482710000e-01|+0.0000000000000e+00
+0000000000000000010|+0000000000000000000|+0000000000000000000|+3.3900000000000e+00|-5.2356240000000e-01|+0.0000000000000e+00|+1.6177421440000e-01|+0.0000000000000e+00
+0000000000000000010|+0000000000000000000|+0000000000000000000|+3.3800000000000e+00|-5.2484480000000e-01|+0.0000000000000e+00|+1.6484467840000e-01|+0.0000000000000e+00
+0000000000000000010|+0000000000000000000|+0000000000000000000|+3.3700000000000e+00|-5.3062070000000e-01|+0.0000000000000e+00|+1.6707348790000e-01|+0.0000000000000e+00
+0000000000000000010|+0000000000000000000|+0000000000000000000|+3.3600000000000e+00|-5.7871680000000e-01|+0.0000000000000e+00|+1.7455806560000e-01|+0.0000000000000e+00
+0000000000000000010|+0000000000000000000|+0000000000000000000|+3.3500000000000e+00|-5.5703200000000e-01|+0.0000000000000e+00|+1.6651007360000e-01|+0.0000000000000e+00
+0000000000000000010|+0000000000000000000|+0000000000000000000|+3.3400000000000e+00|-5.5503220000000e-01|+0.0000000000000e+00|+1.7548557110000e-01|+0.0000000000000e+00
+0000000000000000010|+0000000000000000000|+0000000000000000000|+3.3300000000000e+00|-5.3204850000000e-01|+0.0000000000000e+00|+1.7384329750000e-01|+0.0000000000000e+00
+0000000000000000010|+0000000000000000000|+0000000000000000000|+3.3200000000000e+00|-5.3969640000000e-01|+0.0000000000000e+00|+1.6806632710000e-01|+0.0000000000000e+00
+0000000000000000010|+0000000000000000000|+0000000000000000000|+3.3100000000000e+00|-5.2053620000000e-01|+0.0000000000000e+00|+1.7073751960000e-01|+0.0000000000000e+00
+0000000000000000010|+0000000000000000000|+0000000000000000000|+3.3000000000000e+00|-5.6651700000000e-01|+0.0000000000000e+00|+1.7447481990000e-01|+0.0000000000000e+00
+0000000000000000010|+0000000000000000000|+0000000000000000000|+3.2900000000000e+00|-5.4100570000000e-01|+0.0000000000000e+00|+1.6941621110000e-01|+0.0000000000000e+00
+0000000000000000010|+0000000000000000000|+0000000000000000000|+3.2800000000000e+00|-5.4439600000000e-01|+0.0000000000000e+00|+1.6518119750000e-01|+0.0000000000000e+00
+0000000000000000010|+0000000000000000000|+0000000000000000000|+3.2700000000000e+00|-5.5696800000000e-01|+0.0000000000000e+00|+1.7390944000000e-01|+0.0000000000000e+00
+0000000000000000010|+0000000000000000000|+0000000000000000000|+3.2600000000000e+00|-5.5682740000000e-01|+0.0000000000000e+00|+1.7833621990000e-01|+0.0000000000000e+00
+0000000000000000010|+0000000000000000000|+0000000000000000000|+3.2500000000000e+00|-5.6264750000000e-01|+0.0000000000000e+00|+1.8707091510000e-01|+0.0000000000000e+00
+0000000000000000010|+0000000000000000000|+0000000000000000000|+3.2400000000000e+00|-5.4955440000000e-01|+0.0000000000000e+00|+1.7602031640000e-01|+0.0000000000000e+00
+0000000000000000010|+0000000000000000000|+0000000000000000000|+3.2300000000000e+00|-5.3109460000000e-01|+0.0000000000000e+00|+1.7598455960000e-01|+0.0000000000000e+00
+0000000000000000010|+0000000000000000000|+0000000000000000000|+3.2200000000000e+00|-5.6054480000000e-01|+0.0000000000000e+00|+1.8967033440000e-01|+0.0000000000000e+00
+0000000000000000010|+0000000000000000000|+0000000000000000000|+3.2100000000000e+00|-5.8885980000000e-01|+0.0000000000000e+00|+1.8965201560000e-01|+0.0000000000000e+00
+0000000000000000010|+0000000000000000000|+0000000000000000000|+3.2000000000000e+00|-5.3544000000000e-01|+0.0000000000000e+00|+1.7781679750000e-01|+0.0000000000000e+00
+0000000000000000010|+0000000000000000000|+0000000000000000000|+3.1900000000000e+00|-5.5509460000000e-01|+0.0000000000000e+00|+1.9364116440000e-01|+0.0000000000000e+00
+0000000000000000010|+0000000000000000000|+0000000000000000000|+3.1800000000000e+00|-5.7234540000000e-01|+0.0000000000000e+00|+1.8851049910000e-01|+0.0000000000000e+00
+0000000000000000010|+0000000000000000000|+0000000000000000000|+3.1700000000000e+00|-5.8562840000000e-01|+0.0000000000000e+00|+1.9163396960000e-01|+0.0000000000000e+00
+0000000000000000010|+0000000000000000000|+0000000000000000000|+3.1600000000000e+00|-5.6549680000000e-01|+0.0000000000000e+00|+1.8641463960000e-01|+0.0000000000000e+00
+0000000000000000010|+0000000000000000000|+0000000000000000000|+3.1500000000000e+00|-5.6761200000000e-01|+0.0000000000000e+00|+1.9140552960000e-01|+0.0000000000000e+00
+0000000000000000010|+0000000000000000000|+0000000000000000000|+3.1400000000000e+00|-6.0787100000000e-01|+0.0000000000000e+00|+1.9694697750000e-01|+0.0000000000000e+00
+0000000000000000010|+0000000000000000000|+0000000000000000000|+3.1300000000000e+00|-5.8049030000000e-01|+0.0000000000000e+00|+2.0592342390000e-01|+0.0000000000000e+00
+0000000000000000010|+0000000000000000000|+0000000000000000000|+3.1200000000000e+00|-5.8979280000000e-01|+0.0000000000000e+00|+1.9497416390000e-01|+0.0000000000000e+00
+0000000000000000010|+0000000000000000000|+0000000000000000000|+3.1100000000000e+00|-5.8367650000000e-01|+0.0000000000000e+00|+2.0096567750000e-01|+0.0000000000000e+00
+0000000000000000010|+0000000000000000000|+0000000000000000000|+3.1000000000000e+00|-6.0829300000000e-01|+0.0000000000000e+00|+1.9490067910000e-01|+0.0000000000000e+00
+0000000000000000010|+0000000000000000000|+0000000000000000000|+3.0900000000000e+00|-5.8093440000000e-01|+0.0000000000000e+00|+2.0173085440000e-01|+0.0000000000000e+00
+0000000000000000010|+0000000000000000000|+0000000000000000000|+3.0800000000000e+00|-5.8948280000000e-01|+0.0000000000000e+00|+2.0694195190000e-01|+0.0000000000000e+00
+0000000000000000010|+0000000000000000000|+0000000000000000000|+3.0700000000000e+00|-6.1553800000000e-01|+0.0000000000000e+00|+2.0928444000000e-01|+0.0000000000000e+00
+0000000000000000010|+0000000000000000000|+0000000000000000000|+3.0600000000000e+00|-6.0470460000000e-01|+0.0000000000000e+00|+2.0411893190000e-01|+0.0000000000000e+00
+0000000000000000010|+0000000000000000000|+0000000000000000000|+3.0500000000000e+00|-6.0184150000000e-01|+0.0000000000000e+00|+2.0329889910000e-01|+0.0000000000000e+00
+0000000000000000010|+0000000000000000000|+0000000000000000000|+3.0400000000000e+00|-5.9969600000000e-01|+0.0000000000000e+00|+1.9916124000000e-01|+0.0000000000000e+00
+0000000000000000010|+0000000000000000000|+0000000000000000000|+3.0300000000000e+00|-5.9438220000000e-01|+0.0000000000000e+00|+2.0242721240000e-01|+0.0000000000000e+00
+0000000000000000010|+0000000000000000000|+0000000000000000000|+3.0200000000000e+00|-6.3011360000000e-01|+0.0000000000000e+00|+2.1561445760000e-01|+0.0000000000000e+00
+0000000000000000010|+0000000000000000000|+0000000000000000000|+3.0100000000000e+00|-6.0549670000000e-01|+0.0000000000000e+00|+2.1100523110000e-01|+0.0000000000000e+00
+0000000000000000010|+0000000000000000000|+0000000000000000000|+3.0000000000000e+00|-6.2229000000000e-01|+0.0000000000000e+00|+2.2226779510000e-01|+0.0000000000000e+00
+0000000000000000010|+0000000000000000000|+0000000000000000000|+2.9900000000000e+00|-6.0539020000000e-01|+0.0000000000000e+00|+2.0991319960000e-01|+0.0000000000000e+00
+0000000000000000010|+0000000000000000000|+0000000000000000000|+2.9800000000000e+00|-6.1065100000000e-01|+0.0000000000000e+00|+2.2797599750000e-01|+0.0000000000000e+00
+0000000000000000010|+0000000000000000000|+0000000000000000000|+2.9700000000000e+00|-6.1625790000000e-01|+0.0000000000000e+00|+2.2597989510000e-01|+0.0000000000000e+00
+0000000000000000010|+0000000000000000000|+0000000000000000000|+2.9600000000000e+00|-6.2519600000000e-01|+0.0000000000000e+00|+2.1853917750000e-01|+0.0000000000000e+00
+0000000000000000010|+0000000000000000000|+0000000000000000000|+2.9500000000000e+00|-6.0872700000000e-01|+0.0000000000000e+00|+2.1100271640000e-01|+0.0000000000000e+00
+0000000000000000010|+0000000000000000000|+0000000000000000000|+2.9400000000000e+00|-6.2687820000000e-01|+0.0000000000000e+00|+2.0745903910000e-01|+0.0000000000000e+00
+0000000000000000010|+0000000000000000000|+0000000000000000000|+2.9300000000000e+00|-6.2304080000000e-01|+0.0000000000000e+00|+2.3324208640000e-01|+0.0000000000000e+00
+0000000000000000010|+0000000000000000000|+0000000000000000000|+2.9200000000000e+00|-6.3055080000000e-01|+0.0000000000000e+00|+2.2439747990000e-01|+0.0000000000000e+00
+0000000000000000010|+0000000000000000000|+0000000000000000000|+2.9100000000000e+00|-6.2700060000000e-01|+0.0000000000000e+00|+2.2051140440000e-01|+0.0000000000000e+00
+0000000000000000010|+0000000000000000000|+0000000000000000000|+2.9000000000000e+00|-6.0780500000000e-01|+0.0000000000000e+00|+2.2750829750000e-01|+0.0000000000000e+00
+0000000000000000010|+0000000000000000000|+0000000000000000000|+2.8900000000000e+00|-6.1682220000000e-01|+0.0000000000000e+00|+2.2445567960000e-01|+0.0000000000000e+00
+0000000000000000010|+0000000000000000000|+0000000000000000000|+2.8800000000000e+00|-6.4422720000000e-01|+0.0000000000000e+00|+2.3611559640000e-01|+0.0000000000000e+00
+0000000000000000010|+0000000000000000000|+0000000000000000000|+2.8700000000000e+00|-6.1540800000000e-01|+0.0000000000000e+00|+2.3593744000000e-01|+0.0000000000000e+00
+0000000000000000010|+0000000000000000000|+0000000000000000000|+2.8600000000000e+00|-6.1597740000000e-01|+0.0000000000000e+00|+2.2761563190000e-01|+0.0000000000000e+00
+0000000000000000010|+0000000000000000000|+0000000000000000000|+2.8500000000000e+00|-6.3573900000000e-01|+0.0000000000000e+00|+2.3094274840000e-01|+0.0000000000000e+00
+0000000000000000010|+0000000000000000000|+0000000000000000000|+2.8400000000000e+00|-6.5651280000000e-01|+0.0000000000000e+00|+2.3879150360000e-01|+0.0000000000000e+00
+0000000000000000010|+0000000000000000000|+0000000000000000000|+2.8300000000000e+00|-6.7783310000000e-01|+0.0000000000000e+00|+2.4498491510000e-01|+0.0000000000000e+00
+0000000000000000010|+0000000000000000000|+0000000000000000000|+2.8200000000000e+00|-6.4289700000000e-01|+0.0000000000000e+00|+2.3845177750000e-01|+0.0000000000000e+00
+0000000000000000010|+0000000000000000000|+0000000000000000000|+2.8100000000000e+00|-6.5559620000000e-01|+0.0000000000000e+00|+2.3608263960000e-01|+0.0000000000000e+00
+0000000000000000010|+0000000000000000000|+0000000000000000000|+2.8000000000000e+00|-6.5046400000000e-01|+0.0000000000000e+00|+2.5723262560000e-01|+0.0000000000000e+00
+0000000000000000010|+0000000000000000000|+0000000000000000000|+2.7900000000000e+00|-6.2640630000000e-01|+0.0000000000000e+00|+2.4152085910000e-01|+0.0000000000000e+00
+0000000000000000010|+0000000000000000000|+0000000000000000000|+2.7800000000000e+00|-6.6174420000000e-01|+0.0000000000000e+00|+2.4331418790000e-01|+0.0000000000000e+00
+0000000000000000010|+0000000000000000000|+0000000000000000000|+2.7700000000000e+00|-6.4030110000000e-01|+0.0000000000000e+00|+2.4537383510000e-01|+0.0000000000000e+00
+0000000000000000010|+0000000000000000000|+0000000000000000000|+2.7600000000000e+00|-6.6759600000000e-01|+0.0000000000000e+00|+2.4651959000000e-01|+0.0000000000000e+00
+0000000000000000010|+0000000000000000000|+0000000000000000000|+2.7500000000000e+00|-6.7773250000000e-01|+0.0000000000000e+00|+2.6664296310000e-01|+0.0000000000000e+00
+0000000000000000010|+0000000000000000000|+0000000000000000000|+2.7400000000000e+00|-6.6026360000000e-01|+0.0000000000000e+00|+2.5753862040000e-01|+0.0000000000000e+00
+0000000000000000010|+0000000000000000000|+0000000000000000000|+2.7300000000000e+00|-6.6634980000000e-01|+0.0000000000000e+00|+2.4180057240000e-01|+0.0000000000000e+00
+0000000000000000010|+0000000000000000000|+0000000000000000000|+2.7200000000000e+00|-6.6929440000000e-01|+0.0000000000000e+00|+2.6281150710000e-01|+0.0000000000000e+00
+0000000000000000010|+0000000000000000000|+0000000000000000000|+2.7100000000000e+00|-7.1576980000000e-01|+0.0000000000000e+00|+2.8047241560000e-01|+0.0000000000000e+00
+0000000000000000010|+0000000000000000000|+0000000000000000000|+2.7000000000000e+00|-6.8206500000000e-01|+0.0000000000000e+00|+2.6901259750000e-01|+0.0000000000000e+00
+0000000000000000010|+0000000000000000000|+0000000000000000000|+2.6900000000000e+00|-6.9980020000000e-01|+0.0000000000000e+00|+2.7169230360000e-01|+0.0000000000000e+00
+0000000000000000010|+0000000000000000000|+0000000000000000000|+2.6800000000000e+00|-6.9322960000000e-01|+0.0000000000000e+00|+2.7107283160000e-01|+0.0000000000000e+00
+0000000000000000010|+0000000000000000000|+0000000000000000000|+2.6700000000000e+00|-6.9071130000000e-01|+0.0000000000000e+00|+2.7106006790000e-01|+0.0000000000000e+00
+0000000000000000010|+0000000000000000000|+0000000000000000000|+2.6600000000000e+00|-6.8100080000000e-01|+0.0000000000000e+00|+2.6380046560000e-01|+0.0000000000000e+00
+0000000000000000010|+0000000000000000000|+0000000000000000000|+2.6500000000000e+00|-6.7917750000000e-01|+0.0000000000000e+00|+2.6974137750000e-01|+0.0000000000000e+00
+0000000000000000010|+0000000000000000000|+0000000000000000000|+2.6400000000000e+00|-6.9692640000000e-01|+0.0000000000000e+00|+2.7030361240000e-01|+0.0000000000000e+00
+0000000000000000010|+0000000000000000000|+0000000000000000000|+2.6300000000000e+00|-6.8273930000000e-01|+0.0000000000000e+00|+2.7802968790000e-01|+0.0000000000000e+00
+0000000000000000010|+0000000000000000000|+0000000000000000000|+2.6200000000000e+00|-7.1916740000000e-01|+0.0000000000000e+00|+2.9881910710000e-01|+0.0000000000000e+00
+0000000000000000010|+0000000000000000000|+0000000000000000000|+2.6100000000000e+00|-7.1091450000000e-01|+0.0000000000000e+00|+2.8664319750000e-01|+0.0000000000000e+00
+0000000000000000010|+0000000000000000000|+0000000000000000000|+2.6000000000000e+00|-7.2203400000000e-01|+0.0000000000000e+00|+2.7752525190000e-01|+0.0000000000000e+00
+0000000000000000010|+0000000000000000000|+0000000000000000000|+2.5900000000000e+00|-7.1078440000000e-01|+0.0000000000000e+00|+2.8762521440000e-01|+0.0000000000000e+00
+0000000000000000010|+0000000000000000000|+0000000000000000000|+2.5800000000000e+00|-7.0554480000000e-01|+0.0000000000000e+00|+2.6551228640000e-01|+0.0000000000000e+00
+0000000000000000010|+0000000000000000000|+0000000000000000000|+2.5700000000000e+00|-7.1382680000000e-01|+0.0000000000000e+00|+3.0025750240000e-01|+0.0000000000000e+00
+0000000000000000010|+0000000000000000000|+0000000000000000000|+2.5600000000000e+00|-7.0626240000000e-01|+0.0000000000000e+00|+3.0388005590000e-01|+0.0000000000000e+00
+0000000000000000010|+0000000000000000000|+0000000000000000000|+2.5500000000000e+00|-6.8492250000000e-01|+0.0000000000000e+00|+2.8371409750000e-01|+0.0000000000000e+00
+0000000000000000010|+0000000000000000000|+0000000000000000000|+2.5400000000000e+00|-7.0150540000000e-01|+0.0000000000000e+00|+2.8565275990000e-01|+0.0000000000000e+00
+0000000000000000010|+0000000000000000000|+0000000000000000000|+2.5300000000000e+00|-7.1435040000000e-01|+0.0000000000000e+00|+3.0492597760000e-01|+0.0000000000000e+00
+0000000000000000010|+0000000000000000000|+0000000000000000000|+2.5200000000000e+00|-7.0170120000000e-01|+0.0000000000000e+00|+3.0407288390000e-01|+0.0000000000000e+00
+0000000000000000010|+0000000000000000000|+0000000000000000000|+2.5100000000000e+00|-7.1664430000000e-01|+0.0000000000000e+00|+2.8318147510000e-01|+0.0000000000000e+00
+0000000000000000010|+0000000000000000000|+0000000000000000000|+2.5000000000000e+00|-7.2980000000000e-01|+0.0000000000000e+00|+3.0018671360000e-01|+0.0000000000000e+00
+0000000000000000010|+0000000000000000000|+0000000000000000000|+2.4900000000000e+00|-7.4108760000000e-01|+0.0000000000000e+00|+3.1832246240000e-01|+0.0000000000000e+00
+0000000000000000010|+0000000000000000000|+0000000000000000000|+2.4800000000000e+00|-7.2719040000000e-01|+0.0000000000000e+00|+3.0354776960000e-01|+0.0000000000000e+00
+0000000000000000010|+0000000000000000000|+0000000000000000000|+2.4700000000000e+00|-7.6130050000000e-01|+0.0000000000000e+00|+3.1477327750000e-01|+0.0000000000000e+00
+0000000000000000010|+0000000000000000000|+0000000000000000000|+2.4600000000000e+00|-7.3589880000000e-01|+0.0000000000000e+00|+3.1691811160000e-01|+0.0000000000000e+00
+0000000000000000010|+0000000000000000000|+0000000000000000000|+2.4500000000000e+00|-7.2586800000000e-01|+0.0000000000000e+00|+3.0982967040000e-01|+0.0000000000000e+00
+0000000000000000010|+0000000000000000000|+0000000000000000000|+2.4400000000000e+00|-7.5071200000000e-01|+0.0000000000000e+00|+3.1725196000000e-01|+0.0000000000000e+00
+0000000000000000010|+0000000000000000000|+0000000000000000000|+2.4300000000000e+00|-7.6028400000000e-01|+0.0000000000000e+00|+3.3187456000000e-01|+0.0000000000000e+00
+0000000000000000010|+0000000000000000000|+0000000000000000000|+2.4200000000000e+00|-7.6074620000000e-01|+0.0000000000000e+00|+3.3071030790000e-01|+0.0000000000000e+00
+0000000000000000010|+0000000000000000000|+0000000000000000000|+2.4100000000000e+00|-7.7040480000000e-01|+0.0000000000000e+00|+3.3862924160000e-01|+0.0000000000000e+00
+0000000000000000010|+0000000000000000000|+0000000000000000000|+2.4000000000000e+00|-7.3953600000000e-01|+0.0000000000000e+00|+3.3124099040000e-01|+0.0000000000000e+00
+0000000000000000010|+0000000000000000000|+0000000000000000000|+2.3900000000000e+00|-7.5482750000000e-01|+0.0000000000000e+00|+3.3966243750000e-01|+0.0000000000000e+00
+0000000000000000010|+0000000000000000000|+0000000000000000000|+2.3800000000000e+00|-7.5432160000000e-01|+0.0000000000000e+00|+3.4226821760000e-01|+0.0000000000000e+00
+0000000000000000010|+0000000000000000000|+0000000000000000000|+2.3700000000000e+00|-7.7554200000000e-01|+0.0000000000000e+00|+3.3869244000000e-01|+0.0000000000000e+00
+0000000000000000010|+0000000000000000000|+0000000000000000000|+2.3600000000000e+00|-7.5314720000000e-01|+0.0000000000000e+00|+3.4447284960000e-01|+0.0000000000000e+00
+0000000000000000010|+0000000000000000000|+0000000000000000000|+2.3500000000000e+00|-7.7071350000000e-01|+0.0000000000000e+00|+3.4162113190000e-01|+0.0000000000000e+00
+0000000000000000010|+0000000000000000000|+0000000000000000000|+2.3400000000000e+00|-7.7826420000000e-01|+0.0000000000000e+00|+3.4698754310000e-01|+0.0000000000000e+00
+0000000000000000010|+0000000000000000000|+0000000000000000000|+2.3300000000000e+00|-7.8911220000000e-01|+0.0000000000000e+00|+3.4713716440000e-01|+0.0000000000000e+00
+0000000000000000010|+0000000000000000000|+0000000000000000000|+2.3200000000000e+00|-7.8787760000000e-01|+0.0000000000000e+00|+3.5667307510000e-01|+0.0000000000000e+00
+0000000000000000010|+0000000000000000000|+0000000000000000000|+2.3100000000000e+00|-8.0994150000000e-01|+0.0000000000000e+00|+3.8496237750000e-01|+0.0000000000000e+00
+0000000000000000010|+0000000000000000000|+0000000000000000000|+2.3000000000000e+00|-8.1537100000000e-01|+0.0000000000000e+00|+3.5754412710000e-01|+0.0000000000000e+00
+0000000000000000010|+0000000000000000000|+0000000000000000000|+2.2900000000000e+00|-7.8097530000000e-01|+0.0000000000000e+00|+3.7354245510000e-01|+0.0000000000000e+00
+0000000000000000010|+0000000000000000000|+0000000000000000000|+2.2800000000000e+00|-7.9867920000000e-01|+0.0000000000000e+00|+3.6243662040000e-01|+0.0000000000000e+00
+0000000000000000010|+0000000000000000000|+0000000000000000000|+2.2700000000000e+00|-8.1107230000000e-01|+0.0000000000000e+00|+3.8351471990000e-01|+0.0000000000000e+00
+0000000000000000010|+0000000000000000000|+0000000000000000000|+2.2600000000000e+00|-8.1110220000000e-01|+0.0000000000000e+00|+3.6211101910000e-01|+0.0000000000000e+00
+0000000000000000010|+0000000000000000000|+0000000000000000000|+2.2500000000000e+00|-8.3151000000000e-01|+0.0000000000000e+00|+3.7948540640000e-01|+0.0000000000000e+00
+0000000000000000010|+0000000000000000000|+0000000000000000000|+2.2400000000000e+00|-8.1432000000000e-01|+0.0000000000000e+00|+3.9553600000000e-01|+0.0000000000000e+00
+0000000000000000010|+0000000000000000000|+0000000000000000000|+2.2300000000000e+00|-8.2463480000000e-01|+0.0000000000000e+00|+3.6720086240000e-01|+0.0000000000000e+00
+0000000000000000010|+0000000000000000000|+0000000000000000000|+2.2200000000000e+00|-8.2547700000000e-01|+0.0000000000000e+00|+3.8400537750000e-01|+0.0000000000000e+00
+0000000000000000010|+0000000000000000000|+0000000000000000000|+2.2100000000000e+00|-8.2225360000000e-01|+0.0000000000000e+00|+3.9299517440000e-01|+0.0000000000000e+00
+0000000000000000010|+0000000000000000000|+0000000000000000000|+2.2000000000000e+00|-8.5292400000000e-01|+0.0000000000000e+00|+4.1797542360000e-01|+0.0000000000000e+00
+0000000000000000010|+0000000000000000000|+0000000000000000000|+2.1900000000000e+00|-8.3936730000000e-01|+0.0000000000000e+00|+3.9627015110000e-01|+0.0000000000000e+00
+0000000000000000010|+0000000000000000000|+0000000000000000000|+2.1800000000000e+00|-8.5599860000000e-01|+0.0000000000000e+00|+4.2335044710000e-01|+0.0000000000000e+00
+0000000000000000010|+0000000000000000000|+0000000000000000000|+2.1700000000000e+00|-8.4902040000000e-01|+0.0000000000000e+00|+4.0247326560000e-01|+0.0000000000000e+00
+0000000000000000010|+0000000000000000000|+0000000000000000000|+2.1600000000000e+00|-8.3495520000000e-01|+0.0000000000000e+00|+4.0910763160000e-01|+0.0000000000000e+00
+0000000000000000010|+0000000000000000000|+0000000000000000000|+2.1500000000000e+00|-9.0058850000000e-01|+0.0000000000000e+00|+4.4397214790000e-01|+0.0000000000000e+00
+0000000000000000010|+0000000000000000000|+0000000000000000000|+2.1400000000000e+00|-8.5259340000000e-01|+0.0000000000000e+00|+4.2107096390000e-01|+0.0000000000000e+00
+0000000000000000010|+0000000000000000000|+0000000000000000000|+2.1300000000000e+00|-8.5790430000000e-01|+0.0000000000000e+00|+4.2753800790000e-01|+0.0000000000000e+00
+0000000000000000010|+0000000000000000000|+0000000000000000000|+2.1200000000000e+00|-9.0110440000000e-01|+0.0000000000000e+00|+4.1916422310000e-01|+0.0000000000000e+00
+0000000000000000010|+0000000000000000000|+0000000000000000000|+2.1100000000000e+00|-8.6952950000000e-01|+0.0000000000000e+00|+4.2764559750000e-01|+0.0000000000000e+00
+0000000000000000010|+0000000000000000000|+0000000000000000000|+2.1000000000000e+00|-8.7561900000000e-01|+0.0000000000000e+00|+4.3657520790000e-01|+0.0000000000000e+00
+0000000000000000010|+0000000000000000000|+0000000000000000000|+2.0900000000000e+00|-8.6792470000000e-01|+0.0000000000000e+00|+4.3336325110000e-01|+0.0000000000000e+00
+0000000000000000010|+0000000000000000000|+0000000000000000000|+2.0800000000000e+00|-8.9493920000000e-01|+0.0000000000000e+00|+4.4590623990000e-01|+0.0000000000000e+00
+0000000000000000010|+0000000000000000000|+0000000000000000000|+2.0700000000000e+00|-8.8799580000000e-01|+0.0000000000000e+00|+4.5342591640000e-01|+0.0000000000000e+00
+0000000000000000010|+0000000000000000000|+0000000000000000000|+2.0600000000000e+00|-8.8867780000000e-01|+0.0000000000000e+00|+4.4711162310000e-01|+0.0000000000000e+00
+0000000000000000010|+0000000000000000000|+0000000000000000000|+2.0500000000000e+00|-8.9318300000000e-01|+0.0000000000000e+00|+4.5037377240000e-01|+0.0000000000000e+00
+0000000000000000010|+0000000000000000000|+0000000000000000000|+2.0400000000000e+00|-9.0090240000000e-01|+0.0000000000000e+00|+4.5955440640000e-01|+0.0000000000000e+00
+0000000000000000010|+0000000000000000000|+0000000000000000000|+2.0300000000000e+00|-9.1166410000000e-01|+0.0000000000000e+00|+4.9638719910000e-01|+0.0000000000000e+00
+0000000000000000010|+0000000000000000000|+0000000000000000000|+2.0200000000000e+00|-8.9835180000000e-01|+0.0000000000000e+00|+4.5861721190000e-01|+0.0000000000000e+00
+0000000000000000010|+0000000000000000000|+0000000000000000000|+2.0100000000000e+00|-9.2139810000000e-01|+0.0000000000000e+00|+4.9121560390000e-01|+0.0000000000000e+00
+0000000000000000010|+0000000000000000000|+0000000000000000000|+2.0000000000000e+00|-9.3138000000000e-01|+0.0000000000000e+00|+4.9000532390000e-01|+0.0000000000000e+00
+0000000000000000010|+0000000000000000000|+0000000000000000000|+1.9900000000000e+00|-9.2279630000000e-01|+0.0000000000000e+00|+5.0154430310000e-01|+0.0000000000000e+00
+0000000000000000010|+0000000000000000000|+0000000000000000000|+1.9800000000000e+00|-9.4930380000000e-01|+0.0000000000000e+00|+4.7357804390000e-01|+0.0000000000000e+00
+0000000000000000010|+0000000000000000000|+0000000000000000000|+1.9700000000000e+00|-9.4086810000000e-01|+0.0000000000000e+00|+5.0911472710000e-01|+0.0000000000000e+00
+0000000000000000010|+0000000000000000000|+0000000000000000000|+1.9600000000000e+00|-9.3241280000000e-01|+0.0000000000000e+00|+4.9696325760000e-01|+0.0000000000000e+00
+0000000000000000010|+0000000000000000000|+0000000000000000000|+1.9500000000000e+00|-9.5113950000000e-01|+0.0000000000000e+00|+5.0237660790000e-01|+0.0000000000000e+00
+0000000000000000010|+0000000000000000000|+0000000000000000000|+1.9400000000000e+00|-9.6725720000000e-01|+0.0000000000000e+00|+5.3039577560000e-01|+0.0000000000000e+00
+0000000000000000010|+0000000000000000000|+0000000000000000000|+1.9300000000000e+00|-9.5518960000000e-01|+0.0000000000000e+00|+5.1972908160000e-01|+0.0000000000000e+00
+0000000000000000010|+0000000000000000000|+0000000000000000000|+1.9200000000000e+00|-9.3629760000000e-01|+0.0000000000000e+00|+5.1746017910000e-01|+0.0000000000000e+00
+0000000000000000010|+0000000000000000000|+0000000000000000000|+1.9100000000000e+00|-9.5524740000000e-01|+0.0000000000000e+00|+5.1398614040000e-01|+0.0000000000000e+00
+0000000000000000010|+0000000000000000000|+0000000000000000000|+1.9000000000000e+00|-9.9748000000000e-01|+0.0000000000000e+00|+5.2731536000000e-01|+0.0000000000000e+00
+0000000000000000010|+0000000000000000000|+0000000000000000000|+1.8900000000000e+00|-9.5672520000000e-01|+0.0000000000000e+00|+5.2357697760000e-01|+0.0000000000000e+00
+0000000000000000010|+0000000000000000000|+0000000000000000000|+1.8800000000000e+00|-9.7068440000000e-01|+0.0000000000000e+00|+5.3892560310000e-01|+0.0000000000000e+00
+0000000000000000010|+0000000000000000000|+0000000000000000000|+1.8700000000000e+00|-9.9529150000000e-01|+0.0000000000000e+00|+5.5747329750000e-01|+0.0000000000000e+00
+0000000000000000010|+0000000000000000000|+0000000000000000000|+1.8600000000000e+00|-9.8442840000000e-01|+0.0000000000000e+00|+5.5558767640000e-01|+0.0000000000000e+00
+0000000000000000010|+0000000000000000000|+0000000000000000000|+1.8500000000000e+00|-9.9377150000000e-01|+0.0000000000000e+00|+5.3144350790000e-01|+0.0000000000000e+00
+0000000000000000010|+0000000000000000000|+0000000000000000000|+1.8400000000000e+00|-9.9062640000000e-01|+0.0000000000000e+00|+5.4167933590000e-01|+0.0000000000000e+00
+0000000000000000010|+0000000000000000000|+0000000000000000000|+1.8300000000000e+00|-1.0115724000000e+00|+0.0000000000000e+00|+5.6511800160000e-01|+0.0000000000000e+00
+0000000000000000010|+0000000000000000000|+0000000000000000000|+1.8200000000000e+00|-1.0166998000000e+00|+0.0000000000000e+00|+5.6826988790000e-01|+0.0000000000000e+00
+0000000000000000010|+0000000000000000000|+0000000000000000000|+1.8100000000000e+00|-1.0377926000000e+00|+0.0000000000000e+00|+6.0227306840000e-01|+0.0000000000000e+00
+0000000000000000010|+0000000000000000000|+0000000000000000000|+1.8000000000000e+00|-1.0091520000000e+00|+0.0000000000000e+00|+5.7538279040000e-01|+0.0000000000000e+00
+0000000000000000010|+0000000000000000000|+0000000000000000000|+1.7900000000000e+00|-1.0266308000000e+00|+0.0000000000000e+00|+5.8819652960000e-01|+0.0000000000000e+00
+0000000000000000010|+0000000000000000000|+0000000000000000000|+1.7800000000000e+00|-1.0346874000000e+00|+0.0000000000000e+00|+6.1639719110000e-01|+0.0000000000000e+00
+0000000000000000010|+0000000000000000000|+0000000000000000000|+1.7700000000000e+00|-1.0682013000000e+00|+0.0000000000000e+00|+6.1091740390000e-01|+0.0000000000000e+00
+0000000000000000010|+0000000000000000000|+0000000000000000000|+1.7600000000000e+00|-1.0427664000000e+00|+0.0000000000000e+00|+6.4707060790000e-01|+0.0000000000000e+00
+0000000000000000010|+0000000000000000000|+0000000000000000000|+1.7500000000000e+00|-1.0710800000000e+00|+0.0000000000000e+00|+6.4270698240000e-01|+0.0000000000000e+00
+0000000000000000010|+0000000000000000000|+0000000000000000000|+1.7400000000000e+00|-1.0741482000000e+00|+0.0000000000000e+00|+6.6319721510000e-01|+0.0000000000000e+00
+0000000000000000010|+0000000000000000000|+0000000000000000000|+1.7300000000000e+00|-1.0872392000000e+00|+0.0000000000000e+00|+6.6350467840000e-01|+0.0000000000000e+00
+0000000000000000010|+0000000000000000000|+0000000000000000000|+1.7200000000000e+00|-1.1028476000000e+00|+0.0000000000000e+00|+6.4349255110000e-01|+0.0000000000000e+00
+0000000000000000010|+0000000000000000000|+0000000000000000000|+1.7100000000000e+00|-1.0989495000000e+00|+0.0000000000000e+00|+6.6331359750000e-01|+0.0000000000000e+00
+0000000000000000010|+0000000000000000000|+0000000000000000000|+1.7000000000000e+00|-1.0997820000000e+00|+0.0000000000000e+00|+6.4416738840000e-01|+0.0000000000000e+00
+0000000000000000010|+0000000000000000000|+0000000000000000000|+1.6900000000000e+00|-1.1202825000000e+00|+0.0000000000000e+00|+7.0514693750000e-01|+0.0000000000000e+00
+0000000000000000010|+0000000000000000000|+0000000000000000000|+1.6800000000000e+00|-1.0871184000000e+00|+0.0000000000000e+00|+6.7705449560000e-01|+0.0000000000000e+00
+0000000000000000010|+0000000000000000000|+0000000000000000000|+1.6700000000000e+00|-1.1129959000000e+00|+0.0000000000000e+00|+6.6931038710000e-01|+0.0000000000000e+00
+0000000000000000010|+0000000000000000000|+0000000000000000000|+1.6600000000000e+00|-1.1514562000000e+00|+0.0000000000000e+00|+7.2029213510000e-01|+0.0000000000000e+00
+0000000000000000010|+0000000000000000000|+0000000000000000000|+1.6500000000000e+00|-1.1402220000000e+00|+0.0000000000000e+00|+7.2341009760000e-01|+0.0000000000000e+00
+0000000000000000010|+0000000000000000000|+0000000000000000000|+1.6400000000000e+00|-1.1754188000000e+00|+0.0000000000000e+00|+7.4571763110000e-01|+0.0000000000000e+00
+0000000000000000010|+0000000000000000000|+0000000000000000000|+1.6300000000000e+00|-1.1261701000000e+00|+0.0000000000000e+00|+7.4088058710000e-01|+0.0000000000000e+00
+0000000000000000010|+0000000000000000000|+0000000000000000000|+1.6200000000000e+00|-1.1382948000000e+00|+0.0000000000000e+00|+7.3666042840000e-01|+0.0000000000000e+00
+0000000000000000010|+0000000000000000000|+0000000000000000000|+1.6100000000000e+00|-1.1546187000000e+00|+0.0000000000000e+00|+7.3637079110000e-01|+0.0000000000000e+00
+0000000000000000010|+0000000000000000000|+0000000000000000000|+1.6000000000000e+00|-1.1596800000000e+00|+0.0000000000000e+00|+7.6556589750000e-01|+0.0000000000000e+00
+0000000000000000010|+0000000000000000000|+0000000000000000000|+1.5900000000000e+00|-1.1653677000000e+00|+0.0000000000000e+00|+7.7024711910000e-01|+0.0000000000000e+00
+0000000000000000010|+0000000000000000000|+0000000000000000000|+1.5800000000000e+00|-1.1794058000000e+00|+0.0000000000000e+00|+7.6524633990000e-01|+0.0000000000000e+00
+0000000000000000010|+0000000000000000000|+0000000000000000000|+1.5700000000000e+00|-1.1694286000000e+00|+0.0000000000000e+00|+7.7776311960000e-01|+0.0000000000000e+00
+0000000000000000010|+0000000000000000000|+0000000000000000000|+1.5600000000000e+00|-1.1842776000000e+00|+0.0000000000000e+00|+7.5419386840000e-01|+0.0000000000000e+00
+0000000000000000010|+0000000000000000000|+0000000000000000000|+1.5500000000000e+00|-1.2120335000000e+00|+0.0000000000000e+00|+7.8762505510000e-01|+0.0000000000000e+00
+0000000000000000010|+0000000000000000000|+0000000000000000000|+1.5400000000000e+00|-1.2093020000000e+00|+0.0000000000000e+00|+8.4645631000000e-01|+0.0000000000000e+00
+0000000000000000010|+0000000000000000000|+0000000000000000000|+1.5300000000000e+00|-1.2444588000000e+00|+0.0000000000000e+00|+8.4632671840000e-01|+0.0000000000000e+00
+0000000000000000010|+0000000000000000000|+0000000000000000000|+1.5200000000000e+00|-1.2263920000000e+00|+0.0000000000000e+00|+8.3603359000000e-01|+0.0000000000000e+00
+0000000000000000010|+0000000000000000000|+0000000000000000000|+1.5100000000000e+00|-1.2340230000000e+00|+0.0000000000000e+00|+8.4684671000000e-01|+0.0000000000000e+00
+0000000000000000010|+0000000000000000000|+0000000000000000000|+1.5000000000000e+00|-1.2267900000000e+00|+0.0000000000000e+00|+8.2958502040000e-01|+0.0000000000000e+00
+0000000000000000010|+0000000000000000000|+0000000000000000000|+1.4900000000000e+00|-1.2449142000000e+00|+0.0000000000000e+00|+8.5843446360000e-01|+0.0000000000000e+00
+0000000000000000010|+0000000000000000000|+0000000000000000000|+1.4800000000000e+00|-1.2740576000000e+00|+0.0000000000000e+00|+8.4404754560000e-01|+0.0000000000000e+00
+0000000000000000010|+0000000000000000000|+0000000000000000000|+1.4700000000000e+00|-1.2607569000000e+00|+0.0000000000000e+00|+8.8636640710000e-01|+0.0000000000000e+00
+0000000000000000010|+0000000000000000000|+0000000000000000000|+1.4600000000000e+00|-1.2572558000000e+00|+0.0000000000000e+00|+8.9659102710000e-01|+0.0000000000000e+00
+0000000000000000010|+0000000000000000000|+0000000000000000000|+1.4500000000000e+00|-1.2689905000000e+00|+0.0000000000000e+00|+8.9946492790000e-01|+0.0000000000000e+00
+0000000000000000010|+0000000000000000000|+0000000000000000000|+1.4400000000000e+00|-1.2729888000000e+00|+0.0000000000000e+00|+9.0429988960000e-01|+0.0000000000000e+00
+0000000000000000010|+0000000000000000000|+0000000000000000000|+1.4300000000000e+00|-1.3226119000000e+00|+0.0000000000000e+00|+9.6038721110000e-01|+0.0000000000000e+00
+0000000000000000010|+0000000000000000000|+0000000000000000000|+1.4200000000000e+00|-1.3023714000000e+00|+0.0000000000000e+00|+9.5246721110000e-01|+0.0000000000000e+00
+0000000000000000010|+0000000000000000000|+0000000000000000000|+1.4100000000000e+00|-1.3274943000000e+00|+0.0000000000000e+00|+9.6352392710000e-01|+0.0000000000000e+00
+0000000000000000010|+0000000000000000000|+0000000000000000000|+1.4000000000000e+00|-1.3398660000000e+00|+0.0000000000000e+00|+9.7234964390000e-01|+0.0000000000000e+00
+0000000000000000010|+0000000000000000000|+0000000000000000000|+1.3900000000000e+00|-1.3717423000000e+00|+0.0000000000000e+00|+1.0088649751000e+00|+0.0000000000000e+00
+0000000000000000010|+0000000000000000000|+0000000000000000000|+1.3800000000000e+00|-1.3386624000000e+00|+0.0000000000000e+00|+1.0088837696000e+00|+0.0000000000000e+00
+0000000000000000010|+0000000000000000000|+0000000000000000000|+1.3700000000000e+00|-1.3643477000000e+00|+0.0000000000000e+00|+1.0070479959000e+00|+0.0000000000000e+00
+0000000000000000010|+0000000000000000000|+0000000000000000000|+1.3600000000000e+00|-1.3890744000000e+00|+0.0000000000000e+00|+1.0231278759000e+00|+0.0000000000000e+00
+0000000000000000010|+0000000000000000000|+0000000000000000000|+1.3500000000000e+00|-1.3878720000000e+00|+0.0000000000000e+00|+1.0556841216000e+00|+0.0000000000000e+00
+0000000000000000010|+0000000000000000000|+0000000000000000000|+1.3400000000000e+00|-1.3897080000000e+00|+0.0000000000000e+00|+1.0354175600000e+00|+0.0000000000000e+00
+0000000000000000010|+0000000000000000000|+0000000000000000000|+1.3300000000000e+00|-1.4142830000000e+00|+0.0000000000000e+00|+1.0855639900000e+00|+0.0000000000000e+00
+0000000000000000010|+0000000000000000000|+0000000000000000000|+1.3200000000000e+00|-1.4186232000000e+00|+0.0000000000000e+00|+1.0800138524000e+00|+0.0000000000000e+00
+0000000000000000010|+0000000000000000000|+0000000000000000000|+1.3100000000000e+00|-1.4148822000000e+00|+0.0000000000000e+00|+1.0812823356000e+00|+0.0000000000000e+00
+0000000000000000010|+0000000000000000000|+0000000000000000000|+1.3000000000000e+00|-1.4312880000000e+00|+0.0000000000000e+00|+1.1068953024000e+00|+0.0000000000000e+00
+0000000000000000010|+0000000000000000000|+0000000000000000000|+1.2900000000000e+00|-1.4501457000000e+00|+0.0000000000000e+00|+1.0991830111000e+00|+0.0000000000000e+00
+0000000000000000010|+0000000000000000000|+0000000000000000000|+1.2800000000000e+00|-1.4646880000000e+00|+0.0000000000000e+00|+1.1647355900000e+00|+0.0000000000000e+00
+0000000000000000010|+0000000000000000000|+0000000000000000000|+1.2700000000000e+00|-1.4698173000000e+00|+0.0000000000000e+00|+1.1791375799000e+00|+0.0000000000000e+00
+0000000000000000010|+0000000000000000000|+0000000000000000000|+1.2600000000000e+00|-1.4714100000000e+00|+0.0000000000000e+00|+1.1726977500000e+00|+0.0000000000000e+00
+0000000000000000010|+0000000000000000000|+0000000000000000000|+1.2500000000000e+00|-1.4890375000000e+00|+0.0000000000000e+00|+1.1954630871000e+00|+0.0000000000000e+00
+0000000000000000010|+0000000000000000000|+0000000000000000000|+1.2400000000000e+00|-1.5184716000000e+00|+0.0000000000000e+00|+1.2129319719000e+00|+0.0000000000000e+00
+0000000000000000010|+0000000000000000000|+0000000000000000000|+1.2300000000000e+00|-1.5225084000000e+00|+0.0000000000000e+00|+1.2555602736000e+00|+0.0000000000000e+00
+0000000000000000010|+0000000000000000000|+0000000000000000000|+1.2200000000000e+00|-1.5263148000000e+00|+0.0000000000000e+00|+1.2954902844000e+00|+0.0000000000000e+00
+0000000000000000010|+0000000000000000000|+0000000000000000000|+1.2100000000000e+00|-1.5441849000000e+00|+0.0000000000000e+00|+1.2292282239000e+00|+0.0000000000000e+00
+0000000000000000010|+0000000000000000000|+0000000000000000000|+1.2000000000000e+00|-1.5613440000000e+00|+0.0000000000000e+00|+1.2888617456000e+00|+0.0000000000000e+00
+0000000000000000010|+0000000000000000000|+0000000000000000000|+1.1900000000000e+00|-1.5620103000000e+00|+0.0000000000000e+00|+1.3057206431000e+00|+0.0000000000000e+00
+0000000000000000010|+0000000000000000000|+0000000000000000000|+1.1800000000000e+00|-1.5607510000000e+00|+0.0000000000000e+00|+1.2972126975000e+00|+0.0000000000000e+00
+0000000000000000010|+0000000000000000000|+0000000000000000000|+1.1700000000000e+00|-1.5844293000000e+00|+0.0000000000000e+00|+1.3370102559000e+00|+0.0000000000000e+00
+0000000000000000010|+0000000000000000000|+0000000000000000000|+1.1600000000000e+00|-1.6213724000000e+00|+0.0000000000000e+00|+1.4186879879000e+00|+0.0000000000000e+00
+0000000000000000010|+0000000000000000000|+0000000000000000000|+1.1500000000000e+00|-1.6476835000000e+00|+0.0000000000000e+00|+1.3994532959000e+00|+0.0000000000000e+00
+0000000000000000010|+0000000000000000000|+0000000000000000000|+1.1400000000000e+00|-1.6589802000000e+00|+0.0000000000000e+00|+1.3784590551000e+00|+0.0000000000000e+00
+0000000000000000010|+0000000000000000000|+0000000000000000000|+1.1300000000000e+00|-1.6789309000000e+00|+0.0000000000000e+00|+1.4294377751000e+00|+0.0000000000000e+00
+0000000000000000010|+0000000000000000000|+0000000000000000000|+1.1200000000000e+00|-1.6676368000000e+00|+0.0000000000000e+00|+1.4881455479000e+00|+0.0000000000000e+00
+0000000000000000010|+0000000000000000000|+0000000000000000000|+1.1100000000000e+00|-1.6917876000000e+00|+0.0000000000000e+00|+1.4783226544000e+00|+0.0000000000000e+00
+0000000000000000010|+0000000000000000000|+0000000000000000000|+1.1000000000000e+00|-1.6975260000000e+00|+0.0000000000000e+00|+1.5062394044000e+00|+0.0000000000000e+00
+0000000000000000010|+0000000000000000000|+0000000000000000000|+1.0900000000000e+00|-1.6964322000000e+00|+0.0000000000000e+00|+1.4736604636000e+00|+0.0000000000000e+00
+0000000000000000010|+0000000000000000000|+0000000000000000000|+1.0800000000000e+00|-1.7131572000000e+00|+0.0000000000000e+00|+1.4970492319000e+00|+0.0000000000000e+00
+0000000000000000010|+0000000000000000000|+0000000000000000000|+1.0700000000000e+00|-1.7313523000000e+00|+0.0000000000000e+00|+1.5555376079000e+00|+0.0000000000000e+00
+0000000000000000010|+0000000000000000000|+0000000000000000000|+1.0600000000000e+00|-1.7757528000000e+00|+0.0000000000000e+00|+1.5886875056000e+00|+0.0000000000000e+00
+0000000000000000010|+0000000000000000000|+0000000000000000000|+1.0500000000000e+00|-1.7974560000000e+00|+0.0000000000000e+00|+1.5678537216000e+00|+0.0000000000000e+00
+0000000000000000010|+0000000000000000000|+0000000000000000000|+1.0400000000000e+00|-1.7899320000000e+00|+0.0000000000000e+00|+1.6395512975000e+00|+0.0000000000000e+00
+0000000000000000010|+0000000000000000000|+0000000000000000000|+1.0300000000000e+00|-1.8080043000000e+00|+0.0000000000000e+00|+1.6801571639000e+00|+0.0000000000000e+00
+0000000000000000010|+0000000000000000000|+0000000000000000000|+1.0200000000000e+00|-1.8463812000000e+00|+0.0000000000000e+00|+1.7010220764000e+00|+0.0000000000000e+00
+0000000000000000010|+0000000000000000000|+0000000000000000000|+1.0100000000000e+00|-1.8175124000000e+00|+0.0000000000000e+00|+1.7037179824000e+00|+0.0000000000000e+00
+0000000000000000010|+0000000000000000000|+0000000000000000000|+1.0000000000000e+00|-1.8634800000000e+00|+0.0000000000000e+00|+1.7656022896000e+00|+0.0000000000000e+00
+0000000000000000010|+0000000000000000000|+0000000000000000000|+9.9000000000000e-01|-1.8556587000000e+00|+0.0000000000000e+00|+1.7767327631000e+00|+0.0000000000000e+00
+0000000000000000010|+0000000000000000000|+0000000000000000000|+9.8000000000000e-01|-1.8751532000000e+00|+0.0000000000000e+00|+1.7519167644000e+00|+0.0000000000000e+00
+0000000000000000010|+0000000000000000000|+0000000000000000000|+9.7000000000000e-01|-1.9279840000000e+00|+0.0000000000000e+00|+1.8306681600000e+00|+0.0000000000000e+00
+0000000000000000010|+0000000000000000000|+0000000000000000000|+9.6000000000000e-01|-1.9306368000000e+00|+0.0000000000000e+00|+1.8554956711000e+00|+0.0000000000000e+00
+0000000000000000010|+0000000000000000000|+0000000000000000000|+9.5000000000000e-01|-1.9770250000000e+00|+0.0000000000000e+00|+1.9024497500000e+00|+0.0000000000000e+00
+0000000000000000010|+0000000000000000000|+0000000000000000000|+9.4000000000000e-01|-1.9851982000000e+00|+0.0000000000000e+00|+1.8937594191000e+00|+0.0000000000000e+00
+0000000000000000010|+0000000000000000000|+0000000000000000000|+9.3000000000000e-01|-1.9848015000000e+00|+0.0000000000000e+00|+1.9668623975000e+00|+0.0000000000000e+00
+0000000000000000010|+0000000000000000000|+0000000000000000000|+9.2000000000000e-01|-1.9968212000000e+00|+0.0000000000000e+00|+2.0163684679000e+00|+0.0000000000000e+00
+0000000000000000010|+0000000000000000000|+0000000000000000000|+9.1000000000000e-01|-2.0222043000000e+00|+0.0000000000000e+00|+1.9849502271000e+00|+0.0000000000000e+00
+0000000000000000010|+0000000000000000000|+0000000000000000000|+9.0000000000000e-01|-2.0399850000000e+00|+0.0000000000000e+00|+2.0469277775000e+00|+0.0000000000000e+00
+0000000000000000010|+0000000000000000000|+0000000000000000000|+8.9000000000000e-01|-2.0618720000000e+00|+0.0000000000000e+00|+2.1182129600000e+00|+0.0000000000000e+00
+0000000000000000010|+0000000000000000000|+0000000000000000000|+8.8000000000000e-01|-2.0720232000000e+00|+0.0000000000000e+00|+2.1409482679000e+00|+0.0000000000000e+00
+0000000000000000010|+0000000000000000000|+0000000000000000000|+8.7000000000000e-01|-2.1091437000000e+00|+0.0000000000000e+00|+2.1743495399000e+00|+0.0000000000000e+00
+0000000000000000010|+0000000000000000000|+0000000000000000000|+8.6000000000000e-01|-2.1523314000000e+00|+0.0000000000000e+00|+2.1583213799000e+00|+0.0000000000000e+00
+0000000000000000010|+0000000000000000000|+0000000000000000000|+8.5000000000000e-01|-2.1826735000000e+00|+0.0000000000000e+00|+2.2360536919000e+00|+0.0000000000000e+00
+0000000000000000010|+0000000000000000000|+0000000000000000000|+8.4000000000000e-01|-2.1832008000000e+00|+0.0000000000000e+00|+2.2307671356000e+00|+0.0000000000000e+00
+0000000000000000010|+0000000000000000000|+0000000000000000000|+8.3000000000000e-01|-2.1967582000000e+00|+0.0000000000000e+00|+2.2767451484000e+00|+0.0000000000000e+00
+0000000000000000010|+0000000000000000000|+0000000000000000000|+8.2000000000000e-01|-2.2050108000000e+00|+0.0000000000000e+00|+2.2202029564000e+00|+0.0000000000000e+00
+0000000000000000010|+0000000000000000000|+0000000000000000000|+8.1000000000000e-01|-2.2447224000000e+00|+0.0000000000000e+00|+2.3751550784000e+00|+0.0000000000000e+00
+0000000000000000010|+0000000000000000000|+0000000000000000000|+8.0000000000000e-01|-2.2772800000000e+00|+0.0000000000000e+00|+2.4381471900000e+00|+0.0000000000000e+00
+0000000000000000010|+0000000000000000000|+0000000000000000000|+7.9000000000000e-01|-2.3091848000000e+00|+0.0000000000000e+00|+2.5060539456000e+00|+0.0000000000000e+00
+0000000000000000010|+0000000000000000000|+0000000000000000000|+7.8000000000000e-01|-2.3223756000000e+00|+0.0000000000000e+00|+2.4773815196000e+00|+0.0000000000000e+00
+0000000000000000010|+0000000000000000000|+0000000000000000000|+7.7000000000000e-01|-2.3352345000000e+00|+0.0000000000000e+00|+2.5551414775000e+00|+0.0000000000000e+00
+0000000000000000010|+0000000000000000000|+0000000000000000000|+7.6000000000000e-01|-2.3759604000000e+00|+0.0000000000000e+00|+2.6544274959000e+00|+0.0000000000000e+00
+0000000000000000010|+0000000000000000000|+0000000000000000000|+7.5000000000000e-01|-2.3849400000000e+00|+0.0000000000000e+00|+2.6371287936000e+00|+0.0000000000000e+00
+0000000000000000010|+0000000000000000000|+0000000000000000000|+7.4000000000000e-01|-2.4351842000000e+00|+0.0000000000000e+00|+2.6345204311000e+00|+0.0000000000000e+00
+0000000000000000010|+0000000000000000000|+0000000000000000000|+7.3000000000000e-01|-2.4363883000000e+00|+0.0000000000000e+00|+2.6609435159000e+00|+0.0000000000000e+00
+0000000000000000010|+0000000000000000000|+0000000000000000000|+7.2000000000000e-01|-2.4829704000000e+00|+0.0000000000000e+00|+2.7629974551000e+00|+0.0000000000000e+00
+0000000000000000010|+0000000000000000000|+0000000000000000000|+7.1000000000000e-01|-2.5048700000000e+00|+0.0000000000000e+00|+2.7003110000000e+00|+0.0000000000000e+00
+0000000000000000010|+0000000000000000000|+0000000000000000000|+7.0000000000000e-01|-2.5391970000000e+00|+0.0000000000000e+00|+2.8078642759000e+00|+0.0000000000000e+00
+0000000000000000010|+0000000000000000000|+0000000000000000000|+6.9000000000000e-01|-2.5559328000000e+00|+0.0000000000000e+00|+2.8015433856000e+00|+0.0000000000000e+00
+0000000000000000010|+0000000000000000000|+0000000000000000000|+6.8000000000000e-01|-2.5852216000000e+00|+0.0000000000000e+00|+2.8170432156000e+00|+0.0000000000000e+00
+0000000000000000010|+0000000000000000000|+0000000000000000000|+6.7000000000000e-01|-2.6204042000000e+00|+0.0000000000000e+00|+2.9268390524000e+00|+0.0000000000000e+00
+0000000000000000010|+0000000000000000000|+0000000000000000000|+6.6000000000000e-01|-2.6575224000000e+00|+0.0000000000000e+00|+2.9439377904000e+00|+0.0000000000000e+00
+0000000000000000010|+0000000000000000000|+0000000000000000000|+6.5000000000000e-01|-2.6858140000000e+00|+0.0000000000000e+00|+2.9437465264000e+00|+0.0000000000000e+00
+0000000000000000010|+0000000000000000000|+0000000000000000000|+6.4000000000000e-01|-2.7241888000000e+00|+0.0000000000000e+00|+2.8891534911000e+00|+0.0000000000000e+00
+0000000000000000010|+0000000000000000000|+0000000000000000000|+6.3000000000000e-01|-2.7414270000000e+00|+0.0000000000000e+00|+3.0904155900000e+00|+0.0000000000000e+00
+0000000000000000010|+0000000000000000000|+0000000000000000000|+6.2000000000000e-01|-2.7753542000000e+00|+0.0000000000000e+00|+3.0891087319000e+00|+0.0000000000000e+00
+0000000000000000010|+0000000000000000000|+0000000000000000000|+6.1000000000000e-01|-2.8128658000000e+00|+0.0000000000000e+00|+3.1016919516000e+00|+0.0000000000000e+00
+0000000000000000010|+0000000000000000000|+0000000000000000000|+6.0000000000000e-01|-2.8313340000000e+00|+0.0000000000000e+00|+3.0715421679000e+00|+0.0000000000000e+00
+0000000000000000010|+0000000000000000000|+0000000000000000000|+5.9000000000000e-01|-2.9043344000000e+00|+0.0000000000000e+00|+3.1995484544000e+00|+0.0000000000000e+00
+0000000000000000010|+0000000000000000000|+0000000000000000000|+5.8000000000000e-01|-2.8839164000000e+00|+0.0000000000000e+00|+3.2573315036000e+00|+0.0000000000000e+00
+0000000000000000010|+0000000000000000000|+0000000000000000000|+5.7000000000000e-01|-2.9236734000000e+00|+0.0000000000000e+00|+3.3143693756000e+00|+0.0000000000000e+00
+0000000000000000010|+0000000000000000000|+0000000000000000000|+5.6000000000000e-01|-2.9710032000000e+00|+0.0000000000000e+00|+3.4214688316000e+00|+0.0000000000000e+00
+0000000000000000010|+0000000000000000000|+0000000000000000000|+5.5000000000000e-01|-2.9978800000000e+00|+0.0000000000000e+00|+3.3895694400000e+00|+0.0000000000000e+00
+0000000000000000010|+0000000000000000000|+0000000000000000000|+5.4000000000000e-01|-3.0461094000000e+00|+0.0000000000000e+00|+3.4685260879000e+00|+0.0000000000000e+00
+0000000000000000010|+0000000000000000000|+0000000000000000000|+5.3000000000000e-01|-3.0665148000000e+00|+0.0000000000000e+00|+3.4317490544000e+00|+0.0000000000000e+00
+0000000000000000010|+0000000000000000000|+0000000000000000000|+5.2000000000000e-01|-3.0972848000000e+00|+0.0000000000000e+00|+3.4583151024000e+00|+0.0000000000000e+00
+0000000000000000010|+0000000000000000000|+0000000000000000000|+5.1000000000000e-01|-3.1251501000000e+00|+0.0000000000000e+00|+3.5158689599000e+00|+0.0000000000000e+00
+0000000000000000010|+0000000000000000000|+0000000000000000000|+5.0000000000000e-01|-3.1543750000000e+00|+0.0000000000000e+00|+3.4064234375000e+00|+0.0000000000000e+00
+0000000000000000010|+0000000000000000000|+0000000000000000000|+4.9000000000000e-01|-3.1947575000000e+00|+0.0000000000000e+00|+3.3974319375000e+00|+0.0000000000000e+00
+0000000000000000010|+0000000000000000000|+0000000000000000000|+4.8000000000000e-01|-3.2369136000000e+00|+0.0000000000000e+00|+3.5580386551000e+00|+0.0000000000000e+00
+0000000000000000010|+0000000000000000000|+0000000000000000000|+4.7000000000000e-01|-3.2461518000000e+00|+0.0000000000000e+00|+3.4599672764000e+00|+0.0000000000000e+00
+0000000000000000010|+0000000000000000000|+0000000000000000000|+4.6000000000000e-01|-3.2992146000000e+00|+0.0000000000000e+00|+3.5348864799000e+00|+0.0000000000000e+00
+0000000000000000010|+0000000000000000000|+0000000000000000000|+4.5000000000000e-01|-3.3373260000000e+00|+0.0000000000000e+00|+3.4035309616000e+00|+0.0000000000000e+00
+0000000000000000010|+0000000000000000000|+0000000000000000000|+4.4000000000000e-01|-3.3570960000000e+00|+0.0000000000000e+00|+3.5731564400000e+00|+0.0000000000000e+00
+0000000000000000010|+0000000000000000000|+0000000000000000000|+4.3000000000000e-01|-3.4057642000000e+00|+0.0000000000000e+00|+3.6679493564000e+00|+0.0000000000000e+00
+0000000000000000010|+0000000000000000000|+0000000000000000000|+4.2000000000000e-01|-3.4439778000000e+00|+0.0000000000000e+00|+3.4048507319000e+00|+0.0000000000000e+00
+0000000000000000010|+0000000000000000000|+0000000000000000000|+4.1000000000000e-01|-3.4774581000000e+00|+0.0000000000000e+00|+3.4057042519000e+00|+0.0000000000000e+00
+0000000000000000010|+0000000000000000000|+0000000000000000000|+4.0000000000000e-01|-3.5204920000000e+00|+0.0000000000000e+00|+3.5012279871000e+00|+0.0000000000000e+00
+0000000000000000010|+0000000000000000000|+0000000000000000000|+3.9000000000000e-01|-3.5603565000000e+00|+0.0000000000000e+00|+3.3341472775000e+00|+0.0000000000000e+00
+0000000000000000010|+0000000000000000000|+0000000000000000000|+3.8000000000000e-01|-3.5843186000000e+00|+0.0000000000000e+00|+3.2644589591000e+00|+0.0000000000000e+00
+0000000000000000010|+0000000000000000000|+0000000000000000000|+3.7000000000000e-01|-3.6140449000000e+00|+0.0000000000000e+00|+3.3187694871000e+00|+0.0000000000000e+00
+0000000000000000010|+0000000000000000000|+0000000000000000000|+3.6000000000000e-01|-3.6350964000000e+00|+0.0000000000000e+00|+3.3257906999000e+00|+0.0000000000000e+00
+0000000000000000010|+0000000000000000000|+0000000000000000000|+3.5000000000000e-01|-3.6827240000000e+00|+0.0000000000000e+00|+3.3237235904000e+00|+0.0000000000000e+00
+0000000000000000010|+0000000000000000000|+0000000000000000000|+3.4000000000000e-01|-3.7022814000000e+00|+0.0000000000000e+00|+3.1652449758999e+00|+0.0000000000000e+00
+0000000000000000010|+0000000000000000000|+0000000000000000000|+3.3000000000000e-01|-3.7463541000000e+00|+0.0000000000000e+00|+2.9971176071000e+00|+0.0000000000000e+00
+0000000000000000010|+0000000000000000000|+0000000000000000000|+3.2000000000000e-01|-3.7701888000000e+00|+0.0000000000000e+00|+2.9374246519000e+00|+0.0000000000000e+00
+0000000000000000010|+0000000000000000000|+0000000000000000000|+3.1000000000000e-01|-3.7974428000000e+00|+0.0000000000000e+00|+2.8509379056000e+00|+0.0000000000000e+00
+0000000000000000010|+0000000000000000000|+0000000000000000000|+3.0000000000000e-01|-3.8382090000000e+00|+0.0000000000000e+00|+2.5222663591000e+00|+0.0000000000000e+00
+0000000000000000010|+0000000000000000000|+0000000000000000000|+2.9000000000000e-01|-3.8524613000000e+00|+0.0000000000000e+00|+2.6994135791000e+00|+0.0000000000000e+00
+0000000000000000010|+0000000000000000000|+0000000000000000000|+2.8000000000000e-01|-3.8844584000000e+00|+0.0000000000000e+00|+2.6809789116000e+00|+0.0000000000000e+00
+0000000000000000010|+0000000000000000000|+0000000000000000000|+2.7000000000000e-01|-3.9149991000000e+00|+0.0000000000000e+00|+2.6290611111000e+00|+0.0000000000000e+00
+0000000000000000010|+0000000000000000000|+0000000000000000000|+2.6000000000000e-01|-3.9449030000000e+00|+0.0000000000000e+00|+2.5742750974999e+00|+0.0000000000000e+00
+0000000000000000010|+0000000000000000000|+0000000000000000000|+2.5000000000000e-01|-3.9598275000000e+00|+0.0000000000000e+00|+2.2073987238999e+00|+0.0000000000000e+00
+0000000000000000010|+0000000000000000000|+0000000000000000000|+2.4000000000000e-01|-3.9886896000000e+00|+0.0000000000000e+00|+2.4453101883999e+00|+0.0000000000000e+00
+0000000000000000010|+0000000000000000000|+0000000000000000000|+2.3000000000000e-01|-4.0145284000000e+00|+0.0000000000000e+00|+2.0237930736001e+00|+0.0000000000000e+00
+0000000000000000010|+0000000000000000000|+0000000000000000000|+2.2000000000000e-01|-4.0379388000000e+00|+0.0000000000000e+00|+2.3321712284000e+00|+0.0000000000000e+00
+0000000000000000010|+0000000000000000000|+0000000000000000000|+2.1000000000000e-01|-4.0577364000000e+00|+0.0000000000000e+00|+1.5473228144000e+00|+0.0000000000000e+00
+0000000000000000010|+0000000000000000000|+0000000000000000000|+2.0000000000000e-01|-4.0711800000000e+00|+0.0000000000000e+00|+1.7861851900001e+00|+0.0000000000000e+00
+0000000000000000010|+0000000000000000000|+0000000000000000000|+1.9000000000000e-01|-4.0949588000000e+00|+0.0000000000000e+00|+1.8382339696001e+00|+0.0000000000000e+00
+0000000000000000010|+0000000000000000000|+0000000000000000000|+1.8000000000000e-01|-4.1187528000000e+00|+0.0000000000000e+00|+1.4030465583999e+00|+0.0000000000000e+00
+0000000000000000010|+0000000000000000000|+0000000000000000000|+1.7000000000000e-01|-4.1325089000000e+00|+0.0000000000000e+00|+1.7412790110999e+00|+0.0000000000000e+00
+0000000000000000010|+0000000000000000000|+0000000000000000000|+1.6000000000000e-01|-4.1426448000000e+00|+0.0000000000000e+00|+1.2711467590998e+00|+0.0000000000000e+00
+0000000000000000010|+0000000000000000000|+0000000000000000000|+1.5000000000000e-01|-4.1602590000000e+00|+0.0000000000000e+00|+1.2592067964003e+00|+0.0000000000000e+00
+0000000000000000010|+0000000000000000000|+0000000000000000000|+1.4000000000000e-01|-4.1717146000000e+00|+0.0000000000000e+00|+1.1201010278996e+00|+0.0000000000000e+00
+0000000000000000010|+0000000000000000000|+0000000000000000000|+1.3000000000000e-01|-4.1892107000000e+00|+0.0000000000000e+00|+1.2098208879001e+00|+0.0000000000000e+00
+0000000000000000010|+0000000000000000000|+0000000000000000000|+1.2000000000000e-01|-4.1947524000000e+00|+0.0000000000000e+00|+8.2380268709974e-01|+0.0000000000000e+00
+0000000000000000010|+0000000000000000000|+0000000000000000000|+1.1000000000000e-01|-4.2097181000000e+00|+0.0000000000000e+00|+9.8741541589993e-01|+0.0000000000000e+00
+0000000000000000010|+0000000000000000000|+0000000000000000000|+1.0000000000000e-01|-4.2264440000000e+00|+0.0000000000000e+00|+1.4173514864012e+00|+0.0000000000000e+00
+0000000000000000010|+0000000000000000000|+0000000000000000000|+9.0000000000000e-02|-4.2339366000000e+00|+0.0000000000000e+00|+6.6114681240011e-01|+0.0000000000000e+00
+0000000000000000010|+0000000000000000000|+0000000000000000000|+8.0000000000000e-02|-4.2418656000000e+00|+0.0000000000000e+00|+8.3952117760042e-01|+0.0000000000000e+00
+0000000000000000010|+0000000000000000000|+0000000000000000000|+7.0000000000000e-02|-4.2507012000000e+00|+0.0000000000000e+00|+5.1205353440025e-01|+0.0000000000000e+00
+0000000000000000010|+0000000000000000000|+0000000000000000000|+6.0000000000000e-02|-4.2550536000000e+00|+0.0000000000000e+00|+4.4374364640135e-01|+0.0000000000000e+00
+0000000000000000010|+0000000000000000000|+0000000000000000000|+5.0000000000000e-02|-4.2541730000000e+00|+0.0000000000000e+00|+1.1362144284004e+00|+0.0000000000000e+00
+0000000000000000010|+0000000000000000000|+0000000000000000000|+4.0000000000000e-02|-4.2567528000000e+00|+0.0000000000000e+00|-1.3095601924022e+00|+0.0000000000000e+00
+0000000000000000010|+0000000000000000000|+0000000000000000000|+3.0000000000000e-02|-4.2568383000000e+00|+0.0000000000000e+00|-1.9872270520995e+00|+0.0000000000000e+00
+0000000000000000010|+0000000000000000000|+0000000000000000000|+2.0000000000000e-02|-4.2560122000000e+00|+0.0000000000000e+00|+1.1828136279010e+00|+0.0000000000000e+00
+0000000000000000010|+0000000000000000000|+0000000000000000000|+9.9999999999999e-03|-4.2588053999999e+00|+0.0000000000000e+00|+2.4577493084337e+00|+0.0000000000000e+00
