#
# QHS - DATA
#
# ----------------------------------------
#
# Size                 = +0000000000000000016
# Model                = Open-1D
# Algorithm            = SSE
# Start-Temperature    = +0.0000000000000e+00
# End-Temperature      = +4.0000000000000e+00
# Temperature-Step     = +1.0000000000000e-02
#
# Size              | Model-Index        | Algorithm-Index    | Temperature        | AverageEnergy      | StdDvOfEnergy      | AverageCHeat       | StdDvOfCHeat      
# ------------------------------------------------------------------------------------------------------
+0000000000000000016|+0000000000000000000|+0000000000000000000|+4.0000000000000e+00|-7.1592000000000e-01|+0.0000000000000e+00|+1.8311240960000e-01|+0.0000000000000e+00
+0000000000000000016|+0000000000000000000|+0000000000000000000|+3.9900000000000e+00|-7.2478500000000e-01|+0.0000000000000e+00|+1.8907775000000e-01|+0.0000000000000e+00
+0000000000000000016|+0000000000000000000|+0000000000000000000|+3.9800000000000e+00|-7.5738980000000e-01|+0.0000000000000e+00|+1.8822109990000e-01|+0.0000000000000e+00
+0000000000000000016|+0000000000000000000|+0000000000000000000|+3.9700000000000e+00|-7.0886580000000e-01|+0.0000000000000e+00|+1.9135654040000e-01|+0.0000000000000e+00
+0000000000000000016|+0000000000000000000|+0000000000000000000|+3.9600000000000e+00|-7.7168640000000e-01|+0.0000000000000e+00|+2.1328141440000e-01|+0.0000000000000e+00
+0000000000000000016|+0000000000000000000|+0000000000000000000|+3.9500000000000e+00|-7.7788500000000e-01|+0.0000000000000e+00|+2.1011631000000e-01|+0.0000000000000e+00
+0000000000000000016|+0000000000000000000|+0000000000000000000|+3.9400000000000e+00|-7.9549920000000e-01|+0.0000000000000e+00|+1.9584245760000e-01|+0.0000000000000e+00
+0000000000000000016|+0000000000000000000|+0000000000000000000|+3.9300000000000e+00|-7.5688470000000e-01|+0.0000000000000e+00|+1.9797269590000e-01|+0.0000000000000e+00
+0000000000000000016|+0000000000000000000|+0000000000000000000|+3.9200000000000e+00|-7.4333920000000e-01|+0.0000000000000e+00|+2.0736801240000e-01|+0.0000000000000e+00
+0000000000000000016|+0000000000000000000|+0000000000000000000|+3.9100000000000e+00|-7.8911900000000e-01|+0.0000000000000e+00|+2.1027119000000e-01|+0.0000000000000e+00
+0000000000000000016|+0000000000000000000|+0000000000000000000|+3.9000000000000e+00|-7.5996000000000e-01|+0.0000000000000e+00|+1.9655904000000e-01|+0.0000000000000e+00
+0000000000000000016|+0000000000000000000|+0000000000000000000|+3.8900000000000e+00|-7.7368100000000e-01|+0.0000000000000e+00|+2.1344359000000e-01|+0.0000000000000e+00
+0000000000000000016|+0000000000000000000|+0000000000000000000|+3.8800000000000e+00|-7.6081040000000e-01|+0.0000000000000e+00|+2.0308774360000e-01|+0.0000000000000e+00
+0000000000000000016|+0000000000000000000|+0000000000000000000|+3.8700000000000e+00|-7.6234260000000e-01|+0.0000000000000e+00|+1.9235063960000e-01|+0.0000000000000e+00
+0000000000000000016|+0000000000000000000|+0000000000000000000|+3.8600000000000e+00|-7.5330760000000e-01|+0.0000000000000e+00|+2.1742444440000e-01|+0.0000000000000e+00
+0000000000000000016|+0000000000000000000|+0000000000000000000|+3.8500000000000e+00|-7.8268200000000e-01|+0.0000000000000e+00|+2.0917761760000e-01|+0.0000000000000e+00
+0000000000000000016|+0000000000000000000|+0000000000000000000|+3.8400000000000e+00|-7.9940160000000e-01|+0.0000000000000e+00|+2.1635113240000e-01|+0.0000000000000e+00
+0000000000000000016|+0000000000000000000|+0000000000000000000|+3.8300000000000e+00|-7.5243310000000e-01|+0.0000000000000e+00|+1.9999517510000e-01|+0.0000000000000e+00
+0000000000000000016|+0000000000000000000|+0000000000000000000|+3.8200000000000e+00|-7.4361880000000e-01|+0.0000000000000e+00|+2.0376420440000e-01|+0.0000000000000e+00
+0000000000000000016|+0000000000000000000|+0000000000000000000|+3.8100000000000e+00|-8.0367390000000e-01|+0.0000000000000e+00|+2.0328086390000e-01|+0.0000000000000e+00
+0000000000000000016|+0000000000000000000|+0000000000000000000|+3.8000000000000e+00|-8.1779000000000e-01|+0.0000000000000e+00|+2.2895579750000e-01|+0.0000000000000e+00
+0000000000000000016|+0000000000000000000|+0000000000000000000|+3.7900000000000e+00|-7.7594220000000e-01|+0.0000000000000e+00|+2.0031412760000e-01|+0.0000000000000e+00
+0000000000000000016|+0000000000000000000|+0000000000000000000|+3.7800000000000e+00|-8.0871780000000e-01|+0.0000000000000e+00|+2.0723987990000e-01|+0.0000000000000e+00
+0000000000000000016|+0000000000000000000|+0000000000000000000|+3.7700000000000e+00|-7.9477270000000e-01|+0.0000000000000e+00|+2.2162563990000e-01|+0.0000000000000e+00
+0000000000000000016|+0000000000000000000|+0000000000000000000|+3.7600000000000e+00|-7.9362160000000e-01|+0.0000000000000e+00|+2.1654527190000e-01|+0.0000000000000e+00
+0000000000000000016|+0000000000000000000|+0000000000000000000|+3.7500000000000e+00|-7.9061250000000e-01|+0.0000000000000e+00|+2.1083071110000e-01|+0.0000000000000e+00
+0000000000000000016|+0000000000000000000|+0000000000000000000|+3.7400000000000e+00|-7.6118800000000e-01|+0.0000000000000e+00|+2.1686156000000e-01|+0.0000000000000e+00
+0000000000000000016|+0000000000000000000|+0000000000000000000|+3.7300000000000e+00|-8.0515060000000e-01|+0.0000000000000e+00|+2.2690171160000e-01|+0.0000000000000e+00
+0000000000000000016|+0000000000000000000|+0000000000000000000|+3.7200000000000e+00|-8.0476800000000e-01|+0.0000000000000e+00|+2.3890464000000e-01|+0.0000000000000e+00
+0000000000000000016|+0000000000000000000|+0000000000000000000|+3.7100000000000e+00|-8.0302330000000e-01|+0.0000000000000e+00|+2.2894652710000e-01|+0.0000000000000e+00
+0000000000000000016|+0000000000000000000|+0000000000000000000|+3.7000000000000e+00|-8.4195900000000e-01|+0.0000000000000e+00|+2.3382525510000e-01|+0.0000000000000e+00
+0000000000000000016|+0000000000000000000|+0000000000000000000|+3.6900000000000e+00|-8.1065550000000e-01|+0.0000000000000e+00|+2.3220759750000e-01|+0.0000000000000e+00
+0000000000000000016|+0000000000000000000|+0000000000000000000|+3.6800000000000e+00|-8.0381600000000e-01|+0.0000000000000e+00|+2.3163749750000e-01|+0.0000000000000e+00
+0000000000000000016|+0000000000000000000|+0000000000000000000|+3.6700000000000e+00|-8.3195830000000e-01|+0.0000000000000e+00|+2.3323271990000e-01|+0.0000000000000e+00
+0000000000000000016|+0000000000000000000|+0000000000000000000|+3.6600000000000e+00|-8.0003880000000e-01|+0.0000000000000e+00|+2.4550348760000e-01|+0.0000000000000e+00
+0000000000000000016|+0000000000000000000|+0000000000000000000|+3.6500000000000e+00|-7.9698750000000e-01|+0.0000000000000e+00|+2.3264693750000e-01|+0.0000000000000e+00
+0000000000000000016|+0000000000000000000|+0000000000000000000|+3.6400000000000e+00|-8.1503320000000e-01|+0.0000000000000e+00|+2.3407794310000e-01|+0.0000000000000e+00
+0000000000000000016|+0000000000000000000|+0000000000000000000|+3.6300000000000e+00|-7.8630210000000e-01|+0.0000000000000e+00|+2.2160489110000e-01|+0.0000000000000e+00
+0000000000000000016|+0000000000000000000|+0000000000000000000|+3.6200000000000e+00|-8.1036740000000e-01|+0.0000000000000e+00|+2.3681954710000e-01|+0.0000000000000e+00
+0000000000000000016|+0000000000000000000|+0000000000000000000|+3.6100000000000e+00|-8.0989930000000e-01|+0.0000000000000e+00|+2.3204260310000e-01|+0.0000000000000e+00
+0000000000000000016|+0000000000000000000|+0000000000000000000|+3.6000000000000e+00|-8.2635600000000e-01|+0.0000000000000e+00|+2.4146513590000e-01|+0.0000000000000e+00
+0000000000000000016|+0000000000000000000|+0000000000000000000|+3.5900000000000e+00|-8.3313760000000e-01|+0.0000000000000e+00|+2.4755031040000e-01|+0.0000000000000e+00
+0000000000000000016|+0000000000000000000|+0000000000000000000|+3.5800000000000e+00|-8.1929720000000e-01|+0.0000000000000e+00|+2.3869620440000e-01|+0.0000000000000e+00
+0000000000000000016|+0000000000000000000|+0000000000000000000|+3.5700000000000e+00|-8.4523260000000e-01|+0.0000000000000e+00|+2.4278764760000e-01|+0.0000000000000e+00
+0000000000000000016|+0000000000000000000|+0000000000000000000|+3.5600000000000e+00|-8.2581040000000e-01|+0.0000000000000e+00|+2.4398108440000e-01|+0.0000000000000e+00
+0000000000000000016|+0000000000000000000|+0000000000000000000|+3.5500000000000e+00|-8.3116850000000e-01|+0.0000000000000e+00|+2.5012717910000e-01|+0.0000000000000e+00
+0000000000000000016|+0000000000000000000|+0000000000000000000|+3.5400000000000e+00|-8.2290120000000e-01|+0.0000000000000e+00|+2.3982443160000e-01|+0.0000000000000e+00
+0000000000000000016|+0000000000000000000|+0000000000000000000|+3.5300000000000e+00|-8.8298380000000e-01|+0.0000000000000e+00|+2.5460874840000e-01|+0.0000000000000e+00
+0000000000000000016|+0000000000000000000|+0000000000000000000|+3.5200000000000e+00|-8.0963200000000e-01|+0.0000000000000e+00|+2.5368837750000e-01|+0.0000000000000e+00
+0000000000000000016|+0000000000000000000|+0000000000000000000|+3.5100000000000e+00|-8.2009020000000e-01|+0.0000000000000e+00|+2.4654391960000e-01|+0.0000000000000e+00
+0000000000000000016|+0000000000000000000|+0000000000000000000|+3.5000000000000e+00|-8.4228000000000e-01|+0.0000000000000e+00|+2.5548607360000e-01|+0.0000000000000e+00
+0000000000000000016|+0000000000000000000|+0000000000000000000|+3.4900000000000e+00|-8.6688610000000e-01|+0.0000000000000e+00|+2.6528204790000e-01|+0.0000000000000e+00
+0000000000000000016|+0000000000000000000|+0000000000000000000|+3.4800000000000e+00|-8.2954080000000e-01|+0.0000000000000e+00|+2.6006927840000e-01|+0.0000000000000e+00
+0000000000000000016|+0000000000000000000|+0000000000000000000|+3.4700000000000e+00|-8.7429550000000e-01|+0.0000000000000e+00|+2.6238397750000e-01|+0.0000000000000e+00
+0000000000000000016|+0000000000000000000|+0000000000000000000|+3.4600000000000e+00|-8.7512040000000e-01|+0.0000000000000e+00|+2.6308617240000e-01|+0.0000000000000e+00
+0000000000000000016|+0000000000000000000|+0000000000000000000|+3.4500000000000e+00|-8.5450800000000e-01|+0.0000000000000e+00|+2.6535607040000e-01|+0.0000000000000e+00
+0000000000000000016|+0000000000000000000|+0000000000000000000|+3.4400000000000e+00|-9.1003040000000e-01|+0.0000000000000e+00|+2.7223628440000e-01|+0.0000000000000e+00
+0000000000000000016|+0000000000000000000|+0000000000000000000|+3.4300000000000e+00|-8.8146040000000e-01|+0.0000000000000e+00|+2.8236392160000e-01|+0.0000000000000e+00
+0000000000000000016|+0000000000000000000|+0000000000000000000|+3.4200000000000e+00|-8.8560480000000e-01|+0.0000000000000e+00|+2.7230240640000e-01|+0.0000000000000e+00
+0000000000000000016|+0000000000000000000|+0000000000000000000|+3.4100000000000e+00|-8.7092510000000e-01|+0.0000000000000e+00|+2.7067688790000e-01|+0.0000000000000e+00
+0000000000000000016|+0000000000000000000|+0000000000000000000|+3.4000000000000e+00|-8.5584400000000e-01|+0.0000000000000e+00|+2.5811628440000e-01|+0.0000000000000e+00
+0000000000000000016|+0000000000000000000|+0000000000000000000|+3.3900000000000e+00|-8.6911230000000e-01|+0.0000000000000e+00|+2.6486299510000e-01|+0.0000000000000e+00
+0000000000000000016|+0000000000000000000|+0000000000000000000|+3.3800000000000e+00|-8.6735040000000e-01|+0.0000000000000e+00|+2.7936543360000e-01|+0.0000000000000e+00
+0000000000000000016|+0000000000000000000|+0000000000000000000|+3.3700000000000e+00|-8.8243570000000e-01|+0.0000000000000e+00|+2.8158734790000e-01|+0.0000000000000e+00
+0000000000000000016|+0000000000000000000|+0000000000000000000|+3.3600000000000e+00|-8.8626240000000e-01|+0.0000000000000e+00|+2.7936157440000e-01|+0.0000000000000e+00
+0000000000000000016|+0000000000000000000|+0000000000000000000|+3.3500000000000e+00|-9.0753850000000e-01|+0.0000000000000e+00|+2.9099810390000e-01|+0.0000000000000e+00
+0000000000000000016|+0000000000000000000|+0000000000000000000|+3.3400000000000e+00|-9.0278700000000e-01|+0.0000000000000e+00|+2.7409169750000e-01|+0.0000000000000e+00
+0000000000000000016|+0000000000000000000|+0000000000000000000|+3.3300000000000e+00|-8.7064140000000e-01|+0.0000000000000e+00|+2.8276174360000e-01|+0.0000000000000e+00
+0000000000000000016|+0000000000000000000|+0000000000000000000|+3.3200000000000e+00|-9.1971280000000e-01|+0.0000000000000e+00|+2.7610522840000e-01|+0.0000000000000e+00
+0000000000000000016|+0000000000000000000|+0000000000000000000|+3.3100000000000e+00|-8.8280840000000e-01|+0.0000000000000e+00|+2.9312787040000e-01|+0.0000000000000e+00
+0000000000000000016|+0000000000000000000|+0000000000000000000|+3.3000000000000e+00|-8.9527800000000e-01|+0.0000000000000e+00|+2.6991332440000e-01|+0.0000000000000e+00
+0000000000000000016|+0000000000000000000|+0000000000000000000|+3.2900000000000e+00|-8.6817300000000e-01|+0.0000000000000e+00|+2.8832631000000e-01|+0.0000000000000e+00
+0000000000000000016|+0000000000000000000|+0000000000000000000|+3.2800000000000e+00|-9.2967440000000e-01|+0.0000000000000e+00|+2.8518150710000e-01|+0.0000000000000e+00
+0000000000000000016|+0000000000000000000|+0000000000000000000|+3.2700000000000e+00|-9.3051450000000e-01|+0.0000000000000e+00|+3.1641717750000e-01|+0.0000000000000e+00
+0000000000000000016|+0000000000000000000|+0000000000000000000|+3.2600000000000e+00|-9.3683680000000e-01|+0.0000000000000e+00|+3.0241621760000e-01|+0.0000000000000e+00
+0000000000000000016|+0000000000000000000|+0000000000000000000|+3.2500000000000e+00|-9.0055500000000e-01|+0.0000000000000e+00|+2.9353071640000e-01|+0.0000000000000e+00
+0000000000000000016|+0000000000000000000|+0000000000000000000|+3.2400000000000e+00|-9.3620640000000e-01|+0.0000000000000e+00|+2.9694275040000e-01|+0.0000000000000e+00
+0000000000000000016|+0000000000000000000|+0000000000000000000|+3.2300000000000e+00|-9.6147180000000e-01|+0.0000000000000e+00|+2.9323100440000e-01|+0.0000000000000e+00
+0000000000000000016|+0000000000000000000|+0000000000000000000|+3.2200000000000e+00|-9.4447020000000e-01|+0.0000000000000e+00|+3.0337843190000e-01|+0.0000000000000e+00
+0000000000000000016|+0000000000000000000|+0000000000000000000|+3.2100000000000e+00|-8.9426010000000e-01|+0.0000000000000e+00|+2.8832082390000e-01|+0.0000000000000e+00
+0000000000000000016|+0000000000000000000|+0000000000000000000|+3.2000000000000e+00|-9.2379200000000e-01|+0.0000000000000e+00|+3.0930448640000e-01|+0.0000000000000e+00
+0000000000000000016|+0000000000000000000|+0000000000000000000|+3.1900000000000e+00|-9.1170650000000e-01|+0.0000000000000e+00|+3.0289617750000e-01|+0.0000000000000e+00
+0000000000000000016|+0000000000000000000|+0000000000000000000|+3.1800000000000e+00|-9.3980040000000e-01|+0.0000000000000e+00|+3.2398395160000e-01|+0.0000000000000e+00
+0000000000000000016|+0000000000000000000|+0000000000000000000|+3.1700000000000e+00|-9.6210990000000e-01|+0.0000000000000e+00|+3.2358693910000e-01|+0.0000000000000e+00
+0000000000000000016|+0000000000000000000|+0000000000000000000|+3.1600000000000e+00|-9.2800080000000e-01|+0.0000000000000e+00|+2.9517505560000e-01|+0.0000000000000e+00
+0000000000000000016|+0000000000000000000|+0000000000000000000|+3.1500000000000e+00|-9.4636650000000e-01|+0.0000000000000e+00|+3.2696737190000e-01|+0.0000000000000e+00
+0000000000000000016|+0000000000000000000|+0000000000000000000|+3.1400000000000e+00|-9.5745660000000e-01|+0.0000000000000e+00|+3.2410934390000e-01|+0.0000000000000e+00
+0000000000000000016|+0000000000000000000|+0000000000000000000|+3.1300000000000e+00|-9.5964840000000e-01|+0.0000000000000e+00|+3.0687809760000e-01|+0.0000000000000e+00
+0000000000000000016|+0000000000000000000|+0000000000000000000|+3.1200000000000e+00|-1.0050360000000e+00|+0.0000000000000e+00|+3.4395159750000e-01|+0.0000000000000e+00
+0000000000000000016|+0000000000000000000|+0000000000000000000|+3.1100000000000e+00|-9.9362080000000e-01|+0.0000000000000e+00|+3.2876092160000e-01|+0.0000000000000e+00
+0000000000000000016|+0000000000000000000|+0000000000000000000|+3.1000000000000e+00|-9.6187600000000e-01|+0.0000000000000e+00|+3.2598159840000e-01|+0.0000000000000e+00
+0000000000000000016|+0000000000000000000|+0000000000000000000|+3.0900000000000e+00|-9.5152770000000e-01|+0.0000000000000e+00|+3.2446645910000e-01|+0.0000000000000e+00
+0000000000000000016|+0000000000000000000|+0000000000000000000|+3.0800000000000e+00|-9.4425880000000e-01|+0.0000000000000e+00|+3.1758870790000e-01|+0.0000000000000e+00
+0000000000000000016|+0000000000000000000|+0000000000000000000|+3.0700000000000e+00|-9.6254210000000e-01|+0.0000000000000e+00|+3.2886289910000e-01|+0.0000000000000e+00
+0000000000000000016|+0000000000000000000|+0000000000000000000|+3.0600000000000e+00|-9.9630480000000e-01|+0.0000000000000e+00|+3.4011083360000e-01|+0.0000000000000e+00
+0000000000000000016|+0000000000000000000|+0000000000000000000|+3.0500000000000e+00|-9.9076750000000e-01|+0.0000000000000e+00|+3.5829607750000e-01|+0.0000000000000e+00
+0000000000000000016|+0000000000000000000|+0000000000000000000|+3.0400000000000e+00|-1.0261744000000e+00|+0.0000000000000e+00|+3.4939336790000e-01|+0.0000000000000e+00
+0000000000000000016|+0000000000000000000|+0000000000000000000|+3.0300000000000e+00|-9.6089250000000e-01|+0.0000000000000e+00|+3.4471243750000e-01|+0.0000000000000e+00
+0000000000000000016|+0000000000000000000|+0000000000000000000|+3.0200000000000e+00|-1.0088858000000e+00|+0.0000000000000e+00|+3.5442587590000e-01|+0.0000000000000e+00
+0000000000000000016|+0000000000000000000|+0000000000000000000|+3.0100000000000e+00|-9.8334540000000e-01|+0.0000000000000e+00|+3.1545794840000e-01|+0.0000000000000e+00
+0000000000000000016|+0000000000000000000|+0000000000000000000|+3.0000000000000e+00|-9.8886000000000e-01|+0.0000000000000e+00|+3.4818065560000e-01|+0.0000000000000e+00
+0000000000000000016|+0000000000000000000|+0000000000000000000|+2.9900000000000e+00|-1.0309502000000e+00|+0.0000000000000e+00|+3.5688295960000e-01|+0.0000000000000e+00
+0000000000000000016|+0000000000000000000|+0000000000000000000|+2.9800000000000e+00|-1.0499456000000e+00|+0.0000000000000e+00|+3.6924108160000e-01|+0.0000000000000e+00
+0000000000000000016|+0000000000000000000|+0000000000000000000|+2.9700000000000e+00|-1.0282251000000e+00|+0.0000000000000e+00|+3.4034603110000e-01|+0.0000000000000e+00
+0000000000000000016|+0000000000000000000|+0000000000000000000|+2.9600000000000e+00|-1.0356392000000e+00|+0.0000000000000e+00|+3.6735476710000e-01|+0.0000000000000e+00
+0000000000000000016|+0000000000000000000|+0000000000000000000|+2.9500000000000e+00|-1.0410950000000e+00|+0.0000000000000e+00|+3.6091919000000e-01|+0.0000000000000e+00
+0000000000000000016|+0000000000000000000|+0000000000000000000|+2.9400000000000e+00|-1.0265004000000e+00|+0.0000000000000e+00|+3.6597988440000e-01|+0.0000000000000e+00
+0000000000000000016|+0000000000000000000|+0000000000000000000|+2.9300000000000e+00|-1.0363015000000e+00|+0.0000000000000e+00|+3.6065439750000e-01|+0.0000000000000e+00
+0000000000000000016|+0000000000000000000|+0000000000000000000|+2.9200000000000e+00|-1.0385956000000e+00|+0.0000000000000e+00|+3.5250959510000e-01|+0.0000000000000e+00
+0000000000000000016|+0000000000000000000|+0000000000000000000|+2.9100000000000e+00|-1.0348548000000e+00|+0.0000000000000e+00|+3.7000328160000e-01|+0.0000000000000e+00
+0000000000000000016|+0000000000000000000|+0000000000000000000|+2.9000000000000e+00|-1.0886790000000e+00|+0.0000000000000e+00|+4.0203437990000e-01|+0.0000000000000e+00
+0000000000000000016|+0000000000000000000|+0000000000000000000|+2.8900000000000e+00|-1.0421691000000e+00|+0.0000000000000e+00|+3.8192592390000e-01|+0.0000000000000e+00
+0000000000000000016|+0000000000000000000|+0000000000000000000|+2.8800000000000e+00|-1.0723584000000e+00|+0.0000000000000e+00|+3.9320417510000e-01|+0.0000000000000e+00
+0000000000000000016|+0000000000000000000|+0000000000000000000|+2.8700000000000e+00|-1.0263975000000e+00|+0.0000000000000e+00|+3.9719193750000e-01|+0.0000000000000e+00
+0000000000000000016|+0000000000000000000|+0000000000000000000|+2.8600000000000e+00|-1.0784522000000e+00|+0.0000000000000e+00|+3.8880440710000e-01|+0.0000000000000e+00
+0000000000000000016|+0000000000000000000|+0000000000000000000|+2.8500000000000e+00|-1.0657305000000e+00|+0.0000000000000e+00|+3.6763252710000e-01|+0.0000000000000e+00
+0000000000000000016|+0000000000000000000|+0000000000000000000|+2.8400000000000e+00|-1.0315944000000e+00|+0.0000000000000e+00|+3.8220900440000e-01|+0.0000000000000e+00
+0000000000000000016|+0000000000000000000|+0000000000000000000|+2.8300000000000e+00|-1.0327566000000e+00|+0.0000000000000e+00|+3.9021239960000e-01|+0.0000000000000e+00
+0000000000000000016|+0000000000000000000|+0000000000000000000|+2.8200000000000e+00|-1.0837620000000e+00|+0.0000000000000e+00|+4.0578119000000e-01|+0.0000000000000e+00
+0000000000000000016|+0000000000000000000|+0000000000000000000|+2.8100000000000e+00|-1.0881737000000e+00|+0.0000000000000e+00|+3.9852806710000e-01|+0.0000000000000e+00
+0000000000000000016|+0000000000000000000|+0000000000000000000|+2.8000000000000e+00|-1.0919000000000e+00|+0.0000000000000e+00|+4.2155443750000e-01|+0.0000000000000e+00
+0000000000000000016|+0000000000000000000|+0000000000000000000|+2.7900000000000e+00|-1.0965369000000e+00|+0.0000000000000e+00|+4.2264884790000e-01|+0.0000000000000e+00
+0000000000000000016|+0000000000000000000|+0000000000000000000|+2.7800000000000e+00|-1.0886456000000e+00|+0.0000000000000e+00|+4.0303012960000e-01|+0.0000000000000e+00
+0000000000000000016|+0000000000000000000|+0000000000000000000|+2.7700000000000e+00|-1.1181088000000e+00|+0.0000000000000e+00|+4.2768464640000e-01|+0.0000000000000e+00
+0000000000000000016|+0000000000000000000|+0000000000000000000|+2.7600000000000e+00|-1.0984920000000e+00|+0.0000000000000e+00|+3.9728511000000e-01|+0.0000000000000e+00
+0000000000000000016|+0000000000000000000|+0000000000000000000|+2.7500000000000e+00|-1.0841150000000e+00|+0.0000000000000e+00|+4.2558822040000e-01|+0.0000000000000e+00
+0000000000000000016|+0000000000000000000|+0000000000000000000|+2.7400000000000e+00|-1.1358584000000e+00|+0.0000000000000e+00|+4.1520041440000e-01|+0.0000000000000e+00
+0000000000000000016|+0000000000000000000|+0000000000000000000|+2.7300000000000e+00|-1.1012373000000e+00|+0.0000000000000e+00|+4.0799545990000e-01|+0.0000000000000e+00
+0000000000000000016|+0000000000000000000|+0000000000000000000|+2.7200000000000e+00|-1.1258176000000e+00|+0.0000000000000e+00|+4.3545694360000e-01|+0.0000000000000e+00
+0000000000000000016|+0000000000000000000|+0000000000000000000|+2.7100000000000e+00|-1.1273496000000e+00|+0.0000000000000e+00|+4.5066394240000e-01|+0.0000000000000e+00
+0000000000000000016|+0000000000000000000|+0000000000000000000|+2.7000000000000e+00|-1.1045460000000e+00|+0.0000000000000e+00|+4.1034791960000e-01|+0.0000000000000e+00
+0000000000000000016|+0000000000000000000|+0000000000000000000|+2.6900000000000e+00|-1.1444819000000e+00|+0.0000000000000e+00|+4.5310335990000e-01|+0.0000000000000e+00
+0000000000000000016|+0000000000000000000|+0000000000000000000|+2.6800000000000e+00|-1.1328796000000e+00|+0.0000000000000e+00|+4.4236531910000e-01|+0.0000000000000e+00
+0000000000000000016|+0000000000000000000|+0000000000000000000|+2.6700000000000e+00|-1.1111355000000e+00|+0.0000000000000e+00|+4.3615357750000e-01|+0.0000000000000e+00
+0000000000000000016|+0000000000000000000|+0000000000000000000|+2.6600000000000e+00|-1.1438946000000e+00|+0.0000000000000e+00|+4.4865916390000e-01|+0.0000000000000e+00
+0000000000000000016|+0000000000000000000|+0000000000000000000|+2.6500000000000e+00|-1.1738325000000e+00|+0.0000000000000e+00|+4.5969019750000e-01|+0.0000000000000e+00
+0000000000000000016|+0000000000000000000|+0000000000000000000|+2.6400000000000e+00|-1.1437944000000e+00|+0.0000000000000e+00|+4.5071923590000e-01|+0.0000000000000e+00
+0000000000000000016|+0000000000000000000|+0000000000000000000|+2.6300000000000e+00|-1.1240212000000e+00|+0.0000000000000e+00|+4.6444150240000e-01|+0.0000000000000e+00
+0000000000000000016|+0000000000000000000|+0000000000000000000|+2.6200000000000e+00|-1.1465180000000e+00|+0.0000000000000e+00|+4.4341279000000e-01|+0.0000000000000e+00
+0000000000000000016|+0000000000000000000|+0000000000000000000|+2.6100000000000e+00|-1.1604540000000e+00|+0.0000000000000e+00|+4.7447404000000e-01|+0.0000000000000e+00
+0000000000000000016|+0000000000000000000|+0000000000000000000|+2.6000000000000e+00|-1.1484520000000e+00|+0.0000000000000e+00|+4.6752863960000e-01|+0.0000000000000e+00
+0000000000000000016|+0000000000000000000|+0000000000000000000|+2.5900000000000e+00|-1.2047218000000e+00|+0.0000000000000e+00|+4.9109447960000e-01|+0.0000000000000e+00
+0000000000000000016|+0000000000000000000|+0000000000000000000|+2.5800000000000e+00|-1.1722530000000e+00|+0.0000000000000e+00|+4.9942837750000e-01|+0.0000000000000e+00
+0000000000000000016|+0000000000000000000|+0000000000000000000|+2.5700000000000e+00|-1.1961192000000e+00|+0.0000000000000e+00|+4.9356880640000e-01|+0.0000000000000e+00
+0000000000000000016|+0000000000000000000|+0000000000000000000|+2.5600000000000e+00|-1.1797408000000e+00|+0.0000000000000e+00|+4.8175653760000e-01|+0.0000000000000e+00
+0000000000000000016|+0000000000000000000|+0000000000000000000|+2.5500000000000e+00|-1.2161505000000e+00|+0.0000000000000e+00|+5.0232479990000e-01|+0.0000000000000e+00
+0000000000000000016|+0000000000000000000|+0000000000000000000|+2.5400000000000e+00|-1.2147094000000e+00|+0.0000000000000e+00|+5.0547974790000e-01|+0.0000000000000e+00
+0000000000000000016|+0000000000000000000|+0000000000000000000|+2.5300000000000e+00|-1.2133287000000e+00|+0.0000000000000e+00|+4.9389999590000e-01|+0.0000000000000e+00
+0000000000000000016|+0000000000000000000|+0000000000000000000|+2.5200000000000e+00|-1.2047736000000e+00|+0.0000000000000e+00|+5.0893620760000e-01|+0.0000000000000e+00
+0000000000000000016|+0000000000000000000|+0000000000000000000|+2.5100000000000e+00|-1.2174406000000e+00|+0.0000000000000e+00|+5.2722151640000e-01|+0.0000000000000e+00
+0000000000000000016|+0000000000000000000|+0000000000000000000|+2.5000000000000e+00|-1.2455250000000e+00|+0.0000000000000e+00|+5.2995679590000e-01|+0.0000000000000e+00
+0000000000000000016|+0000000000000000000|+0000000000000000000|+2.4900000000000e+00|-1.2023610000000e+00|+0.0000000000000e+00|+5.3071679000000e-01|+0.0000000000000e+00
+0000000000000000016|+0000000000000000000|+0000000000000000000|+2.4800000000000e+00|-1.2304600000000e+00|+0.0000000000000e+00|+5.0935193750000e-01|+0.0000000000000e+00
+0000000000000000016|+0000000000000000000|+0000000000000000000|+2.4700000000000e+00|-1.2448587000000e+00|+0.0000000000000e+00|+5.2836671590000e-01|+0.0000000000000e+00
+0000000000000000016|+0000000000000000000|+0000000000000000000|+2.4600000000000e+00|-1.2583140000000e+00|+0.0000000000000e+00|+5.3995119000000e-01|+0.0000000000000e+00
+0000000000000000016|+0000000000000000000|+0000000000000000000|+2.4500000000000e+00|-1.2628715000000e+00|+0.0000000000000e+00|+5.4075755510000e-01|+0.0000000000000e+00
+0000000000000000016|+0000000000000000000|+0000000000000000000|+2.4400000000000e+00|-1.2739356000000e+00|+0.0000000000000e+00|+5.5560017990000e-01|+0.0000000000000e+00
+0000000000000000016|+0000000000000000000|+0000000000000000000|+2.4300000000000e+00|-1.2562131000000e+00|+0.0000000000000e+00|+5.5465957110000e-01|+0.0000000000000e+00
+0000000000000000016|+0000000000000000000|+0000000000000000000|+2.4200000000000e+00|-1.3011208000000e+00|+0.0000000000000e+00|+5.6300918240000e-01|+0.0000000000000e+00
+0000000000000000016|+0000000000000000000|+0000000000000000000|+2.4100000000000e+00|-1.2985403000000e+00|+0.0000000000000e+00|+5.7082727110000e-01|+0.0000000000000e+00
+0000000000000000016|+0000000000000000000|+0000000000000000000|+2.4000000000000e+00|-1.2734160000000e+00|+0.0000000000000e+00|+5.5837425190000e-01|+0.0000000000000e+00
+0000000000000000016|+0000000000000000000|+0000000000000000000|+2.3900000000000e+00|-1.2804959000000e+00|+0.0000000000000e+00|+5.4831486390000e-01|+0.0000000000000e+00
+0000000000000000016|+0000000000000000000|+0000000000000000000|+2.3800000000000e+00|-1.3050010000000e+00|+0.0000000000000e+00|+5.7849639750000e-01|+0.0000000000000e+00
+0000000000000000016|+0000000000000000000|+0000000000000000000|+2.3700000000000e+00|-1.2796140000000e+00|+0.0000000000000e+00|+5.6336716000000e-01|+0.0000000000000e+00
+0000000000000000016|+0000000000000000000|+0000000000000000000|+2.3600000000000e+00|-1.3130024000000e+00|+0.0000000000000e+00|+5.9961628440000e-01|+0.0000000000000e+00
+0000000000000000016|+0000000000000000000|+0000000000000000000|+2.3500000000000e+00|-1.3299010000000e+00|+0.0000000000000e+00|+5.6196604440000e-01|+0.0000000000000e+00
+0000000000000000016|+0000000000000000000|+0000000000000000000|+2.3400000000000e+00|-1.3273086000000e+00|+0.0000000000000e+00|+6.0573135590000e-01|+0.0000000000000e+00
+0000000000000000016|+0000000000000000000|+0000000000000000000|+2.3300000000000e+00|-1.3163753000000e+00|+0.0000000000000e+00|+5.8084115190000e-01|+0.0000000000000e+00
+0000000000000000016|+0000000000000000000|+0000000000000000000|+2.3200000000000e+00|-1.3057440000000e+00|+0.0000000000000e+00|+5.7736736000000e-01|+0.0000000000000e+00
+0000000000000000016|+0000000000000000000|+0000000000000000000|+2.3100000000000e+00|-1.3283964000000e+00|+0.0000000000000e+00|+5.9982156640000e-01|+0.0000000000000e+00
+0000000000000000016|+0000000000000000000|+0000000000000000000|+2.3000000000000e+00|-1.3369560000000e+00|+0.0000000000000e+00|+6.0569464160000e-01|+0.0000000000000e+00
+0000000000000000016|+0000000000000000000|+0000000000000000000|+2.2900000000000e+00|-1.3253041000000e+00|+0.0000000000000e+00|+6.0449863590000e-01|+0.0000000000000e+00
+0000000000000000016|+0000000000000000000|+0000000000000000000|+2.2800000000000e+00|-1.3318692000000e+00|+0.0000000000000e+00|+6.0972936790000e-01|+0.0000000000000e+00
+0000000000000000016|+0000000000000000000|+0000000000000000000|+2.2700000000000e+00|-1.3567055000000e+00|+0.0000000000000e+00|+6.0141487750000e-01|+0.0000000000000e+00
+0000000000000000016|+0000000000000000000|+0000000000000000000|+2.2600000000000e+00|-1.3645156000000e+00|+0.0000000000000e+00|+6.3101943640000e-01|+0.0000000000000e+00
+0000000000000000016|+0000000000000000000|+0000000000000000000|+2.2500000000000e+00|-1.3391175000000e+00|+0.0000000000000e+00|+6.1632505110000e-01|+0.0000000000000e+00
+0000000000000000016|+0000000000000000000|+0000000000000000000|+2.2400000000000e+00|-1.3528992000000e+00|+0.0000000000000e+00|+6.4745151360000e-01|+0.0000000000000e+00
+0000000000000000016|+0000000000000000000|+0000000000000000000|+2.2300000000000e+00|-1.3683406000000e+00|+0.0000000000000e+00|+6.4142515160000e-01|+0.0000000000000e+00
+0000000000000000016|+0000000000000000000|+0000000000000000000|+2.2200000000000e+00|-1.4150076000000e+00|+0.0000000000000e+00|+6.6574550360000e-01|+0.0000000000000e+00
+0000000000000000016|+0000000000000000000|+0000000000000000000|+2.2100000000000e+00|-1.3582382000000e+00|+0.0000000000000e+00|+6.4523758360000e-01|+0.0000000000000e+00
+0000000000000000016|+0000000000000000000|+0000000000000000000|+2.2000000000000e+00|-1.4025980000000e+00|+0.0000000000000e+00|+6.7725443190000e-01|+0.0000000000000e+00
+0000000000000000016|+0000000000000000000|+0000000000000000000|+2.1900000000000e+00|-1.3624674000000e+00|+0.0000000000000e+00|+6.2849650840000e-01|+0.0000000000000e+00
+0000000000000000016|+0000000000000000000|+0000000000000000000|+2.1800000000000e+00|-1.4307264000000e+00|+0.0000000000000e+00|+7.0150280960000e-01|+0.0000000000000e+00
+0000000000000000016|+0000000000000000000|+0000000000000000000|+2.1700000000000e+00|-1.3952436000000e+00|+0.0000000000000e+00|+6.8927963360000e-01|+0.0000000000000e+00
+0000000000000000016|+0000000000000000000|+0000000000000000000|+2.1600000000000e+00|-1.4355984000000e+00|+0.0000000000000e+00|+6.8934745240000e-01|+0.0000000000000e+00
+0000000000000000016|+0000000000000000000|+0000000000000000000|+2.1500000000000e+00|-1.4122145000000e+00|+0.0000000000000e+00|+7.1577493910000e-01|+0.0000000000000e+00
+0000000000000000016|+0000000000000000000|+0000000000000000000|+2.1400000000000e+00|-1.4315606000000e+00|+0.0000000000000e+00|+7.0281473590000e-01|+0.0000000000000e+00
+0000000000000000016|+0000000000000000000|+0000000000000000000|+2.1300000000000e+00|-1.4160381000000e+00|+0.0000000000000e+00|+6.6320036310000e-01|+0.0000000000000e+00
+0000000000000000016|+0000000000000000000|+0000000000000000000|+2.1200000000000e+00|-1.4178392000000e+00|+0.0000000000000e+00|+7.1577372440000e-01|+0.0000000000000e+00
+0000000000000000016|+0000000000000000000|+0000000000000000000|+2.1100000000000e+00|-1.4467823000000e+00|+0.0000000000000e+00|+7.2101581510000e-01|+0.0000000000000e+00
+0000000000000000016|+0000000000000000000|+0000000000000000000|+2.1000000000000e+00|-1.4678490000000e+00|+0.0000000000000e+00|+7.6163560390000e-01|+0.0000000000000e+00
+0000000000000000016|+0000000000000000000|+0000000000000000000|+2.0900000000000e+00|-1.4778842000000e+00|+0.0000000000000e+00|+7.5291809560000e-01|+0.0000000000000e+00
+0000000000000000016|+0000000000000000000|+0000000000000000000|+2.0800000000000e+00|-1.4858384000000e+00|+0.0000000000000e+00|+7.3571312710000e-01|+0.0000000000000e+00
+0000000000000000016|+0000000000000000000|+0000000000000000000|+2.0700000000000e+00|-1.4943657000000e+00|+0.0000000000000e+00|+7.6018707990000e-01|+0.0000000000000e+00
+0000000000000000016|+0000000000000000000|+0000000000000000000|+2.0600000000000e+00|-1.4536012000000e+00|+0.0000000000000e+00|+7.4492295960000e-01|+0.0000000000000e+00
+0000000000000000016|+0000000000000000000|+0000000000000000000|+2.0500000000000e+00|-1.4833220000000e+00|+0.0000000000000e+00|+7.6902793440000e-01|+0.0000000000000e+00
+0000000000000000016|+0000000000000000000|+0000000000000000000|+2.0400000000000e+00|-1.5189120000000e+00|+0.0000000000000e+00|+7.6526416000000e-01|+0.0000000000000e+00
+0000000000000000016|+0000000000000000000|+0000000000000000000|+2.0300000000000e+00|-1.5303954000000e+00|+0.0000000000000e+00|+7.7712260760000e-01|+0.0000000000000e+00
+0000000000000000016|+0000000000000000000|+0000000000000000000|+2.0200000000000e+00|-1.5326636000000e+00|+0.0000000000000e+00|+8.1089356760000e-01|+0.0000000000000e+00
+0000000000000000016|+0000000000000000000|+0000000000000000000|+2.0100000000000e+00|-1.5461892000000e+00|+0.0000000000000e+00|+8.5585659360000e-01|+0.0000000000000e+00
+0000000000000000016|+0000000000000000000|+0000000000000000000|+2.0000000000000e+00|-1.5271600000000e+00|+0.0000000000000e+00|+7.8061558360000e-01|+0.0000000000000e+00
+0000000000000000016|+0000000000000000000|+0000000000000000000|+1.9900000000000e+00|-1.5321963000000e+00|+0.0000000000000e+00|+8.0565990310000e-01|+0.0000000000000e+00
+0000000000000000016|+0000000000000000000|+0000000000000000000|+1.9800000000000e+00|-1.5852486000000e+00|+0.0000000000000e+00|+8.1535251510000e-01|+0.0000000000000e+00
+0000000000000000016|+0000000000000000000|+0000000000000000000|+1.9700000000000e+00|-1.5540083000000e+00|+0.0000000000000e+00|+8.0345608790000e-01|+0.0000000000000e+00
+0000000000000000016|+0000000000000000000|+0000000000000000000|+1.9600000000000e+00|-1.5740264000000e+00|+0.0000000000000e+00|+8.2505700440000e-01|+0.0000000000000e+00
+0000000000000000016|+0000000000000000000|+0000000000000000000|+1.9500000000000e+00|-1.5556185000000e+00|+0.0000000000000e+00|+8.4758411110000e-01|+0.0000000000000e+00
+0000000000000000016|+0000000000000000000|+0000000000000000000|+1.9400000000000e+00|-1.5737092000000e+00|+0.0000000000000e+00|+8.8647612760000e-01|+0.0000000000000e+00
+0000000000000000016|+0000000000000000000|+0000000000000000000|+1.9300000000000e+00|-1.5854271000000e+00|+0.0000000000000e+00|+8.4982561910000e-01|+0.0000000000000e+00
+0000000000000000016|+0000000000000000000|+0000000000000000000|+1.9200000000000e+00|-1.5804576000000e+00|+0.0000000000000e+00|+8.7148936160000e-01|+0.0000000000000e+00
+0000000000000000016|+0000000000000000000|+0000000000000000000|+1.9100000000000e+00|-1.6126879000000e+00|+0.0000000000000e+00|+8.6277686390000e-01|+0.0000000000000e+00
+0000000000000000016|+0000000000000000000|+0000000000000000000|+1.9000000000000e+00|-1.6191340000000e+00|+0.0000000000000e+00|+9.0175526040000e-01|+0.0000000000000e+00
+0000000000000000016|+0000000000000000000|+0000000000000000000|+1.8900000000000e+00|-1.6431339000000e+00|+0.0000000000000e+00|+9.3500067990000e-01|+0.0000000000000e+00
+0000000000000000016|+0000000000000000000|+0000000000000000000|+1.8800000000000e+00|-1.6425356000000e+00|+0.0000000000000e+00|+8.9017354310000e-01|+0.0000000000000e+00
+0000000000000000016|+0000000000000000000|+0000000000000000000|+1.8700000000000e+00|-1.6584140000000e+00|+0.0000000000000e+00|+9.6451916000000e-01|+0.0000000000000e+00
+0000000000000000016|+0000000000000000000|+0000000000000000000|+1.8600000000000e+00|-1.6445208000000e+00|+0.0000000000000e+00|+9.1065592160000e-01|+0.0000000000000e+00
+0000000000000000016|+0000000000000000000|+0000000000000000000|+1.8500000000000e+00|-1.6613980000000e+00|+0.0000000000000e+00|+9.5988699360000e-01|+0.0000000000000e+00
+0000000000000000016|+0000000000000000000|+0000000000000000000|+1.8400000000000e+00|-1.6769880000000e+00|+0.0000000000000e+00|+9.5714469750000e-01|+0.0000000000000e+00
+0000000000000000016|+0000000000000000000|+0000000000000000000|+1.8300000000000e+00|-1.6762428000000e+00|+0.0000000000000e+00|+9.7104617440000e-01|+0.0000000000000e+00
+0000000000000000016|+0000000000000000000|+0000000000000000000|+1.8200000000000e+00|-1.7154054000000e+00|+0.0000000000000e+00|+9.5823117910000e-01|+0.0000000000000e+00
+0000000000000000016|+0000000000000000000|+0000000000000000000|+1.8100000000000e+00|-1.6846698000000e+00|+0.0000000000000e+00|+9.6511334360000e-01|+0.0000000000000e+00
+0000000000000000016|+0000000000000000000|+0000000000000000000|+1.8000000000000e+00|-1.7323140000000e+00|+0.0000000000000e+00|+1.0354887671000e+00|+0.0000000000000e+00
+0000000000000000016|+0000000000000000000|+0000000000000000000|+1.7900000000000e+00|-1.7144046000000e+00|+0.0000000000000e+00|+1.0171984924000e+00|+0.0000000000000e+00
+0000000000000000016|+0000000000000000000|+0000000000000000000|+1.7800000000000e+00|-1.7409796000000e+00|+0.0000000000000e+00|+1.0496855676000e+00|+0.0000000000000e+00
+0000000000000000016|+0000000000000000000|+0000000000000000000|+1.7700000000000e+00|-1.7480802000000e+00|+0.0000000000000e+00|+1.0365688124000e+00|+0.0000000000000e+00
+0000000000000000016|+0000000000000000000|+0000000000000000000|+1.7600000000000e+00|-1.7567760000000e+00|+0.0000000000000e+00|+1.0443376775000e+00|+0.0000000000000e+00
+0000000000000000016|+0000000000000000000|+0000000000000000000|+1.7500000000000e+00|-1.7767625000000e+00|+0.0000000000000e+00|+1.0349485775000e+00|+0.0000000000000e+00
+0000000000000000016|+0000000000000000000|+0000000000000000000|+1.7400000000000e+00|-1.7603712000000e+00|+0.0000000000000e+00|+1.0756310656000e+00|+0.0000000000000e+00
+0000000000000000016|+0000000000000000000|+0000000000000000000|+1.7300000000000e+00|-1.7930930000000e+00|+0.0000000000000e+00|+1.0425431900000e+00|+0.0000000000000e+00
+0000000000000000016|+0000000000000000000|+0000000000000000000|+1.7200000000000e+00|-1.7848052000000e+00|+0.0000000000000e+00|+1.0400752319000e+00|+0.0000000000000e+00
+0000000000000000016|+0000000000000000000|+0000000000000000000|+1.7100000000000e+00|-1.8031908000000e+00|+0.0000000000000e+00|+1.0619536496000e+00|+0.0000000000000e+00
+0000000000000000016|+0000000000000000000|+0000000000000000000|+1.7000000000000e+00|-1.8214950000000e+00|+0.0000000000000e+00|+1.1130769775000e+00|+0.0000000000000e+00
+0000000000000000016|+0000000000000000000|+0000000000000000000|+1.6900000000000e+00|-1.8451337000000e+00|+0.0000000000000e+00|+1.1362068671000e+00|+0.0000000000000e+00
+0000000000000000016|+0000000000000000000|+0000000000000000000|+1.6800000000000e+00|-1.8346728000000e+00|+0.0000000000000e+00|+1.1352278759000e+00|+0.0000000000000e+00
+0000000000000000016|+0000000000000000000|+0000000000000000000|+1.6700000000000e+00|-1.8475227000000e+00|+0.0000000000000e+00|+1.0972697239000e+00|+0.0000000000000e+00
+0000000000000000016|+0000000000000000000|+0000000000000000000|+1.6600000000000e+00|-1.8691996000000e+00|+0.0000000000000e+00|+1.1646487964000e+00|+0.0000000000000e+00
+0000000000000000016|+0000000000000000000|+0000000000000000000|+1.6500000000000e+00|-1.8943200000000e+00|+0.0000000000000e+00|+1.1609873600000e+00|+0.0000000000000e+00
+0000000000000000016|+0000000000000000000|+0000000000000000000|+1.6400000000000e+00|-1.9002100000000e+00|+0.0000000000000e+00|+1.1885124375000e+00|+0.0000000000000e+00
+0000000000000000016|+0000000000000000000|+0000000000000000000|+1.6300000000000e+00|-1.9118539000000e+00|+0.0000000000000e+00|+1.2222893391000e+00|+0.0000000000000e+00
+0000000000000000016|+0000000000000000000|+0000000000000000000|+1.6200000000000e+00|-1.9330896000000e+00|+0.0000000000000e+00|+1.2399147136000e+00|+0.0000000000000e+00
+0000000000000000016|+0000000000000000000|+0000000000000000000|+1.6100000000000e+00|-1.9036921000000e+00|+0.0000000000000e+00|+1.2373952079000e+00|+0.0000000000000e+00
+0000000000000000016|+0000000000000000000|+0000000000000000000|+1.6000000000000e+00|-1.9471680000000e+00|+0.0000000000000e+00|+1.2062418671000e+00|+0.0000000000000e+00
+0000000000000000016|+0000000000000000000|+0000000000000000000|+1.5900000000000e+00|-1.9313403000000e+00|+0.0000000000000e+00|+1.2328561511000e+00|+0.0000000000000e+00
+0000000000000000016|+0000000000000000000|+0000000000000000000|+1.5800000000000e+00|-1.9826666000000e+00|+0.0000000000000e+00|+1.2987568071000e+00|+0.0000000000000e+00
+0000000000000000016|+0000000000000000000|+0000000000000000000|+1.5700000000000e+00|-1.9532291000000e+00|+0.0000000000000e+00|+1.2891992831000e+00|+0.0000000000000e+00
+0000000000000000016|+0000000000000000000|+0000000000000000000|+1.5600000000000e+00|-1.9773060000000e+00|+0.0000000000000e+00|+1.3085491775000e+00|+0.0000000000000e+00
+0000000000000000016|+0000000000000000000|+0000000000000000000|+1.5500000000000e+00|-2.0215490000000e+00|+0.0000000000000e+00|+1.3785919836000e+00|+0.0000000000000e+00
+0000000000000000016|+0000000000000000000|+0000000000000000000|+1.5400000000000e+00|-2.0057346000000e+00|+0.0000000000000e+00|+1.3649884999000e+00|+0.0000000000000e+00
+0000000000000000016|+0000000000000000000|+0000000000000000000|+1.5300000000000e+00|-2.0194770000000e+00|+0.0000000000000e+00|+1.3526331900000e+00|+0.0000000000000e+00
+0000000000000000016|+0000000000000000000|+0000000000000000000|+1.5200000000000e+00|-2.0252248000000e+00|+0.0000000000000e+00|+1.3379357399000e+00|+0.0000000000000e+00
+0000000000000000016|+0000000000000000000|+0000000000000000000|+1.5100000000000e+00|-2.0362898000000e+00|+0.0000000000000e+00|+1.3539492796000e+00|+0.0000000000000e+00
+0000000000000000016|+0000000000000000000|+0000000000000000000|+1.5000000000000e+00|-2.0559900000000e+00|+0.0000000000000e+00|+1.4007111644000e+00|+0.0000000000000e+00
+0000000000000000016|+0000000000000000000|+0000000000000000000|+1.4900000000000e+00|-2.0619387000000e+00|+0.0000000000000e+00|+1.4151056031000e+00|+0.0000000000000e+00
+0000000000000000016|+0000000000000000000|+0000000000000000000|+1.4800000000000e+00|-2.0680576000000e+00|+0.0000000000000e+00|+1.4284355456000e+00|+0.0000000000000e+00
+0000000000000000016|+0000000000000000000|+0000000000000000000|+1.4700000000000e+00|-2.1148884000000e+00|+0.0000000000000e+00|+1.5035943216000e+00|+0.0000000000000e+00
+0000000000000000016|+0000000000000000000|+0000000000000000000|+1.4600000000000e+00|-2.1520354000000e+00|+0.0000000000000e+00|+1.5275745999000e+00|+0.0000000000000e+00
+0000000000000000016|+0000000000000000000|+0000000000000000000|+1.4500000000000e+00|-2.1641730000000e+00|+0.0000000000000e+00|+1.4939400124000e+00|+0.0000000000000e+00
+0000000000000000016|+0000000000000000000|+0000000000000000000|+1.4400000000000e+00|-2.1685584000000e+00|+0.0000000000000e+00|+1.5676957879000e+00|+0.0000000000000e+00
+0000000000000000016|+0000000000000000000|+0000000000000000000|+1.4300000000000e+00|-2.1984425000000e+00|+0.0000000000000e+00|+1.5738599375000e+00|+0.0000000000000e+00
+0000000000000000016|+0000000000000000000|+0000000000000000000|+1.4200000000000e+00|-2.2113020000000e+00|+0.0000000000000e+00|+1.5517963900000e+00|+0.0000000000000e+00
+0000000000000000016|+0000000000000000000|+0000000000000000000|+1.4100000000000e+00|-2.1960687000000e+00|+0.0000000000000e+00|+1.6164006151000e+00|+0.0000000000000e+00
+0000000000000000016|+0000000000000000000|+0000000000000000000|+1.4000000000000e+00|-2.2282940000000e+00|+0.0000000000000e+00|+1.6652065559000e+00|+0.0000000000000e+00
+0000000000000000016|+0000000000000000000|+0000000000000000000|+1.3900000000000e+00|-2.2234138000000e+00|+0.0000000000000e+00|+1.6481213436000e+00|+0.0000000000000e+00
+0000000000000000016|+0000000000000000000|+0000000000000000000|+1.3800000000000e+00|-2.2642470000000e+00|+0.0000000000000e+00|+1.6230085775000e+00|+0.0000000000000e+00
+0000000000000000016|+0000000000000000000|+0000000000000000000|+1.3700000000000e+00|-2.2806852000000e+00|+0.0000000000000e+00|+1.6531081584000e+00|+0.0000000000000e+00
+0000000000000000016|+0000000000000000000|+0000000000000000000|+1.3600000000000e+00|-2.2967640000000e+00|+0.0000000000000e+00|+1.7075701775000e+00|+0.0000000000000e+00
+0000000000000000016|+0000000000000000000|+0000000000000000000|+1.3500000000000e+00|-2.2743885000000e+00|+0.0000000000000e+00|+1.6945644999000e+00|+0.0000000000000e+00
+0000000000000000016|+0000000000000000000|+0000000000000000000|+1.3400000000000e+00|-2.3020296000000e+00|+0.0000000000000e+00|+1.7557497264000e+00|+0.0000000000000e+00
+0000000000000000016|+0000000000000000000|+0000000000000000000|+1.3300000000000e+00|-2.3267168000000e+00|+0.0000000000000e+00|+1.7589845184000e+00|+0.0000000000000e+00
+0000000000000000016|+0000000000000000000|+0000000000000000000|+1.3200000000000e+00|-2.3419452000000e+00|+0.0000000000000e+00|+1.7733596879000e+00|+0.0000000000000e+00
+0000000000000000016|+0000000000000000000|+0000000000000000000|+1.3100000000000e+00|-2.3945681000000e+00|+0.0000000000000e+00|+1.8450959399000e+00|+0.0000000000000e+00
+0000000000000000016|+0000000000000000000|+0000000000000000000|+1.3000000000000e+00|-2.3925910000000e+00|+0.0000000000000e+00|+1.9101734951000e+00|+0.0000000000000e+00
+0000000000000000016|+0000000000000000000|+0000000000000000000|+1.2900000000000e+00|-2.3976240000000e+00|+0.0000000000000e+00|+1.8068366400000e+00|+0.0000000000000e+00
+0000000000000000016|+0000000000000000000|+0000000000000000000|+1.2800000000000e+00|-2.4632224000000e+00|+0.0000000000000e+00|+1.8745673536000e+00|+0.0000000000000e+00
+0000000000000000016|+0000000000000000000|+0000000000000000000|+1.2700000000000e+00|-2.4477270000000e+00|+0.0000000000000e+00|+1.8965639900000e+00|+0.0000000000000e+00
+0000000000000000016|+0000000000000000000|+0000000000000000000|+1.2600000000000e+00|-2.4380742000000e+00|+0.0000000000000e+00|+1.9586892311000e+00|+0.0000000000000e+00
+0000000000000000016|+0000000000000000000|+0000000000000000000|+1.2500000000000e+00|-2.4520875000000e+00|+0.0000000000000e+00|+1.9807308111000e+00|+0.0000000000000e+00
+0000000000000000016|+0000000000000000000|+0000000000000000000|+1.2400000000000e+00|-2.5006664000000e+00|+0.0000000000000e+00|+1.9927704604000e+00|+0.0000000000000e+00
+0000000000000000016|+0000000000000000000|+0000000000000000000|+1.2300000000000e+00|-2.5523232000000e+00|+0.0000000000000e+00|+2.0589636544000e+00|+0.0000000000000e+00
+0000000000000000016|+0000000000000000000|+0000000000000000000|+1.2200000000000e+00|-2.5456758000000e+00|+0.0000000000000e+00|+2.1037750479000e+00|+0.0000000000000e+00
+0000000000000000016|+0000000000000000000|+0000000000000000000|+1.2100000000000e+00|-2.5682691000000e+00|+0.0000000000000e+00|+2.0599446759000e+00|+0.0000000000000e+00
+0000000000000000016|+0000000000000000000|+0000000000000000000|+1.2000000000000e+00|-2.6121840000000e+00|+0.0000000000000e+00|+2.1617046876000e+00|+0.0000000000000e+00
+0000000000000000016|+0000000000000000000|+0000000000000000000|+1.1900000000000e+00|-2.5888444000000e+00|+0.0000000000000e+00|+2.1062879024000e+00|+0.0000000000000e+00
+0000000000000000016|+0000000000000000000|+0000000000000000000|+1.1800000000000e+00|-2.6515118000000e+00|+0.0000000000000e+00|+2.2526264999000e+00|+0.0000000000000e+00
+0000000000000000016|+0000000000000000000|+0000000000000000000|+1.1700000000000e+00|-2.6724108000000e+00|+0.0000000000000e+00|+2.2424442224000e+00|+0.0000000000000e+00
+0000000000000000016|+0000000000000000000|+0000000000000000000|+1.1600000000000e+00|-2.6847404000000e+00|+0.0000000000000e+00|+2.2595431039000e+00|+0.0000000000000e+00
+0000000000000000016|+0000000000000000000|+0000000000000000000|+1.1500000000000e+00|-2.6919090000000e+00|+0.0000000000000e+00|+2.3519252444000e+00|+0.0000000000000e+00
+0000000000000000016|+0000000000000000000|+0000000000000000000|+1.1400000000000e+00|-2.7018300000000e+00|+0.0000000000000e+00|+2.2680797500000e+00|+0.0000000000000e+00
+0000000000000000016|+0000000000000000000|+0000000000000000000|+1.1300000000000e+00|-2.7621674000000e+00|+0.0000000000000e+00|+2.3995615196000e+00|+0.0000000000000e+00
+0000000000000000016|+0000000000000000000|+0000000000000000000|+1.1200000000000e+00|-2.7742912000000e+00|+0.0000000000000e+00|+2.4505659324000e+00|+0.0000000000000e+00
+0000000000000000016|+0000000000000000000|+0000000000000000000|+1.1100000000000e+00|-2.8183362000000e+00|+0.0000000000000e+00|+2.4591605436000e+00|+0.0000000000000e+00
+0000000000000000016|+0000000000000000000|+0000000000000000000|+1.1000000000000e+00|-2.8311130000000e+00|+0.0000000000000e+00|+2.5658051911000e+00|+0.0000000000000e+00
+0000000000000000016|+0000000000000000000|+0000000000000000000|+1.0900000000000e+00|-2.8658204000000e+00|+0.0000000000000e+00|+2.5253614064000e+00|+0.0000000000000e+00
+0000000000000000016|+0000000000000000000|+0000000000000000000|+1.0800000000000e+00|-2.8581852000000e+00|+0.0000000000000e+00|+2.5674726839000e+00|+0.0000000000000e+00
+0000000000000000016|+0000000000000000000|+0000000000000000000|+1.0700000000000e+00|-2.8738671000000e+00|+0.0000000000000e+00|+2.5714783191000e+00|+0.0000000000000e+00
+0000000000000000016|+0000000000000000000|+0000000000000000000|+1.0600000000000e+00|-2.9320704000000e+00|+0.0000000000000e+00|+2.5866212544000e+00|+0.0000000000000e+00
+0000000000000000016|+0000000000000000000|+0000000000000000000|+1.0500000000000e+00|-2.9270340000000e+00|+0.0000000000000e+00|+2.6017415536000e+00|+0.0000000000000e+00
+0000000000000000016|+0000000000000000000|+0000000000000000000|+1.0400000000000e+00|-2.9668816000000e+00|+0.0000000000000e+00|+2.6905410684000e+00|+0.0000000000000e+00
+0000000000000000016|+0000000000000000000|+0000000000000000000|+1.0300000000000e+00|-2.9896093000000e+00|+0.0000000000000e+00|+2.6421142439000e+00|+0.0000000000000e+00
+0000000000000000016|+0000000000000000000|+0000000000000000000|+1.0200000000000e+00|-3.0286038000000e+00|+0.0000000000000e+00|+2.7974044239000e+00|+0.0000000000000e+00
+0000000000000000016|+0000000000000000000|+0000000000000000000|+1.0100000000000e+00|-3.0318369000000e+00|+0.0000000000000e+00|+2.8408582039000e+00|+0.0000000000000e+00
+0000000000000000016|+0000000000000000000|+0000000000000000000|+1.0000000000000e+00|-3.1022400000000e+00|+0.0000000000000e+00|+2.7731069824000e+00|+0.0000000000000e+00
+0000000000000000016|+0000000000000000000|+0000000000000000000|+9.9000000000000e-01|-3.1339551000000e+00|+0.0000000000000e+00|+2.9097968199000e+00|+0.0000000000000e+00
+0000000000000000016|+0000000000000000000|+0000000000000000000|+9.8000000000000e-01|-3.1824220000000e+00|+0.0000000000000e+00|+2.9961587900000e+00|+0.0000000000000e+00
+0000000000000000016|+0000000000000000000|+0000000000000000000|+9.7000000000000e-01|-3.1643443000000e+00|+0.0000000000000e+00|+3.0443273239000e+00|+0.0000000000000e+00
+0000000000000000016|+0000000000000000000|+0000000000000000000|+9.6000000000000e-01|-3.2127840000000e+00|+0.0000000000000e+00|+3.0415215900000e+00|+0.0000000000000e+00
+0000000000000000016|+0000000000000000000|+0000000000000000000|+9.5000000000000e-01|-3.2224775000000e+00|+0.0000000000000e+00|+3.0234336975000e+00|+0.0000000000000e+00
+0000000000000000016|+0000000000000000000|+0000000000000000000|+9.4000000000000e-01|-3.2471626000000e+00|+0.0000000000000e+00|+3.1191504359000e+00|+0.0000000000000e+00
+0000000000000000016|+0000000000000000000|+0000000000000000000|+9.3000000000000e-01|-3.2837481000000e+00|+0.0000000000000e+00|+3.1314395511000e+00|+0.0000000000000e+00
+0000000000000000016|+0000000000000000000|+0000000000000000000|+9.2000000000000e-01|-3.3552888000000e+00|+0.0000000000000e+00|+3.3552885404000e+00|+0.0000000000000e+00
+0000000000000000016|+0000000000000000000|+0000000000000000000|+9.1000000000000e-01|-3.4006981000000e+00|+0.0000000000000e+00|+3.2452704319000e+00|+0.0000000000000e+00
+0000000000000000016|+0000000000000000000|+0000000000000000000|+9.0000000000000e-01|-3.4130910000000e+00|+0.0000000000000e+00|+3.3955181799000e+00|+0.0000000000000e+00
+0000000000000000016|+0000000000000000000|+0000000000000000000|+8.9000000000000e-01|-3.4365186000000e+00|+0.0000000000000e+00|+3.5135139324000e+00|+0.0000000000000e+00
+0000000000000000016|+0000000000000000000|+0000000000000000000|+8.8000000000000e-01|-3.4607024000000e+00|+0.0000000000000e+00|+3.3814117596000e+00|+0.0000000000000e+00
+0000000000000000016|+0000000000000000000|+0000000000000000000|+8.7000000000000e-01|-3.5434623000000e+00|+0.0000000000000e+00|+3.5698887759000e+00|+0.0000000000000e+00
+0000000000000000016|+0000000000000000000|+0000000000000000000|+8.6000000000000e-01|-3.5428774000000e+00|+0.0000000000000e+00|+3.6656935919000e+00|+0.0000000000000e+00
+0000000000000000016|+0000000000000000000|+0000000000000000000|+8.5000000000000e-01|-3.5521035000000e+00|+0.0000000000000e+00|+3.7954816959000e+00|+0.0000000000000e+00
+0000000000000000016|+0000000000000000000|+0000000000000000000|+8.4000000000000e-01|-3.6176316000000e+00|+0.0000000000000e+00|+3.6523944199000e+00|+0.0000000000000e+00
+0000000000000000016|+0000000000000000000|+0000000000000000000|+8.3000000000000e-01|-3.6815710000000e+00|+0.0000000000000e+00|+3.7465763100000e+00|+0.0000000000000e+00
+0000000000000000016|+0000000000000000000|+0000000000000000000|+8.2000000000000e-01|-3.7090890000000e+00|+0.0000000000000e+00|+3.8969573975000e+00|+0.0000000000000e+00
+0000000000000000016|+0000000000000000000|+0000000000000000000|+8.1000000000000e-01|-3.6847065000000e+00|+0.0000000000000e+00|+3.9033841775000e+00|+0.0000000000000e+00
+0000000000000000016|+0000000000000000000|+0000000000000000000|+8.0000000000000e-01|-3.7786720000000e+00|+0.0000000000000e+00|+3.8972704944000e+00|+0.0000000000000e+00
+0000000000000000016|+0000000000000000000|+0000000000000000000|+7.9000000000000e-01|-3.8177181000000e+00|+0.0000000000000e+00|+4.0399472279000e+00|+0.0000000000000e+00
+0000000000000000016|+0000000000000000000|+0000000000000000000|+7.8000000000000e-01|-3.8379804000000e+00|+0.0000000000000e+00|+4.0012138876000e+00|+0.0000000000000e+00
+0000000000000000016|+0000000000000000000|+0000000000000000000|+7.7000000000000e-01|-3.8740703000000e+00|+0.0000000000000e+00|+4.1402760679000e+00|+0.0000000000000e+00
+0000000000000000016|+0000000000000000000|+0000000000000000000|+7.6000000000000e-01|-3.9183696000000e+00|+0.0000000000000e+00|+4.0320071984000e+00|+0.0000000000000e+00
+0000000000000000016|+0000000000000000000|+0000000000000000000|+7.5000000000000e-01|-3.9347850000000e+00|+0.0000000000000e+00|+4.2768768956000e+00|+0.0000000000000e+00
+0000000000000000016|+0000000000000000000|+0000000000000000000|+7.4000000000000e-01|-4.0502438000000e+00|+0.0000000000000e+00|+4.3886796431000e+00|+0.0000000000000e+00
+0000000000000000016|+0000000000000000000|+0000000000000000000|+7.3000000000000e-01|-4.0593940000000e+00|+0.0000000000000e+00|+4.3388151600000e+00|+0.0000000000000e+00
+0000000000000000016|+0000000000000000000|+0000000000000000000|+7.2000000000000e-01|-4.0936944000000e+00|+0.0000000000000e+00|+4.2830482396000e+00|+0.0000000000000e+00
+0000000000000000016|+0000000000000000000|+0000000000000000000|+7.1000000000000e-01|-4.1420405000000e+00|+0.0000000000000e+00|+4.5212481975000e+00|+0.0000000000000e+00
+0000000000000000016|+0000000000000000000|+0000000000000000000|+7.0000000000000e-01|-4.1958750000000e+00|+0.0000000000000e+00|+4.5734634375000e+00|+0.0000000000000e+00
+0000000000000000016|+0000000000000000000|+0000000000000000000|+6.9000000000000e-01|-4.2413385000000e+00|+0.0000000000000e+00|+4.6131232775000e+00|+0.0000000000000e+00
+0000000000000000016|+0000000000000000000|+0000000000000000000|+6.8000000000000e-01|-4.2885384000000e+00|+0.0000000000000e+00|+4.7647348956000e+00|+0.0000000000000e+00
+0000000000000000016|+0000000000000000000|+0000000000000000000|+6.7000000000000e-01|-4.3111787000000e+00|+0.0000000000000e+00|+4.5624008079000e+00|+0.0000000000000e+00
+0000000000000000016|+0000000000000000000|+0000000000000000000|+6.6000000000000e-01|-4.3966902000000e+00|+0.0000000000000e+00|+4.6745883591000e+00|+0.0000000000000e+00
+0000000000000000016|+0000000000000000000|+0000000000000000000|+6.5000000000000e-01|-4.4227750000000e+00|+0.0000000000000e+00|+4.8991777500000e+00|+0.0000000000000e+00
+0000000000000000016|+0000000000000000000|+0000000000000000000|+6.4000000000000e-01|-4.4986208000000e+00|+0.0000000000000e+00|+5.0114010591000e+00|+0.0000000000000e+00
+0000000000000000016|+0000000000000000000|+0000000000000000000|+6.3000000000000e-01|-4.5489648000000e+00|+0.0000000000000e+00|+5.0076648384000e+00|+0.0000000000000e+00
+0000000000000000016|+0000000000000000000|+0000000000000000000|+6.2000000000000e-01|-4.5931292000000e+00|+0.0000000000000e+00|+4.8278416444000e+00|+0.0000000000000e+00
+0000000000000000016|+0000000000000000000|+0000000000000000000|+6.1000000000000e-01|-4.6151984000000e+00|+0.0000000000000e+00|+5.0051633664000e+00|+0.0000000000000e+00
+0000000000000000016|+0000000000000000000|+0000000000000000000|+6.0000000000000e-01|-4.6689120000000e+00|+0.0000000000000e+00|+4.9695264896000e+00|+0.0000000000000e+00
+0000000000000000016|+0000000000000000000|+0000000000000000000|+5.9000000000000e-01|-4.7166652000000e+00|+0.0000000000000e+00|+5.1799239216000e+00|+0.0000000000000e+00
+0000000000000000016|+0000000000000000000|+0000000000000000000|+5.8000000000000e-01|-4.8063804000000e+00|+0.0000000000000e+00|+5.1539443356000e+00|+0.0000000000000e+00
+0000000000000000016|+0000000000000000000|+0000000000000000000|+5.7000000000000e-01|-4.8290586000000e+00|+0.0000000000000e+00|+5.1682210396000e+00|+0.0000000000000e+00
+0000000000000000016|+0000000000000000000|+0000000000000000000|+5.6000000000000e-01|-4.8954088000000e+00|+0.0000000000000e+00|+5.3972144671000e+00|+0.0000000000000e+00
+0000000000000000016|+0000000000000000000|+0000000000000000000|+5.5000000000000e-01|-4.9254305000000e+00|+0.0000000000000e+00|+5.2997622799000e+00|+0.0000000000000e+00
+0000000000000000016|+0000000000000000000|+0000000000000000000|+5.4000000000000e-01|-4.9952136000000e+00|+0.0000000000000e+00|+5.4519173744000e+00|+0.0000000000000e+00
+0000000000000000016|+0000000000000000000|+0000000000000000000|+5.3000000000000e-01|-5.0486519000000e+00|+0.0000000000000e+00|+5.6705624870999e+00|+0.0000000000000e+00
+0000000000000000016|+0000000000000000000|+0000000000000000000|+5.2000000000000e-01|-5.1163224000000e+00|+0.0000000000000e+00|+5.5734976156000e+00|+0.0000000000000e+00
+0000000000000000016|+0000000000000000000|+0000000000000000000|+5.1000000000000e-01|-5.1822624000000e+00|+0.0000000000000e+00|+5.5026572224000e+00|+0.0000000000000e+00
+0000000000000000016|+0000000000000000000|+0000000000000000000|+5.0000000000000e-01|-5.2177700000000e+00|+0.0000000000000e+00|+5.6104649084000e+00|+0.0000000000000e+00
+0000000000000000016|+0000000000000000000|+0000000000000000000|+4.9000000000000e-01|-5.2772945000000e+00|+0.0000000000000e+00|+5.5455486975000e+00|+0.0000000000000e+00
+0000000000000000016|+0000000000000000000|+0000000000000000000|+4.8000000000000e-01|-5.3372208000000e+00|+0.0000000000000e+00|+5.8120564759000e+00|+0.0000000000000e+00
+0000000000000000016|+0000000000000000000|+0000000000000000000|+4.7000000000000e-01|-5.3838672000000e+00|+0.0000000000000e+00|+5.5665722624000e+00|+0.0000000000000e+00
+0000000000000000016|+0000000000000000000|+0000000000000000000|+4.6000000000000e-01|-5.4384218000000e+00|+0.0000000000000e+00|+5.6052664711000e+00|+0.0000000000000e+00
+0000000000000000016|+0000000000000000000|+0000000000000000000|+4.5000000000000e-01|-5.5002045000000e+00|+0.0000000000000e+00|+5.6195928799000e+00|+0.0000000000000e+00
+0000000000000000016|+0000000000000000000|+0000000000000000000|+4.4000000000000e-01|-5.5439352000000e+00|+0.0000000000000e+00|+5.4382141436001e+00|+0.0000000000000e+00
+0000000000000000016|+0000000000000000000|+0000000000000000000|+4.3000000000000e-01|-5.6177521000000e+00|+0.0000000000000e+00|+5.4169968791000e+00|+0.0000000000000e+00
+0000000000000000016|+0000000000000000000|+0000000000000000000|+4.2000000000000e-01|-5.6596800000000e+00|+0.0000000000000e+00|+5.7222240000000e+00|+0.0000000000000e+00
+0000000000000000016|+0000000000000000000|+0000000000000000000|+4.1000000000000e-01|-5.6992618000000e+00|+0.0000000000000e+00|+5.6445928796000e+00|+0.0000000000000e+00
+0000000000000000016|+0000000000000000000|+0000000000000000000|+4.0000000000000e-01|-5.7650360000000e+00|+0.0000000000000e+00|+5.3954819919000e+00|+0.0000000000000e+00
+0000000000000000016|+0000000000000000000|+0000000000000000000|+3.9000000000000e-01|-5.8323897000000e+00|+0.0000000000000e+00|+5.4812577471000e+00|+0.0000000000000e+00
+0000000000000000016|+0000000000000000000|+0000000000000000000|+3.8000000000000e-01|-5.8762284000000e+00|+0.0000000000000e+00|+5.0333564476000e+00|+0.0000000000000e+00
+0000000000000000016|+0000000000000000000|+0000000000000000000|+3.7000000000000e-01|-5.9238905000000e+00|+0.0000000000000e+00|+5.2130860775000e+00|+0.0000000000000e+00
+0000000000000000016|+0000000000000000000|+0000000000000000000|+3.6000000000000e-01|-5.9837736000000e+00|+0.0000000000000e+00|+5.2951561724000e+00|+0.0000000000000e+00
+0000000000000000016|+0000000000000000000|+0000000000000000000|+3.5000000000000e-01|-6.0157630000000e+00|+0.0000000000000e+00|+5.0359512475999e+00|+0.0000000000000e+00
+0000000000000000016|+0000000000000000000|+0000000000000000000|+3.4000000000000e-01|-6.0869140000000e+00|+0.0000000000000e+00|+5.0423295900001e+00|+0.0000000000000e+00
+0000000000000000016|+0000000000000000000|+0000000000000000000|+3.3000000000000e-01|-6.1434858000000e+00|+0.0000000000000e+00|+4.8666903323999e+00|+0.0000000000000e+00
+0000000000000000016|+0000000000000000000|+0000000000000000000|+3.2000000000000e-01|-6.1868256000000e+00|+0.0000000000000e+00|+4.7517153436001e+00|+0.0000000000000e+00
+0000000000000000016|+0000000000000000000|+0000000000000000000|+3.1000000000000e-01|-6.2183259000000e+00|+0.0000000000000e+00|+5.0512983079001e+00|+0.0000000000000e+00
+0000000000000000016|+0000000000000000000|+0000000000000000000|+3.0000000000000e-01|-6.2737890000000e+00|+0.0000000000000e+00|+4.4450764831000e+00|+0.0000000000000e+00
+0000000000000000016|+0000000000000000000|+0000000000000000000|+2.9000000000000e-01|-6.3260297000000e+00|+0.0000000000000e+00|+4.2592192951001e+00|+0.0000000000000e+00
+0000000000000000016|+0000000000000000000|+0000000000000000000|+2.8000000000000e-01|-6.3668256000000e+00|+0.0000000000000e+00|+4.0183024895998e+00|+0.0000000000000e+00
+0000000000000000016|+0000000000000000000|+0000000000000000000|+2.7000000000000e-01|-6.3911082000000e+00|+0.0000000000000e+00|+4.5238006843999e+00|+0.0000000000000e+00
+0000000000000000016|+0000000000000000000|+0000000000000000000|+2.6000000000000e-01|-6.4427956000000e+00|+0.0000000000000e+00|+4.0995066363999e+00|+0.0000000000000e+00
+0000000000000000016|+0000000000000000000|+0000000000000000000|+2.5000000000000e-01|-6.4682575000000e+00|+0.0000000000000e+00|+3.9277386190999e+00|+0.0000000000000e+00
+0000000000000000016|+0000000000000000000|+0000000000000000000|+2.4000000000000e-01|-6.5100456000000e+00|+0.0000000000000e+00|+3.5659749638996e+00|+0.0000000000000e+00
+0000000000000000016|+0000000000000000000|+0000000000000000000|+2.3000000000000e-01|-6.5525188000000e+00|+0.0000000000000e+00|+3.4718425264002e+00|+0.0000000000000e+00
+0000000000000000016|+0000000000000000000|+0000000000000000000|+2.2000000000000e-01|-6.5899032000000e+00|+0.0000000000000e+00|+3.1469998063997e+00|+0.0000000000000e+00
+0000000000000000016|+0000000000000000000|+0000000000000000000|+2.1000000000000e-01|-6.6178344000000e+00|+0.0000000000000e+00|+3.0047059903998e+00|+0.0000000000000e+00
+0000000000000000016|+0000000000000000000|+0000000000000000000|+2.0000000000000e-01|-6.6486420000000e+00|+0.0000000000000e+00|+2.7877738959002e+00|+0.0000000000000e+00
+0000000000000000016|+0000000000000000000|+0000000000000000000|+1.9000000000000e-01|-6.6759194000000e+00|+0.0000000000000e+00|+2.4601569723997e+00|+0.0000000000000e+00
+0000000000000000016|+0000000000000000000|+0000000000000000000|+1.8000000000000e-01|-6.7016010000000e+00|+0.0000000000000e+00|+2.2931461974997e+00|+0.0000000000000e+00
+0000000000000000016|+0000000000000000000|+0000000000000000000|+1.7000000000000e-01|-6.7082912000000e+00|+0.0000000000000e+00|+1.9313451904003e+00|+0.0000000000000e+00
+0000000000000000016|+0000000000000000000|+0000000000000000000|+1.6000000000000e-01|-6.7336144000000e+00|+0.0000000000000e+00|+1.9623196919009e+00|+0.0000000000000e+00
+0000000000000000016|+0000000000000000000|+0000000000000000000|+1.5000000000000e-01|-6.7647105000000e+00|+0.0000000000000e+00|+1.8847022750993e+00|+0.0000000000000e+00
+0000000000000000016|+0000000000000000000|+0000000000000000000|+1.4000000000000e-01|-6.7797136000000e+00|+0.0000000000000e+00|+1.4070541824006e+00|+0.0000000000000e+00
+0000000000000000016|+0000000000000000000|+0000000000000000000|+1.3000000000000e-01|-6.7958756000000e+00|+0.0000000000000e+00|+1.7125467056010e+00|+0.0000000000000e+00
+0000000000000000016|+0000000000000000000|+0000000000000000000|+1.2000000000000e-01|-6.8178624000000e+00|+0.0000000000000e+00|+2.4422271295989e+00|+0.0000000000000e+00
+0000000000000000016|+0000000000000000000|+0000000000000000000|+1.1000000000000e-01|-6.8305689000000e+00|+0.0000000000000e+00|+1.9253947399003e+00|+0.0000000000000e+00
+0000000000000000016|+0000000000000000000|+0000000000000000000|+1.0000000000000e-01|-6.8425390000000e+00|+0.0000000000000e+00|+1.3555333479017e+00|+0.0000000000000e+00
+0000000000000000016|+0000000000000000000|+0000000000000000000|+9.0000000000000e-02|-6.8680911000000e+00|+0.0000000000000e+00|+1.2229701358986e+00|+0.0000000000000e+00
+0000000000000000016|+0000000000000000000|+0000000000000000000|+8.0000000000000e-02|-6.8704344000000e+00|+0.0000000000000e+00|+1.3685515103710e-02|+0.0000000000000e+00
+0000000000000000016|+0000000000000000000|+0000000000000000000|+7.0000000000000e-02|-6.8863369000000e+00|+0.0000000000000e+00|+1.0814415711035e+00|+0.0000000000000e+00
+0000000000000000016|+0000000000000000000|+0000000000000000000|+6.0000000000000e-02|-6.8955882000000e+00|+0.0000000000000e+00|+1.6740233391017e+00|+0.0000000000000e+00
+0000000000000000016|+0000000000000000000|+0000000000000000000|+5.0000000000000e-02|-6.9029495000000e+00|+0.0000000000000e+00|-3.8279820098025e-02|+0.0000000000000e+00
+0000000000000000016|+0000000000000000000|+0000000000000000000|+4.0000000000000e-02|-6.9120780000000e+00|+0.0000000000000e+00|+2.9911119750838e-01|+0.0000000000000e+00
+0000000000000000016|+0000000000000000000|+0000000000000000000|+3.0000000000000e-02|-6.9131409000000e+00|+0.0000000000000e+00|+9.9048971907664e-01|+0.0000000000000e+00
+0000000000000000016|+0000000000000000000|+0000000000000000000|+2.0000000000000e-02|-6.9123566000000e+00|+0.0000000000000e+00|+3.6216760910495e+00|+0.0000000000000e+00
+0000000000000000016|+0000000000000000000|+0000000000000000000|+9.9999999999999e-03|-6.9131470999999e+00|+0.0000000000000e+00|+5.6442376157921e+00|+0.0000000000000e+00
