#
# QHS - DATA
#
# ----------------------------------------
#
# Size                 = +0000000000000000010
# Model                = Open-1D
# Algorithm            = ED
# Start-Temperature    = +0.0000000000000e+00
# End-Temperature      = +4.0000000000000e+00
# Temperature-Step     = +1.0000000000000e-02
#
# Size              | Model-Index        | Algorithm-Index    | Temperature        | AverageEnergy      | StdDvOfEnergy      | AverageCHeat       | StdDvOfCHeat      
# ------------------------------------------------------------------------------------------------------
+0000000000000000010|+0000000000000000000|+0000000000000000001|+4.0000000000000e+00|-4.4527646179434e-01|+0.0000000000000e+00|+1.1631747257239e-01|+0.0000000000000e+00
+0000000000000000010|+0000000000000000000|+0000000000000000001|+3.9900000000000e+00|-4.4644265325792e-01|+0.0000000000000e+00|+1.1692159502891e-01|+0.0000000000000e+00
+0000000000000000010|+0000000000000000000|+0000000000000000001|+3.9800000000000e+00|-4.4761490927167e-01|+0.0000000000000e+00|+1.1753039053127e-01|+0.0000000000000e+00
+0000000000000000010|+0000000000000000000|+0000000000000000001|+3.9700000000000e+00|-4.4879327680480e-01|+0.0000000000000e+00|+1.1814390693017e-01|+0.0000000000000e+00
+0000000000000000010|+0000000000000000000|+0000000000000000001|+3.9600000000000e+00|-4.4997780330806e-01|+0.0000000000000e+00|+1.1876219268424e-01|+0.0000000000000e+00
+0000000000000000010|+0000000000000000000|+0000000000000000001|+3.9500000000000e+00|-4.5116853671985e-01|+0.0000000000000e+00|+1.1938529686927e-01|+0.0000000000000e+00
+0000000000000000010|+0000000000000000000|+0000000000000000001|+3.9400000000000e+00|-4.5236552547248e-01|+0.0000000000000e+00|+1.2001326918752e-01|+0.0000000000000e+00
+0000000000000000010|+0000000000000000000|+0000000000000000001|+3.9300000000000e+00|-4.5356881849844e-01|+0.0000000000000e+00|+1.2064615997729e-01|+0.0000000000000e+00
+0000000000000000010|+0000000000000000000|+0000000000000000001|+3.9200000000000e+00|-4.5477846523681e-01|+0.0000000000000e+00|+1.2128402022259e-01|+0.0000000000000e+00
+0000000000000000010|+0000000000000000000|+0000000000000000001|+3.9100000000000e+00|-4.5599451563980e-01|+0.0000000000000e+00|+1.2192690156300e-01|+0.0000000000000e+00
+0000000000000000010|+0000000000000000000|+0000000000000000001|+3.9000000000000e+00|-4.5721702017933e-01|+0.0000000000000e+00|+1.2257485630368e-01|+0.0000000000000e+00
+0000000000000000010|+0000000000000000000|+0000000000000000001|+3.8900000000000e+00|-4.5844602985374e-01|+0.0000000000000e+00|+1.2322793742563e-01|+0.0000000000000e+00
+0000000000000000010|+0000000000000000000|+0000000000000000001|+3.8800000000000e+00|-4.5968159619459e-01|+0.0000000000000e+00|+1.2388619859605e-01|+0.0000000000000e+00
+0000000000000000010|+0000000000000000000|+0000000000000000001|+3.8700000000000e+00|-4.6092377127362e-01|+0.0000000000000e+00|+1.2454969417893e-01|+0.0000000000000e+00
+0000000000000000010|+0000000000000000000|+0000000000000000001|+3.8600000000000e+00|-4.6217260770970e-01|+0.0000000000000e+00|+1.2521847924580e-01|+0.0000000000000e+00
+0000000000000000010|+0000000000000000000|+0000000000000000001|+3.8500000000000e+00|-4.6342815867603e-01|+0.0000000000000e+00|+1.2589260958671e-01|+0.0000000000000e+00
+0000000000000000010|+0000000000000000000|+0000000000000000001|+3.8400000000000e+00|-4.6469047790734e-01|+0.0000000000000e+00|+1.2657214172137e-01|+0.0000000000000e+00
+0000000000000000010|+0000000000000000000|+0000000000000000001|+3.8300000000000e+00|-4.6595961970723e-01|+0.0000000000000e+00|+1.2725713291050e-01|+0.0000000000000e+00
+0000000000000000010|+0000000000000000000|+0000000000000000001|+3.8200000000000e+00|-4.6723563895569e-01|+0.0000000000000e+00|+1.2794764116741e-01|+0.0000000000000e+00
+0000000000000000010|+0000000000000000000|+0000000000000000001|+3.8100000000000e+00|-4.6851859111664e-01|+0.0000000000000e+00|+1.2864372526976e-01|+0.0000000000000e+00
+0000000000000000010|+0000000000000000000|+0000000000000000001|+3.8000000000000e+00|-4.6980853224566e-01|+0.0000000000000e+00|+1.2934544477153e-01|+0.0000000000000e+00
+0000000000000000010|+0000000000000000000|+0000000000000000001|+3.7900000000000e+00|-4.7110551899779e-01|+0.0000000000000e+00|+1.3005286001522e-01|+0.0000000000000e+00
+0000000000000000010|+0000000000000000000|+0000000000000000001|+3.7800000000000e+00|-4.7240960863549e-01|+0.0000000000000e+00|+1.3076603214426e-01|+0.0000000000000e+00
+0000000000000000010|+0000000000000000000|+0000000000000000001|+3.7700000000000e+00|-4.7372085903672e-01|+0.0000000000000e+00|+1.3148502311570e-01|+0.0000000000000e+00
+0000000000000000010|+0000000000000000000|+0000000000000000001|+3.7600000000000e+00|-4.7503932870313e-01|+0.0000000000000e+00|+1.3220989571303e-01|+0.0000000000000e+00
+0000000000000000010|+0000000000000000000|+0000000000000000001|+3.7500000000000e+00|-4.7636507676838e-01|+0.0000000000000e+00|+1.3294071355931e-01|+0.0000000000000e+00
+0000000000000000010|+0000000000000000000|+0000000000000000001|+3.7400000000000e+00|-4.7769816300664e-01|+0.0000000000000e+00|+1.3367754113053e-01|+0.0000000000000e+00
+0000000000000000010|+0000000000000000000|+0000000000000000001|+3.7300000000000e+00|-4.7903864784112e-01|+0.0000000000000e+00|+1.3442044376920e-01|+0.0000000000000e+00
+0000000000000000010|+0000000000000000000|+0000000000000000001|+3.7200000000000e+00|-4.8038659235289e-01|+0.0000000000000e+00|+1.3516948769820e-01|+0.0000000000000e+00
+0000000000000000010|+0000000000000000000|+0000000000000000001|+3.7100000000000e+00|-4.8174205828968e-01|+0.0000000000000e+00|+1.3592474003487e-01|+0.0000000000000e+00
+0000000000000000010|+0000000000000000000|+0000000000000000001|+3.7000000000000e+00|-4.8310510807493e-01|+0.0000000000000e+00|+1.3668626880540e-01|+0.0000000000000e+00
+0000000000000000010|+0000000000000000000|+0000000000000000001|+3.6900000000000e+00|-4.8447580481696e-01|+0.0000000000000e+00|+1.3745414295942e-01|+0.0000000000000e+00
+0000000000000000010|+0000000000000000000|+0000000000000000001|+3.6800000000000e+00|-4.8585421231825e-01|+0.0000000000000e+00|+1.3822843238494e-01|+0.0000000000000e+00
+0000000000000000010|+0000000000000000000|+0000000000000000001|+3.6700000000000e+00|-4.8724039508493e-01|+0.0000000000000e+00|+1.3900920792350e-01|+0.0000000000000e+00
+0000000000000000010|+0000000000000000000|+0000000000000000001|+3.6600000000000e+00|-4.8863441833635e-01|+0.0000000000000e+00|+1.3979654138566e-01|+0.0000000000000e+00
+0000000000000000010|+0000000000000000000|+0000000000000000001|+3.6500000000000e+00|-4.9003634801493e-01|+0.0000000000000e+00|+1.4059050556673e-01|+0.0000000000000e+00
+0000000000000000010|+0000000000000000000|+0000000000000000001|+3.6400000000000e+00|-4.9144625079596e-01|+0.0000000000000e+00|+1.4139117426282e-01|+0.0000000000000e+00
+0000000000000000010|+0000000000000000000|+0000000000000000001|+3.6300000000000e+00|-4.9286419409783e-01|+0.0000000000000e+00|+1.4219862228721e-01|+0.0000000000000e+00
+0000000000000000010|+0000000000000000000|+0000000000000000001|+3.6200000000000e+00|-4.9429024609217e-01|+0.0000000000000e+00|+1.4301292548697e-01|+0.0000000000000e+00
+0000000000000000010|+0000000000000000000|+0000000000000000001|+3.6100000000000e+00|-4.9572447571436e-01|+0.0000000000000e+00|+1.4383416075997e-01|+0.0000000000000e+00
+0000000000000000010|+0000000000000000000|+0000000000000000001|+3.6000000000000e+00|-4.9716695267405e-01|+0.0000000000000e+00|+1.4466240607216e-01|+0.0000000000000e+00
+0000000000000000010|+0000000000000000000|+0000000000000000001|+3.5900000000000e+00|-4.9861774746598e-01|+0.0000000000000e+00|+1.4549774047520e-01|+0.0000000000000e+00
+0000000000000000010|+0000000000000000000|+0000000000000000001|+3.5800000000000e+00|-5.0007693138092e-01|+0.0000000000000e+00|+1.4634024412438e-01|+0.0000000000000e+00
+0000000000000000010|+0000000000000000000|+0000000000000000001|+3.5700000000000e+00|-5.0154457651675e-01|+0.0000000000000e+00|+1.4718999829698e-01|+0.0000000000000e+00
+0000000000000000010|+0000000000000000000|+0000000000000000001|+3.5600000000000e+00|-5.0302075578987e-01|+0.0000000000000e+00|+1.4804708541089e-01|+0.0000000000000e+00
+0000000000000000010|+0000000000000000000|+0000000000000000001|+3.5500000000000e+00|-5.0450554294657e-01|+0.0000000000000e+00|+1.4891158904361e-01|+0.0000000000000e+00
+0000000000000000010|+0000000000000000000|+0000000000000000001|+3.5400000000000e+00|-5.0599901257485e-01|+0.0000000000000e+00|+1.4978359395163e-01|+0.0000000000000e+00
+0000000000000000010|+0000000000000000000|+0000000000000000001|+3.5300000000000e+00|-5.0750124011624e-01|+0.0000000000000e+00|+1.5066318609020e-01|+0.0000000000000e+00
+0000000000000000010|+0000000000000000000|+0000000000000000001|+3.5200000000000e+00|-5.0901230187787e-01|+0.0000000000000e+00|+1.5155045263342e-01|+0.0000000000000e+00
+0000000000000000010|+0000000000000000000|+0000000000000000001|+3.5100000000000e+00|-5.1053227504483e-01|+0.0000000000000e+00|+1.5244548199479e-01|+0.0000000000000e+00
+0000000000000000010|+0000000000000000000|+0000000000000000001|+3.5000000000000e+00|-5.1206123769260e-01|+0.0000000000000e+00|+1.5334836384812e-01|+0.0000000000000e+00
+0000000000000000010|+0000000000000000000|+0000000000000000001|+3.4900000000000e+00|-5.1359926879980e-01|+0.0000000000000e+00|+1.5425918914884e-01|+0.0000000000000e+00
+0000000000000000010|+0000000000000000000|+0000000000000000001|+3.4800000000000e+00|-5.1514644826111e-01|+0.0000000000000e+00|+1.5517805015573e-01|+0.0000000000000e+00
+0000000000000000010|+0000000000000000000|+0000000000000000001|+3.4700000000000e+00|-5.1670285690040e-01|+0.0000000000000e+00|+1.5610504045314e-01|+0.0000000000000e+00
+0000000000000000010|+0000000000000000000|+0000000000000000001|+3.4600000000000e+00|-5.1826857648410e-01|+0.0000000000000e+00|+1.5704025497352e-01|+0.0000000000000e+00
+0000000000000000010|+0000000000000000000|+0000000000000000001|+3.4500000000000e+00|-5.1984368973481e-01|+0.0000000000000e+00|+1.5798379002049e-01|+0.0000000000000e+00
+0000000000000000010|+0000000000000000000|+0000000000000000001|+3.4400000000000e+00|-5.2142828034510e-01|+0.0000000000000e+00|+1.5893574329236e-01|+0.0000000000000e+00
+0000000000000000010|+0000000000000000000|+0000000000000000001|+3.4300000000000e+00|-5.2302243299163e-01|+0.0000000000000e+00|+1.5989621390605e-01|+0.0000000000000e+00
+0000000000000000010|+0000000000000000000|+0000000000000000001|+3.4200000000000e+00|-5.2462623334940e-01|+0.0000000000000e+00|+1.6086530242155e-01|+0.0000000000000e+00
+0000000000000000010|+0000000000000000000|+0000000000000000001|+3.4100000000000e+00|-5.2623976810633e-01|+0.0000000000000e+00|+1.6184311086682e-01|+0.0000000000000e+00
+0000000000000000010|+0000000000000000000|+0000000000000000001|+3.4000000000000e+00|-5.2786312497807e-01|+0.0000000000000e+00|+1.6282974276324e-01|+0.0000000000000e+00
+0000000000000000010|+0000000000000000000|+0000000000000000001|+3.3900000000000e+00|-5.2949639272306e-01|+0.0000000000000e+00|+1.6382530315148e-01|+0.0000000000000e+00
+0000000000000000010|+0000000000000000000|+0000000000000000001|+3.3800000000000e+00|-5.3113966115785e-01|+0.0000000000000e+00|+1.6482989861797e-01|+0.0000000000000e+00
+0000000000000000010|+0000000000000000000|+0000000000000000001|+3.3700000000000e+00|-5.3279302117270e-01|+0.0000000000000e+00|+1.6584363732188e-01|+0.0000000000000e+00
+0000000000000000010|+0000000000000000000|+0000000000000000001|+3.3600000000000e+00|-5.3445656474743e-01|+0.0000000000000e+00|+1.6686662902260e-01|+0.0000000000000e+00
+0000000000000000010|+0000000000000000000|+0000000000000000001|+3.3500000000000e+00|-5.3613038496758e-01|+0.0000000000000e+00|+1.6789898510782e-01|+0.0000000000000e+00
+0000000000000000010|+0000000000000000000|+0000000000000000001|+3.3400000000000e+00|-5.3781457604083e-01|+0.0000000000000e+00|+1.6894081862215e-01|+0.0000000000000e+00
+0000000000000000010|+0000000000000000000|+0000000000000000001|+3.3300000000000e+00|-5.3950923331370e-01|+0.0000000000000e+00|+1.6999224429636e-01|+0.0000000000000e+00
+0000000000000000010|+0000000000000000000|+0000000000000000001|+3.3200000000000e+00|-5.4121445328859e-01|+0.0000000000000e+00|+1.7105337857715e-01|+0.0000000000000e+00
+0000000000000000010|+0000000000000000000|+0000000000000000001|+3.3100000000000e+00|-5.4293033364105e-01|+0.0000000000000e+00|+1.7212433965755e-01|+0.0000000000000e+00
+0000000000000000010|+0000000000000000000|+0000000000000000001|+3.3000000000000e+00|-5.4465697323744e-01|+0.0000000000000e+00|+1.7320524750800e-01|+0.0000000000000e+00
+0000000000000000010|+0000000000000000000|+0000000000000000001|+3.2900000000000e+00|-5.4639447215283e-01|+0.0000000000000e+00|+1.7429622390794e-01|+0.0000000000000e+00
+0000000000000000010|+0000000000000000000|+0000000000000000001|+3.2800000000000e+00|-5.4814293168929e-01|+0.0000000000000e+00|+1.7539739247820e-01|+0.0000000000000e+00
+0000000000000000010|+0000000000000000000|+0000000000000000001|+3.2700000000000e+00|-5.4990245439440e-01|+0.0000000000000e+00|+1.7650887871389e-01|+0.0000000000000e+00
+0000000000000000010|+0000000000000000000|+0000000000000000001|+3.2600000000000e+00|-5.5167314408025e-01|+0.0000000000000e+00|+1.7763081001813e-01|+0.0000000000000e+00
+0000000000000000010|+0000000000000000000|+0000000000000000001|+3.2500000000000e+00|-5.5345510584259e-01|+0.0000000000000e+00|+1.7876331573633e-01|+0.0000000000000e+00
+0000000000000000010|+0000000000000000000|+0000000000000000001|+3.2400000000000e+00|-5.5524844608054e-01|+0.0000000000000e+00|+1.7990652719130e-01|+0.0000000000000e+00
+0000000000000000010|+0000000000000000000|+0000000000000000001|+3.2300000000000e+00|-5.5705327251643e-01|+0.0000000000000e+00|+1.8106057771901e-01|+0.0000000000000e+00
+0000000000000000010|+0000000000000000000|+0000000000000000001|+3.2200000000000e+00|-5.5886969421621e-01|+0.0000000000000e+00|+1.8222560270512e-01|+0.0000000000000e+00
+0000000000000000010|+0000000000000000000|+0000000000000000001|+3.2100000000000e+00|-5.6069782161007e-01|+0.0000000000000e+00|+1.8340173962227e-01|+0.0000000000000e+00
+0000000000000000010|+0000000000000000000|+0000000000000000001|+3.2000000000000e+00|-5.6253776651352e-01|+0.0000000000000e+00|+1.8458912806816e-01|+0.0000000000000e+00
+0000000000000000010|+0000000000000000000|+0000000000000000001|+3.1900000000000e+00|-5.6438964214882e-01|+0.0000000000000e+00|+1.8578790980439e-01|+0.0000000000000e+00
+0000000000000000010|+0000000000000000000|+0000000000000000001|+3.1800000000000e+00|-5.6625356316687e-01|+0.0000000000000e+00|+1.8699822879619e-01|+0.0000000000000e+00
+0000000000000000010|+0000000000000000000|+0000000000000000001|+3.1700000000000e+00|-5.6812964566938e-01|+0.0000000000000e+00|+1.8822023125288e-01|+0.0000000000000e+00
+0000000000000000010|+0000000000000000000|+0000000000000000001|+3.1600000000000e+00|-5.7001800723154e-01|+0.0000000000000e+00|+1.8945406566929e-01|+0.0000000000000e+00
+0000000000000000010|+0000000000000000000|+0000000000000000001|+3.1500000000000e+00|-5.7191876692511e-01|+0.0000000000000e+00|+1.9069988286800e-01|+0.0000000000000e+00
+0000000000000000010|+0000000000000000000|+0000000000000000001|+3.1400000000000e+00|-5.7383204534188e-01|+0.0000000000000e+00|+1.9195783604244e-01|+0.0000000000000e+00
+0000000000000000010|+0000000000000000000|+0000000000000000001|+3.1300000000000e+00|-5.7575796461763e-01|+0.0000000000000e+00|+1.9322808080104e-01|+0.0000000000000e+00
+0000000000000000010|+0000000000000000000|+0000000000000000001|+3.1200000000000e+00|-5.7769664845646e-01|+0.0000000000000e+00|+1.9451077521213e-01|+0.0000000000000e+00
+0000000000000000010|+0000000000000000000|+0000000000000000001|+3.1100000000000e+00|-5.7964822215568e-01|+0.0000000000000e+00|+1.9580607985000e-01|+0.0000000000000e+00
+0000000000000000010|+0000000000000000000|+0000000000000000001|+3.1000000000000e+00|-5.8161281263102e-01|+0.0000000000000e+00|+1.9711415784176e-01|+0.0000000000000e+00
+0000000000000000010|+0000000000000000000|+0000000000000000001|+3.0900000000000e+00|-5.8359054844249e-01|+0.0000000000000e+00|+1.9843517491537e-01|+0.0000000000000e+00
+0000000000000000010|+0000000000000000000|+0000000000000000001|+3.0800000000000e+00|-5.8558155982056e-01|+0.0000000000000e+00|+1.9976929944859e-01|+0.0000000000000e+00
+0000000000000000010|+0000000000000000000|+0000000000000000001|+3.0700000000000e+00|-5.8758597869295e-01|+0.0000000000000e+00|+2.0111670251902e-01|+0.0000000000000e+00
+0000000000000000010|+0000000000000000000|+0000000000000000001|+3.0600000000000e+00|-5.8960393871185e-01|+0.0000000000000e+00|+2.0247755795526e-01|+0.0000000000000e+00
+0000000000000000010|+0000000000000000000|+0000000000000000001|+3.0500000000000e+00|-5.9163557528173e-01|+0.0000000000000e+00|+2.0385204238913e-01|+0.0000000000000e+00
+0000000000000000010|+0000000000000000000|+0000000000000000001|+3.0400000000000e+00|-5.9368102558760e-01|+0.0000000000000e+00|+2.0524033530903e-01|+0.0000000000000e+00
+0000000000000000010|+0000000000000000000|+0000000000000000001|+3.0300000000000e+00|-5.9574042862386e-01|+0.0000000000000e+00|+2.0664261911453e-01|+0.0000000000000e+00
+0000000000000000010|+0000000000000000000|+0000000000000000001|+3.0200000000000e+00|-5.9781392522372e-01|+0.0000000000000e+00|+2.0805907917202e-01|+0.0000000000000e+00
+0000000000000000010|+0000000000000000000|+0000000000000000001|+3.0100000000000e+00|-5.9990165808910e-01|+0.0000000000000e+00|+2.0948990387176e-01|+0.0000000000000e+00
+0000000000000000010|+0000000000000000000|+0000000000000000001|+3.0000000000000e+00|-6.0200377182119e-01|+0.0000000000000e+00|+2.1093528468599e-01|+0.0000000000000e+00
+0000000000000000010|+0000000000000000000|+0000000000000000001|+2.9900000000000e+00|-6.0412041295156e-01|+0.0000000000000e+00|+2.1239541622847e-01|+0.0000000000000e+00
+0000000000000000010|+0000000000000000000|+0000000000000000001|+2.9800000000000e+00|-6.0625172997388e-01|+0.0000000000000e+00|+2.1387049631528e-01|+0.0000000000000e+00
+0000000000000000010|+0000000000000000000|+0000000000000000001|+2.9700000000000e+00|-6.0839787337625e-01|+0.0000000000000e+00|+2.1536072602692e-01|+0.0000000000000e+00
+0000000000000000010|+0000000000000000000|+0000000000000000001|+2.9600000000000e+00|-6.1055899567415e-01|+0.0000000000000e+00|+2.1686630977189e-01|+0.0000000000000e+00
+0000000000000000010|+0000000000000000000|+0000000000000000001|+2.9500000000000e+00|-6.1273525144408e-01|+0.0000000000000e+00|+2.1838745535157e-01|+0.0000000000000e+00
+0000000000000000010|+0000000000000000000|+0000000000000000001|+2.9400000000000e+00|-6.1492679735778e-01|+0.0000000000000e+00|+2.1992437402666e-01|+0.0000000000000e+00
+0000000000000000010|+0000000000000000000|+0000000000000000001|+2.9300000000000e+00|-6.1713379221716e-01|+0.0000000000000e+00|+2.2147728058498e-01|+0.0000000000000e+00
+0000000000000000010|+0000000000000000000|+0000000000000000001|+2.9200000000000e+00|-6.1935639698996e-01|+0.0000000000000e+00|+2.2304639341093e-01|+0.0000000000000e+00
+0000000000000000010|+0000000000000000000|+0000000000000000001|+2.9100000000000e+00|-6.2159477484603e-01|+0.0000000000000e+00|+2.2463193455640e-01|+0.0000000000000e+00
+0000000000000000010|+0000000000000000000|+0000000000000000001|+2.9000000000000e+00|-6.2384909119437e-01|+0.0000000000000e+00|+2.2623412981331e-01|+0.0000000000000e+00
+0000000000000000010|+0000000000000000000|+0000000000000000001|+2.8900000000000e+00|-6.2611951372092e-01|+0.0000000000000e+00|+2.2785320878781e-01|+0.0000000000000e+00
+0000000000000000010|+0000000000000000000|+0000000000000000001|+2.8800000000000e+00|-6.2840621242707e-01|+0.0000000000000e+00|+2.2948940497614e-01|+0.0000000000000e+00
+0000000000000000010|+0000000000000000000|+0000000000000000001|+2.8700000000000e+00|-6.3070935966892e-01|+0.0000000000000e+00|+2.3114295584221e-01|+0.0000000000000e+00
+0000000000000000010|+0000000000000000000|+0000000000000000001|+2.8600000000000e+00|-6.3302913019742e-01|+0.0000000000000e+00|+2.3281410289695e-01|+0.0000000000000e+00
+0000000000000000010|+0000000000000000000|+0000000000000000001|+2.8500000000000e+00|-6.3536570119915e-01|+0.0000000000000e+00|+2.3450309177948e-01|+0.0000000000000e+00
+0000000000000000010|+0000000000000000000|+0000000000000000001|+2.8400000000000e+00|-6.3771925233812e-01|+0.0000000000000e+00|+2.3621017234011e-01|+0.0000000000000e+00
+0000000000000000010|+0000000000000000000|+0000000000000000001|+2.8300000000000e+00|-6.4008996579821e-01|+0.0000000000000e+00|+2.3793559872525e-01|+0.0000000000000e+00
+0000000000000000010|+0000000000000000000|+0000000000000000001|+2.8200000000000e+00|-6.4247802632664e-01|+0.0000000000000e+00|+2.3967962946431e-01|+0.0000000000000e+00
+0000000000000000010|+0000000000000000000|+0000000000000000001|+2.8100000000000e+00|-6.4488362127818e-01|+0.0000000000000e+00|+2.4144252755855e-01|+0.0000000000000e+00
+0000000000000000010|+0000000000000000000|+0000000000000000001|+2.8000000000000e+00|-6.4730694066036e-01|+0.0000000000000e+00|+2.4322456057197e-01|+0.0000000000000e+00
+0000000000000000010|+0000000000000000000|+0000000000000000001|+2.7900000000000e+00|-6.4974817717955e-01|+0.0000000000000e+00|+2.4502600072438e-01|+0.0000000000000e+00
+0000000000000000010|+0000000000000000000|+0000000000000000001|+2.7800000000000e+00|-6.5220752628800e-01|+0.0000000000000e+00|+2.4684712498658e-01|+0.0000000000000e+00
+0000000000000000010|+0000000000000000000|+0000000000000000001|+2.7700000000000e+00|-6.5468518623183e-01|+0.0000000000000e+00|+2.4868821517772e-01|+0.0000000000000e+00
+0000000000000000010|+0000000000000000000|+0000000000000000001|+2.7600000000000e+00|-6.5718135809999e-01|+0.0000000000000e+00|+2.5054955806498e-01|+0.0000000000000e+00
+0000000000000000010|+0000000000000000000|+0000000000000000001|+2.7500000000000e+00|-6.5969624587427e-01|+0.0000000000000e+00|+2.5243144546560e-01|+0.0000000000000e+00
+0000000000000000010|+0000000000000000000|+0000000000000000001|+2.7400000000000e+00|-6.6223005648033e-01|+0.0000000000000e+00|+2.5433417435122e-01|+0.0000000000000e+00
+0000000000000000010|+0000000000000000000|+0000000000000000001|+2.7300000000000e+00|-6.6478299983976e-01|+0.0000000000000e+00|+2.5625804695474e-01|+0.0000000000000e+00
+0000000000000000010|+0000000000000000000|+0000000000000000001|+2.7200000000000e+00|-6.6735528892322e-01|+0.0000000000000e+00|+2.5820337087966e-01|+0.0000000000000e+00
+0000000000000000010|+0000000000000000000|+0000000000000000001|+2.7100000000000e+00|-6.6994713980475e-01|+0.0000000000000e+00|+2.6017045921202e-01|+0.0000000000000e+00
+0000000000000000010|+0000000000000000000|+0000000000000000001|+2.7000000000000e+00|-6.7255877171713e-01|+0.0000000000000e+00|+2.6215963063499e-01|+0.0000000000000e+00
+0000000000000000010|+0000000000000000000|+0000000000000000001|+2.6900000000000e+00|-6.7519040710843e-01|+0.0000000000000e+00|+2.6417120954614e-01|+0.0000000000000e+00
+0000000000000000010|+0000000000000000000|+0000000000000000001|+2.6800000000000e+00|-6.7784227169979e-01|+0.0000000000000e+00|+2.6620552617754e-01|+0.0000000000000e+00
+0000000000000000010|+0000000000000000000|+0000000000000000001|+2.6700000000000e+00|-6.8051459454434e-01|+0.0000000000000e+00|+2.6826291671869e-01|+0.0000000000000e+00
+0000000000000000010|+0000000000000000000|+0000000000000000001|+2.6600000000000e+00|-6.8320760808742e-01|+0.0000000000000e+00|+2.7034372344242e-01|+0.0000000000000e+00
+0000000000000000010|+0000000000000000000|+0000000000000000001|+2.6500000000000e+00|-6.8592154822804e-01|+0.0000000000000e+00|+2.7244829483379e-01|+0.0000000000000e+00
+0000000000000000010|+0000000000000000000|+0000000000000000001|+2.6400000000000e+00|-6.8865665438169e-01|+0.0000000000000e+00|+2.7457698572201e-01|+0.0000000000000e+00
+0000000000000000010|+0000000000000000000|+0000000000000000001|+2.6300000000000e+00|-6.9141316954443e-01|+0.0000000000000e+00|+2.7673015741569e-01|+0.0000000000000e+00
+0000000000000000010|+0000000000000000000|+0000000000000000001|+2.6200000000000e+00|-6.9419134035836e-01|+0.0000000000000e+00|+2.7890817784117e-01|+0.0000000000000e+00
+0000000000000000010|+0000000000000000000|+0000000000000000001|+2.6100000000000e+00|-6.9699141717854e-01|+0.0000000000000e+00|+2.8111142168436e-01|+0.0000000000000e+00
+0000000000000000010|+0000000000000000000|+0000000000000000001|+2.6000000000000e+00|-6.9981365414129e-01|+0.0000000000000e+00|+2.8334027053584e-01|+0.0000000000000e+00
+0000000000000000010|+0000000000000000000|+0000000000000000001|+2.5900000000000e+00|-7.0265830923397e-01|+0.0000000000000e+00|+2.8559511303966e-01|+0.0000000000000e+00
+0000000000000000010|+0000000000000000000|+0000000000000000001|+2.5800000000000e+00|-7.0552564436628e-01|+0.0000000000000e+00|+2.8787634504563e-01|+0.0000000000000e+00
+0000000000000000010|+0000000000000000000|+0000000000000000001|+2.5700000000000e+00|-7.0841592544309e-01|+0.0000000000000e+00|+2.9018436976535e-01|+0.0000000000000e+00
+0000000000000000010|+0000000000000000000|+0000000000000000001|+2.5600000000000e+00|-7.1132942243889e-01|+0.0000000000000e+00|+2.9251959793210e-01|+0.0000000000000e+00
+0000000000000000010|+0000000000000000000|+0000000000000000001|+2.5500000000000e+00|-7.1426640947375e-01|+0.0000000000000e+00|+2.9488244796458e-01|+0.0000000000000e+00
+0000000000000000010|+0000000000000000000|+0000000000000000001|+2.5400000000000e+00|-7.1722716489108e-01|+0.0000000000000e+00|+2.9727334613474e-01|+0.0000000000000e+00
+0000000000000000010|+0000000000000000000|+0000000000000000001|+2.5300000000000e+00|-7.2021197133698e-01|+0.0000000000000e+00|+2.9969272673965e-01|+0.0000000000000e+00
+0000000000000000010|+0000000000000000000|+0000000000000000001|+2.5200000000000e+00|-7.2322111584138e-01|+0.0000000000000e+00|+3.0214103227767e-01|+0.0000000000000e+00
+0000000000000000010|+0000000000000000000|+0000000000000000001|+2.5100000000000e+00|-7.2625488990096e-01|+0.0000000000000e+00|+3.0461871362897e-01|+0.0000000000000e+00
+0000000000000000010|+0000000000000000000|+0000000000000000001|+2.5000000000000e+00|-7.2931358956386e-01|+0.0000000000000e+00|+3.0712623024047e-01|+0.0000000000000e+00
+0000000000000000010|+0000000000000000000|+0000000000000000001|+2.4900000000000e+00|-7.3239751551632e-01|+0.0000000000000e+00|+3.0966405031542e-01|+0.0000000000000e+00
+0000000000000000010|+0000000000000000000|+0000000000000000001|+2.4800000000000e+00|-7.3550697317121e-01|+0.0000000000000e+00|+3.1223265100765e-01|+0.0000000000000e+00
+0000000000000000010|+0000000000000000000|+0000000000000000001|+2.4700000000000e+00|-7.3864227275850e-01|+0.0000000000000e+00|+3.1483251862070e-01|+0.0000000000000e+00
+0000000000000000010|+0000000000000000000|+0000000000000000001|+2.4600000000000e+00|-7.4180372941782e-01|+0.0000000000000e+00|+3.1746414881189e-01|+0.0000000000000e+00
+0000000000000000010|+0000000000000000000|+0000000000000000001|+2.4500000000000e+00|-7.4499166329298e-01|+0.0000000000000e+00|+3.2012804680146e-01|+0.0000000000000e+00
+0000000000000000010|+0000000000000000000|+0000000000000000001|+2.4400000000000e+00|-7.4820639962872e-01|+0.0000000000000e+00|+3.2282472758705e-01|+0.0000000000000e+00
+0000000000000000010|+0000000000000000000|+0000000000000000001|+2.4300000000000e+00|-7.5144826886955e-01|+0.0000000000000e+00|+3.2555471616347e-01|+0.0000000000000e+00
+0000000000000000010|+0000000000000000000|+0000000000000000001|+2.4200000000000e+00|-7.5471760676086e-01|+0.0000000000000e+00|+3.2831854774802e-01|+0.0000000000000e+00
+0000000000000000010|+0000000000000000000|+0000000000000000001|+2.4100000000000e+00|-7.5801475445226e-01|+0.0000000000000e+00|+3.3111676801155e-01|+0.0000000000000e+00
+0000000000000000010|+0000000000000000000|+0000000000000000001|+2.4000000000000e+00|-7.6134005860334e-01|+0.0000000000000e+00|+3.3394993331523e-01|+0.0000000000000e+00
+0000000000000000010|+0000000000000000000|+0000000000000000001|+2.3900000000000e+00|-7.6469387149177e-01|+0.0000000000000e+00|+3.3681861095344e-01|+0.0000000000000e+00
+0000000000000000010|+0000000000000000000|+0000000000000000001|+2.3800000000000e+00|-7.6807655112384e-01|+0.0000000000000e+00|+3.3972337940275e-01|+0.0000000000000e+00
+0000000000000000010|+0000000000000000000|+0000000000000000001|+2.3700000000000e+00|-7.7148846134761e-01|+0.0000000000000e+00|+3.4266482857719e-01|+0.0000000000000e+00
+0000000000000000010|+0000000000000000000|+0000000000000000001|+2.3600000000000e+00|-7.7492997196852e-01|+0.0000000000000e+00|+3.4564356009010e-01|+0.0000000000000e+00
+0000000000000000010|+0000000000000000000|+0000000000000000001|+2.3500000000000e+00|-7.7840145886778e-01|+0.0000000000000e+00|+3.4866018752256e-01|+0.0000000000000e+00
+0000000000000000010|+0000000000000000000|+0000000000000000001|+2.3400000000000e+00|-7.8190330412339e-01|+0.0000000000000e+00|+3.5171533669873e-01|+0.0000000000000e+00
+0000000000000000010|+0000000000000000000|+0000000000000000001|+2.3300000000000e+00|-7.8543589613398e-01|+0.0000000000000e+00|+3.5480964596820e-01|+0.0000000000000e+00
+0000000000000000010|+0000000000000000000|+0000000000000000001|+2.3200000000000e+00|-7.8899962974549e-01|+0.0000000000000e+00|+3.5794376649558e-01|+0.0000000000000e+00
+0000000000000000010|+0000000000000000000|+0000000000000000001|+2.3100000000000e+00|-7.9259490638085e-01|+0.0000000000000e+00|+3.6111836255749e-01|+0.0000000000000e+00
+0000000000000000010|+0000000000000000000|+0000000000000000001|+2.3000000000000e+00|-7.9622213417254e-01|+0.0000000000000e+00|+3.6433411184720e-01|+0.0000000000000e+00
+0000000000000000010|+0000000000000000000|+0000000000000000001|+2.2900000000000e+00|-7.9988172809840e-01|+0.0000000000000e+00|+3.6759170578711e-01|+0.0000000000000e+00
+0000000000000000010|+0000000000000000000|+0000000000000000001|+2.2800000000000e+00|-8.0357411012043e-01|+0.0000000000000e+00|+3.7089184984926e-01|+0.0000000000000e+00
+0000000000000000010|+0000000000000000000|+0000000000000000001|+2.2700000000000e+00|-8.0729970932699e-01|+0.0000000000000e+00|+3.7423526388408e-01|+0.0000000000000e+00
+0000000000000000010|+0000000000000000000|+0000000000000000001|+2.2600000000000e+00|-8.1105896207823e-01|+0.0000000000000e+00|+3.7762268245768e-01|+0.0000000000000e+00
+0000000000000000010|+0000000000000000000|+0000000000000000001|+2.2500000000000e+00|-8.1485231215499e-01|+0.0000000000000e+00|+3.8105485519783e-01|+0.0000000000000e+00
+0000000000000000010|+0000000000000000000|+0000000000000000001|+2.2400000000000e+00|-8.1868021091114e-01|+0.0000000000000e+00|+3.8453254714888e-01|+0.0000000000000e+00
+0000000000000000010|+0000000000000000000|+0000000000000000001|+2.2300000000000e+00|-8.2254311742962e-01|+0.0000000000000e+00|+3.8805653913592e-01|+0.0000000000000e+00
+0000000000000000010|+0000000000000000000|+0000000000000000001|+2.2200000000000e+00|-8.2644149868207e-01|+0.0000000000000e+00|+3.9162762813833e-01|+0.0000000000000e+00
+0000000000000000010|+0000000000000000000|+0000000000000000001|+2.2100000000000e+00|-8.3037582969228e-01|+0.0000000000000e+00|+3.9524662767307e-01|+0.0000000000000e+00
+0000000000000000010|+0000000000000000000|+0000000000000000001|+2.2000000000000e+00|-8.3434659370354e-01|+0.0000000000000e+00|+3.9891436818791e-01|+0.0000000000000e+00
+0000000000000000010|+0000000000000000000|+0000000000000000001|+2.1900000000000e+00|-8.3835428234994e-01|+0.0000000000000e+00|+4.0263169746491e-01|+0.0000000000000e+00
+0000000000000000010|+0000000000000000000|+0000000000000000001|+2.1800000000000e+00|-8.4239939583180e-01|+0.0000000000000e+00|+4.0639948103435e-01|+0.0000000000000e+00
+0000000000000000010|+0000000000000000000|+0000000000000000001|+2.1700000000000e+00|-8.4648244309521e-01|+0.0000000000000e+00|+4.1021860259953e-01|+0.0000000000000e+00
+0000000000000000010|+0000000000000000000|+0000000000000000001|+2.1600000000000e+00|-8.5060394201603e-01|+0.0000000000000e+00|+4.1408996447251e-01|+0.0000000000000e+00
+0000000000000000010|+0000000000000000000|+0000000000000000001|+2.1500000000000e+00|-8.5476441958809e-01|+0.0000000000000e+00|+4.1801448802138e-01|+0.0000000000000e+00
+0000000000000000010|+0000000000000000000|+0000000000000000001|+2.1400000000000e+00|-8.5896441211610e-01|+0.0000000000000e+00|+4.2199311412905e-01|+0.0000000000000e+00
+0000000000000000010|+0000000000000000000|+0000000000000000001|+2.1300000000000e+00|-8.6320446541314e-01|+0.0000000000000e+00|+4.2602680366407e-01|+0.0000000000000e+00
+0000000000000000010|+0000000000000000000|+0000000000000000001|+2.1200000000000e+00|-8.6748513500293e-01|+0.0000000000000e+00|+4.3011653796379e-01|+0.0000000000000e+00
+0000000000000000010|+0000000000000000000|+0000000000000000001|+2.1100000000000e+00|-8.7180698632693e-01|+0.0000000000000e+00|+4.3426331933003e-01|+0.0000000000000e+00
+0000000000000000010|+0000000000000000000|+0000000000000000001|+2.1000000000000e+00|-8.7617059495656e-01|+0.0000000000000e+00|+4.3846817153776e-01|+0.0000000000000e+00
+0000000000000000010|+0000000000000000000|+0000000000000000001|+2.0900000000000e+00|-8.8057654681055e-01|+0.0000000000000e+00|+4.4273214035706e-01|+0.0000000000000e+00
+0000000000000000010|+0000000000000000000|+0000000000000000001|+2.0800000000000e+00|-8.8502543837751e-01|+0.0000000000000e+00|+4.4705629408865e-01|+0.0000000000000e+00
+0000000000000000010|+0000000000000000000|+0000000000000000001|+2.0700000000000e+00|-8.8951787694400e-01|+0.0000000000000e+00|+4.5144172411347e-01|+0.0000000000000e+00
+0000000000000000010|+0000000000000000000|+0000000000000000001|+2.0600000000000e+00|-8.9405448082815e-01|+0.0000000000000e+00|+4.5588954545651e-01|+0.0000000000000e+00
+0000000000000000010|+0000000000000000000|+0000000000000000001|+2.0500000000000e+00|-8.9863587961894e-01|+0.0000000000000e+00|+4.6040089736536e-01|+0.0000000000000e+00
+0000000000000000010|+0000000000000000000|+0000000000000000001|+2.0400000000000e+00|-9.0326271442140e-01|+0.0000000000000e+00|+4.6497694390389e-01|+0.0000000000000e+00
+0000000000000000010|+0000000000000000000|+0000000000000000001|+2.0300000000000e+00|-9.0793563810784e-01|+0.0000000000000e+00|+4.6961887456124e-01|+0.0000000000000e+00
+0000000000000000010|+0000000000000000000|+0000000000000000001|+2.0200000000000e+00|-9.1265531557518e-01|+0.0000000000000e+00|+4.7432790487678e-01|+0.0000000000000e+00
+0000000000000000010|+0000000000000000000|+0000000000000000001|+2.0100000000000e+00|-9.1742242400864e-01|+0.0000000000000e+00|+4.7910527708118e-01|+0.0000000000000e+00
+0000000000000000010|+0000000000000000000|+0000000000000000001|+2.0000000000000e+00|-9.2223765315192e-01|+0.0000000000000e+00|+4.8395226075415e-01|+0.0000000000000e+00
+0000000000000000010|+0000000000000000000|+0000000000000000001|+1.9900000000000e+00|-9.2710170558411e-01|+0.0000000000000e+00|+4.8887015349917e-01|+0.0000000000000e+00
+0000000000000000010|+0000000000000000000|+0000000000000000001|+1.9800000000000e+00|-9.3201529700328e-01|+0.0000000000000e+00|+4.9386028163570e-01|+0.0000000000000e+00
+0000000000000000010|+0000000000000000000|+0000000000000000001|+1.9700000000000e+00|-9.3697915651726e-01|+0.0000000000000e+00|+4.9892400090910e-01|+0.0000000000000e+00
+0000000000000000010|+0000000000000000000|+0000000000000000001|+1.9600000000000e+00|-9.4199402694148e-01|+0.0000000000000e+00|+5.0406269721895e-01|+0.0000000000000e+00
+0000000000000000010|+0000000000000000000|+0000000000000000001|+1.9500000000000e+00|-9.4706066510424e-01|+0.0000000000000e+00|+5.0927778736595e-01|+0.0000000000000e+00
+0000000000000000010|+0000000000000000000|+0000000000000000001|+1.9400000000000e+00|-9.5217984215954e-01|+0.0000000000000e+00|+5.1457071981796e-01|+0.0000000000000e+00
+0000000000000000010|+0000000000000000000|+0000000000000000001|+1.9300000000000e+00|-9.5735234390766e-01|+0.0000000000000e+00|+5.1994297549554e-01|+0.0000000000000e+00
+0000000000000000010|+0000000000000000000|+0000000000000000001|+1.9200000000000e+00|-9.6257897112368e-01|+0.0000000000000e+00|+5.2539606857746e-01|+0.0000000000000e+00
+0000000000000000010|+0000000000000000000|+0000000000000000001|+1.9100000000000e+00|-9.6786053989422e-01|+0.0000000000000e+00|+5.3093154732658e-01|+0.0000000000000e+00
+0000000000000000010|+0000000000000000000|+0000000000000000001|+1.9000000000000e+00|-9.7319788196244e-01|+0.0000000000000e+00|+5.3655099493661e-01|+0.0000000000000e+00
+0000000000000000010|+0000000000000000000|+0000000000000000001|+1.8900000000000e+00|-9.7859184508172e-01|+0.0000000000000e+00|+5.4225603039998e-01|+0.0000000000000e+00
+0000000000000000010|+0000000000000000000|+0000000000000000001|+1.8800000000000e+00|-9.8404329337804e-01|+0.0000000000000e+00|+5.4804830939756e-01|+0.0000000000000e+00
+0000000000000000010|+0000000000000000000|+0000000000000000001|+1.8700000000000e+00|-9.8955310772144e-01|+0.0000000000000e+00|+5.5392952521032e-01|+0.0000000000000e+00
+0000000000000000010|+0000000000000000000|+0000000000000000001|+1.8600000000000e+00|-9.9512218610663e-01|+0.0000000000000e+00|+5.5990140965360e-01|+0.0000000000000e+00
+0000000000000000010|+0000000000000000000|+0000000000000000001|+1.8500000000000e+00|-1.0007514440431e+00|+0.0000000000000e+00|+5.6596573403432e-01|+0.0000000000000e+00
+0000000000000000010|+0000000000000000000|+0000000000000000001|+1.8400000000000e+00|-1.0064418149551e+00|+0.0000000000000e+00|+5.7212431013145e-01|+0.0000000000000e+00
+0000000000000000010|+0000000000000000000|+0000000000000000001|+1.8300000000000e+00|-1.0121942505909e+00|+0.0000000000000e+00|+5.7837899120033e-01|+0.0000000000000e+00
+0000000000000000010|+0000000000000000000|+0000000000000000001|+1.8200000000000e+00|-1.0180097214434e+00|+0.0000000000000e+00|+5.8473167300099e-01|+0.0000000000000e+00
+0000000000000000010|+0000000000000000000|+0000000000000000001|+1.8100000000000e+00|-1.0238892171795e+00|+0.0000000000000e+00|+5.9118429485105e-01|+0.0000000000000e+00
+0000000000000000010|+0000000000000000000|+0000000000000000001|+1.8000000000000e+00|-1.0298337470820e+00|+0.0000000000000e+00|+5.9773884070345e-01|+0.0000000000000e+00
+0000000000000000010|+0000000000000000000|+0000000000000000001|+1.7900000000000e+00|-1.0358443405007e+00|+0.0000000000000e+00|+6.0439734024932e-01|+0.0000000000000e+00
+0000000000000000010|+0000000000000000000|+0000000000000000001|+1.7800000000000e+00|-1.0419220473158e+00|+0.0000000000000e+00|+6.1116187004640e-01|+0.0000000000000e+00
+0000000000000000010|+0000000000000000000|+0000000000000000001|+1.7700000000000e+00|-1.0480679384122e+00|+0.0000000000000e+00|+6.1803455467312e-01|+0.0000000000000e+00
+0000000000000000010|+0000000000000000000|+0000000000000000001|+1.7600000000000e+00|-1.0542831061657e+00|+0.0000000000000e+00|+6.2501756790891e-01|+0.0000000000000e+00
+0000000000000000010|+0000000000000000000|+0000000000000000001|+1.7500000000000e+00|-1.0605686649407e+00|+0.0000000000000e+00|+6.3211313394055e-01|+0.0000000000000e+00
+0000000000000000010|+0000000000000000000|+0000000000000000001|+1.7400000000000e+00|-1.0669257516007e+00|+0.0000000000000e+00|+6.3932352859508e-01|+0.0000000000000e+00
+0000000000000000010|+0000000000000000000|+0000000000000000001|+1.7300000000000e+00|-1.0733555260311e+00|+0.0000000000000e+00|+6.4665108059927e-01|+0.0000000000000e+00
+0000000000000000010|+0000000000000000000|+0000000000000000001|+1.7200000000000e+00|-1.0798591716741e+00|+0.0000000000000e+00|+6.5409817286571e-01|+0.0000000000000e+00
+0000000000000000010|+0000000000000000000|+0000000000000000001|+1.7100000000000e+00|-1.0864378960776e+00|+0.0000000000000e+00|+6.6166724380566e-01|+0.0000000000000e+00
+0000000000000000010|+0000000000000000000|+0000000000000000001|+1.7000000000000e+00|-1.0930929314568e+00|+0.0000000000000e+00|+6.6936078866858e-01|+0.0000000000000e+00
+0000000000000000010|+0000000000000000000|+0000000000000000001|+1.6900000000000e+00|-1.0998255352690e+00|+0.0000000000000e+00|+6.7718136090817e-01|+0.0000000000000e+00
+0000000000000000010|+0000000000000000000|+0000000000000000001|+1.6800000000000e+00|-1.1066369908029e+00|+0.0000000000000e+00|+6.8513157357497e-01|+0.0000000000000e+00
+0000000000000000010|+0000000000000000000|+0000000000000000001|+1.6700000000000e+00|-1.1135286077818e+00|+0.0000000000000e+00|+6.9321410073503e-01|+0.0000000000000e+00
+0000000000000000010|+0000000000000000000|+0000000000000000001|+1.6600000000000e+00|-1.1205017229806e+00|+0.0000000000000e+00|+7.0143167891445e-01|+0.0000000000000e+00
+0000000000000000010|+0000000000000000000|+0000000000000000001|+1.6500000000000e+00|-1.1275577008578e+00|+0.0000000000000e+00|+7.0978710856935e-01|+0.0000000000000e+00
+0000000000000000010|+0000000000000000000|+0000000000000000001|+1.6400000000000e+00|-1.1346979342024e+00|+0.0000000000000e+00|+7.1828325558064e-01|+0.0000000000000e+00
+0000000000000000010|+0000000000000000000|+0000000000000000001|+1.6300000000000e+00|-1.1419238447957e+00|+0.0000000000000e+00|+7.2692305277295e-01|+0.0000000000000e+00
+0000000000000000010|+0000000000000000000|+0000000000000000001|+1.6200000000000e+00|-1.1492368840884e+00|+0.0000000000000e+00|+7.3570950145696e-01|+0.0000000000000e+00
+0000000000000000010|+0000000000000000000|+0000000000000000001|+1.6100000000000e+00|-1.1566385338931e+00|+0.0000000000000e+00|+7.4464567299402e-01|+0.0000000000000e+00
+0000000000000000010|+0000000000000000000|+0000000000000000001|+1.6000000000000e+00|-1.1641303070930e+00|+0.0000000000000e+00|+7.5373471038214e-01|+0.0000000000000e+00
+0000000000000000010|+0000000000000000000|+0000000000000000001|+1.5900000000000e+00|-1.1717137483660e+00|+0.0000000000000e+00|+7.6297982986183e-01|+0.0000000000000e+00
+0000000000000000010|+0000000000000000000|+0000000000000000001|+1.5800000000000e+00|-1.1793904349257e+00|+0.0000000000000e+00|+7.7238432254035e-01|+0.0000000000000e+00
+0000000000000000010|+0000000000000000000|+0000000000000000001|+1.5700000000000e+00|-1.1871619772775e+00|+0.0000000000000e+00|+7.8195155603277e-01|+0.0000000000000e+00
+0000000000000000010|+0000000000000000000|+0000000000000000001|+1.5600000000000e+00|-1.1950300199928e+00|+0.0000000000000e+00|+7.9168497611767e-01|+0.0000000000000e+00
+0000000000000000010|+0000000000000000000|+0000000000000000001|+1.5500000000000e+00|-1.2029962424982e+00|+0.0000000000000e+00|+8.0158810840536e-01|+0.0000000000000e+00
+0000000000000000010|+0000000000000000000|+0000000000000000001|+1.5400000000000e+00|-1.2110623598827e+00|+0.0000000000000e+00|+8.1166456001609e-01|+0.0000000000000e+00
+0000000000000000010|+0000000000000000000|+0000000000000000001|+1.5300000000000e+00|-1.2192301237212e+00|+0.0000000000000e+00|+8.2191802126546e-01|+0.0000000000000e+00
+0000000000000000010|+0000000000000000000|+0000000000000000001|+1.5200000000000e+00|-1.2275013229145e+00|+0.0000000000000e+00|+8.3235226735379e-01|+0.0000000000000e+00
+0000000000000000010|+0000000000000000000|+0000000000000000001|+1.5100000000000e+00|-1.2358777845472e+00|+0.0000000000000e+00|+8.4297116005589e-01|+0.0000000000000e+00
+0000000000000000010|+0000000000000000000|+0000000000000000001|+1.5000000000000e+00|-1.2443613747612e+00|+0.0000000000000e+00|+8.5377864940748e-01|+0.0000000000000e+00
+0000000000000000010|+0000000000000000000|+0000000000000000001|+1.4900000000000e+00|-1.2529539996472e+00|+0.0000000000000e+00|+8.6477877538356e-01|+0.0000000000000e+00
+0000000000000000010|+0000000000000000000|+0000000000000000001|+1.4800000000000e+00|-1.2616576061525e+00|+0.0000000000000e+00|+8.7597566956410e-01|+0.0000000000000e+00
+0000000000000000010|+0000000000000000000|+0000000000000000001|+1.4700000000000e+00|-1.2704741830048e+00|+0.0000000000000e+00|+8.8737355678161e-01|+0.0000000000000e+00
+0000000000000000010|+0000000000000000000|+0000000000000000001|+1.4600000000000e+00|-1.2794057616532e+00|+0.0000000000000e+00|+8.9897675674444e-01|+0.0000000000000e+00
+0000000000000000010|+0000000000000000000|+0000000000000000001|+1.4500000000000e+00|-1.2884544172252e+00|+0.0000000000000e+00|+9.1078968562947e-01|+0.0000000000000e+00
+0000000000000000010|+0000000000000000000|+0000000000000000001|+1.4400000000000e+00|-1.2976222694985e+00|+0.0000000000000e+00|+9.2281685763669e-01|+0.0000000000000e+00
+0000000000000000010|+0000000000000000000|+0000000000000000001|+1.4300000000000e+00|-1.3069114838895e+00|+0.0000000000000e+00|+9.3506288649779e-01|+0.0000000000000e+00
+0000000000000000010|+0000000000000000000|+0000000000000000001|+1.4200000000000e+00|-1.3163242724556e+00|+0.0000000000000e+00|+9.4753248692982e-01|+0.0000000000000e+00
+0000000000000000010|+0000000000000000000|+0000000000000000001|+1.4100000000000e+00|-1.3258628949121e+00|+0.0000000000000e+00|+9.6023047602434e-01|+0.0000000000000e+00
+0000000000000000010|+0000000000000000000|+0000000000000000001|+1.4000000000000e+00|-1.3355296596626e+00|+0.0000000000000e+00|+9.7316177456125e-01|+0.0000000000000e+00
+0000000000000000010|+0000000000000000000|+0000000000000000001|+1.3900000000000e+00|-1.3453269248420e+00|+0.0000000000000e+00|+9.8633140823581e-01|+0.0000000000000e+00
+0000000000000000010|+0000000000000000000|+0000000000000000001|+1.3800000000000e+00|-1.3552570993717e+00|+0.0000000000000e+00|+9.9974450878586e-01|+0.0000000000000e+00
+0000000000000000010|+0000000000000000000|+0000000000000000001|+1.3700000000000e+00|-1.3653226440247e+00|+0.0000000000000e+00|+1.0134063150052e+00|+0.0000000000000e+00
+0000000000000000010|+0000000000000000000|+0000000000000000001|+1.3600000000000e+00|-1.3755260725011e+00|+0.0000000000000e+00|+1.0273221736279e+00|+0.0000000000000e+00
+0000000000000000010|+0000000000000000000|+0000000000000000001|+1.3500000000000e+00|-1.3858699525111e+00|+0.0000000000000e+00|+1.0414975400671e+00|+0.0000000000000e+00
+0000000000000000010|+0000000000000000000|+0000000000000000001|+1.3400000000000e+00|-1.3963569068651e+00|+0.0000000000000e+00|+1.0559379789886e+00|+0.0000000000000e+00
+0000000000000000010|+0000000000000000000|+0000000000000000001|+1.3300000000000e+00|-1.4069896145680e+00|+0.0000000000000e+00|+1.0706491647009e+00|+0.0000000000000e+00
+0000000000000000010|+0000000000000000000|+0000000000000000001|+1.3200000000000e+00|-1.4177708119167e+00|+0.0000000000000e+00|+1.0856368813391e+00|+0.0000000000000e+00
+0000000000000000010|+0000000000000000000|+0000000000000000001|+1.3100000000000e+00|-1.4287032935987e+00|+0.0000000000000e+00|+1.1009070228182e+00|+0.0000000000000e+00
+0000000000000000010|+0000000000000000000|+0000000000000000001|+1.3000000000000e+00|-1.4397899137884e+00|+0.0000000000000e+00|+1.1164655925307e+00|+0.0000000000000e+00
+0000000000000000010|+0000000000000000000|+0000000000000000001|+1.2900000000000e+00|-1.4510335872391e+00|+0.0000000000000e+00|+1.1323187027596e+00|+0.0000000000000e+00
+0000000000000000010|+0000000000000000000|+0000000000000000001|+1.2800000000000e+00|-1.4624372903677e+00|+0.0000000000000e+00|+1.1484725737765e+00|+0.0000000000000e+00
+0000000000000000010|+0000000000000000000|+0000000000000000001|+1.2700000000000e+00|-1.4740040623289e+00|+0.0000000000000e+00|+1.1649335325902e+00|+0.0000000000000e+00
+0000000000000000010|+0000000000000000000|+0000000000000000001|+1.2600000000000e+00|-1.4857370060744e+00|+0.0000000000000e+00|+1.1817080113103e+00|+0.0000000000000e+00
+0000000000000000010|+0000000000000000000|+0000000000000000001|+1.2500000000000e+00|-1.4976392893941e+00|+0.0000000000000e+00|+1.1988025450854e+00|+0.0000000000000e+00
+0000000000000000010|+0000000000000000000|+0000000000000000001|+1.2400000000000e+00|-1.5097141459343e+00|+0.0000000000000e+00|+1.2162237695731e+00|+0.0000000000000e+00
+0000000000000000010|+0000000000000000000|+0000000000000000001|+1.2300000000000e+00|-1.5219648761879e+00|+0.0000000000000e+00|+1.2339784178942e+00|+0.0000000000000e+00
+0000000000000000010|+0000000000000000000|+0000000000000000001|+1.2200000000000e+00|-1.5343948484516e+00|+0.0000000000000e+00|+1.2520733170209e+00|+0.0000000000000e+00
+0000000000000000010|+0000000000000000000|+0000000000000000001|+1.2100000000000e+00|-1.5470074997436e+00|+0.0000000000000e+00|+1.2705153835433e+00|+0.0000000000000e+00
+0000000000000000010|+0000000000000000000|+0000000000000000001|+1.2000000000000e+00|-1.5598063366760e+00|+0.0000000000000e+00|+1.2893116187542e+00|+0.0000000000000e+00
+0000000000000000010|+0000000000000000000|+0000000000000000001|+1.1900000000000e+00|-1.5727949362740e+00|+0.0000000000000e+00|+1.3084691029867e+00|+0.0000000000000e+00
+0000000000000000010|+0000000000000000000|+0000000000000000001|+1.1800000000000e+00|-1.5859769467348e+00|+0.0000000000000e+00|+1.3279949891351e+00|+0.0000000000000e+00
+0000000000000000010|+0000000000000000000|+0000000000000000001|+1.1700000000000e+00|-1.5993560881170e+00|+0.0000000000000e+00|+1.3478964952812e+00|+0.0000000000000e+00
+0000000000000000010|+0000000000000000000|+0000000000000000001|+1.1600000000000e+00|-1.6129361529516e+00|+0.0000000000000e+00|+1.3681808963450e+00|+0.0000000000000e+00
+0000000000000000010|+0000000000000000000|+0000000000000000001|+1.1500000000000e+00|-1.6267210067640e+00|+0.0000000000000e+00|+1.3888555146682e+00|+0.0000000000000e+00
+0000000000000000010|+0000000000000000000|+0000000000000000001|+1.1400000000000e+00|-1.6407145884969e+00|+0.0000000000000e+00|+1.4099277094356e+00|+0.0000000000000e+00
+0000000000000000010|+0000000000000000000|+0000000000000000001|+1.1300000000000e+00|-1.6549209108202e+00|+0.0000000000000e+00|+1.4314048648282e+00|+0.0000000000000e+00
+0000000000000000010|+0000000000000000000|+0000000000000000001|+1.1200000000000e+00|-1.6693440603157e+00|+0.0000000000000e+00|+1.4532943767952e+00|+0.0000000000000e+00
+0000000000000000010|+0000000000000000000|+0000000000000000001|+1.1100000000000e+00|-1.6839881975234e+00|+0.0000000000000e+00|+1.4756036383236e+00|+0.0000000000000e+00
+0000000000000000010|+0000000000000000000|+0000000000000000001|+1.1000000000000e+00|-1.6988575568304e+00|+0.0000000000000e+00|+1.4983400230716e+00|+0.0000000000000e+00
+0000000000000000010|+0000000000000000000|+0000000000000000001|+1.0900000000000e+00|-1.7139564461892e+00|+0.0000000000000e+00|+1.5215108672261e+00|+0.0000000000000e+00
+0000000000000000010|+0000000000000000000|+0000000000000000001|+1.0800000000000e+00|-1.7292892466439e+00|+0.0000000000000e+00|+1.5451234494283e+00|+0.0000000000000e+00
+0000000000000000010|+0000000000000000000|+0000000000000000001|+1.0700000000000e+00|-1.7448604116459e+00|+0.0000000000000e+00|+1.5691849686048e+00|+0.0000000000000e+00
+0000000000000000010|+0000000000000000000|+0000000000000000001|+1.0600000000000e+00|-1.7606744661364e+00|+0.0000000000000e+00|+1.5937025195247e+00|+0.0000000000000e+00
+0000000000000000010|+0000000000000000000|+0000000000000000001|+1.0500000000000e+00|-1.7767360053724e+00|+0.0000000000000e+00|+1.6186830658931e+00|+0.0000000000000e+00
+0000000000000000010|+0000000000000000000|+0000000000000000001|+1.0400000000000e+00|-1.7930496934707e+00|+0.0000000000000e+00|+1.6441334107753e+00|+0.0000000000000e+00
+0000000000000000010|+0000000000000000000|+0000000000000000001|+1.0300000000000e+00|-1.8096202616415e+00|+0.0000000000000e+00|+1.6700601641312e+00|+0.0000000000000e+00
+0000000000000000010|+0000000000000000000|+0000000000000000001|+1.0200000000000e+00|-1.8264525060821e+00|+0.0000000000000e+00|+1.6964697072250e+00|+0.0000000000000e+00
+0000000000000000010|+0000000000000000000|+0000000000000000001|+1.0100000000000e+00|-1.8435512854982e+00|+0.0000000000000e+00|+1.7233681536568e+00|+0.0000000000000e+00
+0000000000000000010|+0000000000000000000|+0000000000000000001|+1.0000000000000e+00|-1.8609215182170e+00|+0.0000000000000e+00|+1.7507613067463e+00|+0.0000000000000e+00
+0000000000000000010|+0000000000000000000|+0000000000000000001|+9.9000000000000e-01|-1.8785681788555e+00|+0.0000000000000e+00|+1.7786546129794e+00|+0.0000000000000e+00
+0000000000000000010|+0000000000000000000|+0000000000000000001|+9.8000000000000e-01|-1.8964962945013e+00|+0.0000000000000e+00|+1.8070531112111e+00|+0.0000000000000e+00
+0000000000000000010|+0000000000000000000|+0000000000000000001|+9.7000000000000e-01|-1.9147109403640e+00|+0.0000000000000e+00|+1.8359613772962e+00|+0.0000000000000e+00
+0000000000000000010|+0000000000000000000|+0000000000000000001|+9.6000000000000e-01|-1.9332172348473e+00|+0.0000000000000e+00|+1.8653834637988e+00|+0.0000000000000e+00
+0000000000000000010|+0000000000000000000|+0000000000000000001|+9.5000000000000e-01|-1.9520203339936e+00|+0.0000000000000e+00|+1.8953228344135e+00|+0.0000000000000e+00
+0000000000000000010|+0000000000000000000|+0000000000000000001|+9.4000000000000e-01|-1.9711254252430e+00|+0.0000000000000e+00|+1.9257822927036e+00|+0.0000000000000e+00
+0000000000000000010|+0000000000000000000|+0000000000000000001|+9.3000000000000e-01|-1.9905377204513e+00|+0.0000000000000e+00|+1.9567639047458e+00|+0.0000000000000e+00
+0000000000000000010|+0000000000000000000|+0000000000000000001|+9.2000000000000e-01|-2.0102624481007e+00|+0.0000000000000e+00|+1.9882689152446e+00|+0.0000000000000e+00
+0000000000000000010|+0000000000000000000|+0000000000000000001|+9.1000000000000e-01|-2.0303048446381e+00|+0.0000000000000e+00|+2.0202976566588e+00|+0.0000000000000e+00
+0000000000000000010|+0000000000000000000|+0000000000000000001|+9.0000000000000e-01|-2.0506701448672e+00|+0.0000000000000e+00|+2.0528494508612e+00|+0.0000000000000e+00
+0000000000000000010|+0000000000000000000|+0000000000000000001|+8.9000000000000e-01|-2.0713635713180e+00|+0.0000000000000e+00|+2.0859225028322e+00|+0.0000000000000e+00
+0000000000000000010|+0000000000000000000|+0000000000000000001|+8.8000000000000e-01|-2.0923903225112e+00|+0.0000000000000e+00|+2.1195137858658e+00|+0.0000000000000e+00
+0000000000000000010|+0000000000000000000|+0000000000000000001|+8.7000000000000e-01|-2.1137555600301e+00|+0.0000000000000e+00|+2.1536189177527e+00|+0.0000000000000e+00
+0000000000000000010|+0000000000000000000|+0000000000000000001|+8.6000000000000e-01|-2.1354643943067e+00|+0.0000000000000e+00|+2.1882320273867e+00|+0.0000000000000e+00
+0000000000000000010|+0000000000000000000|+0000000000000000001|+8.5000000000000e-01|-2.1575218690236e+00|+0.0000000000000e+00|+2.2233456112287e+00|+0.0000000000000e+00
+0000000000000000010|+0000000000000000000|+0000000000000000001|+8.4000000000000e-01|-2.1799329440279e+00|+0.0000000000000e+00|+2.2589503790555e+00|+0.0000000000000e+00
+0000000000000000010|+0000000000000000000|+0000000000000000001|+8.3000000000000e-01|-2.2027024766463e+00|+0.0000000000000e+00|+2.2950350884170e+00|+0.0000000000000e+00
+0000000000000000010|+0000000000000000000|+0000000000000000001|+8.2000000000000e-01|-2.2258352012853e+00|+0.0000000000000e+00|+2.3315863672271e+00|+0.0000000000000e+00
+0000000000000000010|+0000000000000000000|+0000000000000000001|+8.1000000000000e-01|-2.2493357071972e+00|+0.0000000000000e+00|+2.3685885239251e+00|+0.0000000000000e+00
+0000000000000000010|+0000000000000000000|+0000000000000000001|+8.0000000000000e-01|-2.2732084142814e+00|+0.0000000000000e+00|+2.4060233446655e+00|+0.0000000000000e+00
+0000000000000000010|+0000000000000000000|+0000000000000000001|+7.9000000000000e-01|-2.2974575467922e+00|+0.0000000000000e+00|+2.4438698770208e+00|+0.0000000000000e+00
+0000000000000000010|+0000000000000000000|+0000000000000000001|+7.8000000000000e-01|-2.3220871048132e+00|+0.0000000000000e+00|+2.4821041997315e+00|+0.0000000000000e+00
+0000000000000000010|+0000000000000000000|+0000000000000000001|+7.7000000000000e-01|-2.3471008333580e+00|+0.0000000000000e+00|+2.5206991780902e+00|+0.0000000000000e+00
+0000000000000000010|+0000000000000000000|+0000000000000000001|+7.6000000000000e-01|-2.3725021889517e+00|+0.0000000000000e+00|+2.5596242046306e+00|+0.0000000000000e+00
+0000000000000000010|+0000000000000000000|+0000000000000000001|+7.5000000000000e-01|-2.3982943035446e+00|+0.0000000000000e+00|+2.5988449248853e+00|+0.0000000000000e+00
+0000000000000000010|+0000000000000000000|+0000000000000000001|+7.4000000000000e-01|-2.4244799456081e+00|+0.0000000000000e+00|+2.6383229481033e+00|+0.0000000000000e+00
+0000000000000000010|+0000000000000000000|+0000000000000000001|+7.3000000000000e-01|-2.4510614782630e+00|+0.0000000000000e+00|+2.6780155429677e+00|+0.0000000000000e+00
+0000000000000000010|+0000000000000000000|+0000000000000000001|+7.2000000000000e-01|-2.4780408142910e+00|+0.0000000000000e+00|+2.7178753185380e+00|+0.0000000000000e+00
+0000000000000000010|+0000000000000000000|+0000000000000000001|+7.1000000000000e-01|-2.5054193678828e+00|+0.0000000000000e+00|+2.7578498908645e+00|+0.0000000000000e+00
+0000000000000000010|+0000000000000000000|+0000000000000000001|+7.0000000000000e-01|-2.5331980029841e+00|+0.0000000000000e+00|+2.7978815359842e+00|+0.0000000000000e+00
+0000000000000000010|+0000000000000000000|+0000000000000000001|+6.9000000000000e-01|-2.5613769781076e+00|+0.0000000000000e+00|+2.8379068303192e+00|+0.0000000000000e+00
+0000000000000000010|+0000000000000000000|+0000000000000000001|+6.8000000000000e-01|-2.5899558874912e+00|+0.0000000000000e+00|+2.8778562798646e+00|+0.0000000000000e+00
+0000000000000000010|+0000000000000000000|+0000000000000000001|+6.7000000000000e-01|-2.6189335984998e+00|+0.0000000000000e+00|+2.9176539399776e+00|+0.0000000000000e+00
+0000000000000000010|+0000000000000000000|+0000000000000000001|+6.6000000000000e-01|-2.6483081851873e+00|+0.0000000000000e+00|+2.9572170280733e+00|+0.0000000000000e+00
+0000000000000000010|+0000000000000000000|+0000000000000000001|+6.5000000000000e-01|-2.6780768579613e+00|+0.0000000000000e+00|+2.9964555320963e+00|+0.0000000000000e+00
+0000000000000000010|+0000000000000000000|+0000000000000000001|+6.4000000000000e-01|-2.7082358893266e+00|+0.0000000000000e+00|+3.0352718182868e+00|+0.0000000000000e+00
+0000000000000000010|+0000000000000000000|+0000000000000000001|+6.3000000000000e-01|-2.7387805357196e+00|+0.0000000000000e+00|+3.0735602424993e+00|+0.0000000000000e+00
+0000000000000000010|+0000000000000000000|+0000000000000000001|+6.2000000000000e-01|-2.7697049554945e+00|+0.0000000000000e+00|+3.1112067701546e+00|+0.0000000000000e+00
+0000000000000000010|+0000000000000000000|+0000000000000000001|+6.1000000000000e-01|-2.8010021231776e+00|+0.0000000000000e+00|+3.1480886108510e+00|+0.0000000000000e+00
+0000000000000000010|+0000000000000000000|+0000000000000000001|+6.0000000000000e-01|-2.8326637401685e+00|+0.0000000000000e+00|+3.1840738747001e+00|+0.0000000000000e+00
+0000000000000000010|+0000000000000000000|+0000000000000000001|+5.9000000000000e-01|-2.8646801421488e+00|+0.0000000000000e+00|+3.2190212586080e+00|+0.0000000000000e+00
+0000000000000000010|+0000000000000000000|+0000000000000000001|+5.8000000000000e-01|-2.8970402035410e+00|+0.0000000000000e+00|+3.2527797720030e+00|+0.0000000000000e+00
+0000000000000000010|+0000000000000000000|+0000000000000000001|+5.7000000000000e-01|-2.9297312394674e+00|+0.0000000000000e+00|+3.2851885129099e+00|+0.0000000000000e+00
+0000000000000000010|+0000000000000000000|+0000000000000000001|+5.6000000000000e-01|-2.9627389057722e+00|+0.0000000000000e+00|+3.3160765067824e+00|+0.0000000000000e+00
+0000000000000000010|+0000000000000000000|+0000000000000000001|+5.5000000000000e-01|-2.9960470978038e+00|+0.0000000000000e+00|+3.3452626221475e+00|+0.0000000000000e+00
+0000000000000000010|+0000000000000000000|+0000000000000000001|+5.4000000000000e-01|-3.0296378488025e+00|+0.0000000000000e+00|+3.3725555788608e+00|+0.0000000000000e+00
+0000000000000000010|+0000000000000000000|+0000000000000000001|+5.3000000000000e-01|-3.0634912289067e+00|+0.0000000000000e+00|+3.3977540666178e+00|+0.0000000000000e+00
+0000000000000000010|+0000000000000000000|+0000000000000000001|+5.2000000000000e-01|-3.0975852459760e+00|+0.0000000000000e+00|+3.4206469933003e+00|+0.0000000000000e+00
+0000000000000000010|+0000000000000000000|+0000000000000000001|+5.1000000000000e-01|-3.1318957496365e+00|+0.0000000000000e+00|+3.4410138847374e+00|+0.0000000000000e+00
+0000000000000000010|+0000000000000000000|+0000000000000000001|+5.0000000000000e-01|-3.1663963401773e+00|+0.0000000000000e+00|+3.4586254594882e+00|+0.0000000000000e+00
+0000000000000000010|+0000000000000000000|+0000000000000000001|+4.9000000000000e-01|-3.2010582841773e+00|+0.0000000000000e+00|+3.4732444042892e+00|+0.0000000000000e+00
+0000000000000000010|+0000000000000000000|+0000000000000000001|+4.8000000000000e-01|-3.2358504390034e+00|+0.0000000000000e+00|+3.4846263778215e+00|+0.0000000000000e+00
+0000000000000000010|+0000000000000000000|+0000000000000000001|+4.7000000000000e-01|-3.2707391886097e+00|+0.0000000000000e+00|+3.4925212723399e+00|+0.0000000000000e+00
+0000000000000000010|+0000000000000000000|+0000000000000000001|+4.6000000000000e-01|-3.3056883933740e+00|+0.0000000000000e+00|+3.4966747645009e+00|+0.0000000000000e+00
+0000000000000000010|+0000000000000000000|+0000000000000000001|+4.5000000000000e-01|-3.3406593570229e+00|+0.0000000000000e+00|+3.4968301882821e+00|+0.0000000000000e+00
+0000000000000000010|+0000000000000000000|+0000000000000000001|+4.4000000000000e-01|-3.3756108140404e+00|+0.0000000000000e+00|+3.4927307641808e+00|+0.0000000000000e+00
+0000000000000000010|+0000000000000000000|+0000000000000000001|+4.3000000000000e-01|-3.4104989412947e+00|+0.0000000000000e+00|+3.4841222198435e+00|+0.0000000000000e+00
+0000000000000000010|+0000000000000000000|+0000000000000000001|+4.2000000000000e-01|-3.4452773979776e+00|+0.0000000000000e+00|+3.4707558377916e+00|+0.0000000000000e+00
+0000000000000000010|+0000000000000000000|+0000000000000000001|+4.1000000000000e-01|-3.4798973983056e+00|+0.0000000000000e+00|+3.4523919659332e+00|+0.0000000000000e+00
+0000000000000000010|+0000000000000000000|+0000000000000000001|+4.0000000000000e-01|-3.5143078217861e+00|+0.0000000000000e+00|+3.4288040259139e+00|+0.0000000000000e+00
+0000000000000000010|+0000000000000000000|+0000000000000000001|+3.9000000000000e-01|-3.5484553661980e+00|+0.0000000000000e+00|+3.3997830530265e+00|+0.0000000000000e+00
+0000000000000000010|+0000000000000000000|+0000000000000000001|+3.8000000000000e-01|-3.5822847487610e+00|+0.0000000000000e+00|+3.3651427990259e+00|+0.0000000000000e+00
+0000000000000000010|+0000000000000000000|+0000000000000000001|+3.7000000000000e-01|-3.6157389612650e+00|+0.0000000000000e+00|+3.3247254256960e+00|+0.0000000000000e+00
+0000000000000000010|+0000000000000000000|+0000000000000000001|+3.6000000000000e-01|-3.6487595851865e+00|+0.0000000000000e+00|+3.2784078117398e+00|+0.0000000000000e+00
+0000000000000000010|+0000000000000000000|+0000000000000000001|+3.5000000000000e-01|-3.6812871730066e+00|+0.0000000000000e+00|+3.2261084880084e+00|+0.0000000000000e+00
+0000000000000000010|+0000000000000000000|+0000000000000000001|+3.4000000000000e-01|-3.7132617020450e+00|+0.0000000000000e+00|+3.1677952049841e+00|+0.0000000000000e+00
+0000000000000000010|+0000000000000000000|+0000000000000000001|+3.3000000000000e-01|-3.7446231070872e+00|+0.0000000000000e+00|+3.1034931201001e+00|+0.0000000000000e+00
+0000000000000000010|+0000000000000000000|+0000000000000000001|+3.2000000000000e-01|-3.7753118978448e+00|+0.0000000000000e+00|+3.0332935682686e+00|+0.0000000000000e+00
+0000000000000000010|+0000000000000000000|+0000000000000000001|+3.1000000000000e-01|-3.8052698667514e+00|+0.0000000000000e+00|+2.9573633426977e+00|+0.0000000000000e+00
+0000000000000000010|+0000000000000000000|+0000000000000000001|+3.0000000000000e-01|-3.8344408916182e+00|+0.0000000000000e+00|+2.8759543588312e+00|+0.0000000000000e+00
+0000000000000000010|+0000000000000000000|+0000000000000000001|+2.9000000000000e-01|-3.8627718360204e+00|+0.0000000000000e+00|+2.7894134933847e+00|+0.0000000000000e+00
+0000000000000000010|+0000000000000000000|+0000000000000000001|+2.8000000000000e-01|-3.8902135476461e+00|+0.0000000000000e+00|+2.6981922706801e+00|+0.0000000000000e+00
+0000000000000000010|+0000000000000000000|+0000000000000000001|+2.7000000000000e-01|-3.9167219507427e+00|+0.0000000000000e+00|+2.6028558936100e+00|+0.0000000000000e+00
+0000000000000000010|+0000000000000000000|+0000000000000000001|+2.6000000000000e-01|-3.9422592225797e+00|+0.0000000000000e+00|+2.5040908641474e+00|+0.0000000000000e+00
+0000000000000000010|+0000000000000000000|+0000000000000000001|+2.5000000000000e-01|-3.9667950346106e+00|+0.0000000000000e+00|+2.4027100804247e+00|+0.0000000000000e+00
+0000000000000000010|+0000000000000000000|+0000000000000000001|+2.4000000000000e-01|-3.9903078255272e+00|+0.0000000000000e+00|+2.2996537990231e+00|+0.0000000000000e+00
+0000000000000000010|+0000000000000000000|+0000000000000000001|+2.3000000000000e-01|-4.0127860540522e+00|+0.0000000000000e+00|+2.1959841707594e+00|+0.0000000000000e+00
+0000000000000000010|+0000000000000000000|+0000000000000000001|+2.2000000000000e-01|-4.0342293520780e+00|+0.0000000000000e+00|+2.0928701513901e+00|+0.0000000000000e+00
+0000000000000000010|+0000000000000000000|+0000000000000000001|+2.1000000000000e-01|-4.0546494611258e+00|+0.0000000000000e+00|+1.9915584129022e+00|+0.0000000000000e+00
+0000000000000000010|+0000000000000000000|+0000000000000000001|+2.0000000000000e-01|-4.0740707842637e+00|+0.0000000000000e+00|+1.8933244123565e+00|+0.0000000000000e+00
+0000000000000000010|+0000000000000000000|+0000000000000000001|+1.9000000000000e-01|-4.0925303186988e+00|+0.0000000000000e+00|+1.7993960400062e+00|+0.0000000000000e+00
+0000000000000000010|+0000000000000000000|+0000000000000000001|+1.8000000000000e-01|-4.1100766491912e+00|+0.0000000000000e+00|+1.7108404146150e+00|+0.0000000000000e+00
+0000000000000000010|+0000000000000000000|+0000000000000000001|+1.7000000000000e-01|-4.1267675797888e+00|+0.0000000000000e+00|+1.6284028349705e+00|+0.0000000000000e+00
+0000000000000000010|+0000000000000000000|+0000000000000000001|+1.6000000000000e-01|-4.1426658683197e+00|+0.0000000000000e+00|+1.5522866058892e+00|+0.0000000000000e+00
+0000000000000000010|+0000000000000000000|+0000000000000000001|+1.5000000000000e-01|-4.1578324264682e+00|+0.0000000000000e+00|+1.4818655223534e+00|+0.0000000000000e+00
+0000000000000000010|+0000000000000000000|+0000000000000000001|+1.4000000000000e-01|-4.1723163102808e+00|+0.0000000000000e+00|+1.4153314003393e+00|+0.0000000000000e+00
+0000000000000000010|+0000000000000000000|+0000000000000000001|+1.3000000000000e-01|-4.1861409621846e+00|+0.0000000000000e+00|+1.3493049738437e+00|+0.0000000000000e+00
+0000000000000000010|+0000000000000000000|+0000000000000000001|+1.2000000000000e-01|-4.1992866897429e+00|+0.0000000000000e+00|+1.2784928057134e+00|+0.0000000000000e+00
+0000000000000000010|+0000000000000000000|+0000000000000000001|+1.1000000000000e-01|-4.2116706508198e+00|+0.0000000000000e+00|+1.1955738669861e+00|+0.0000000000000e+00
+0000000000000000010|+0000000000000000000|+0000000000000000001|+1.0000000000000e-01|-4.2231282136902e+00|+0.0000000000000e+00|+1.0916625774396e+00|+0.0000000000000e+00
+0000000000000000010|+0000000000000000000|+0000000000000000001|+9.0000000000000e-02|-4.2334040551556e+00|+0.0000000000000e+00|+9.5790201430128e-01|+0.0000000000000e+00
+0000000000000000010|+0000000000000000000|+0000000000000000001|+8.0000000000000e-02|-4.2421676730468e+00|+0.0000000000000e+00|+7.8885944185758e-01|+0.0000000000000e+00
+0000000000000000010|+0000000000000000000|+0000000000000000001|+7.0000000000000e-02|-4.2490735609450e+00|+0.0000000000000e+00|+5.8803287394575e-01|+0.0000000000000e+00
+0000000000000000010|+0000000000000000000|+0000000000000000001|+6.0000000000000e-02|-4.2538826958089e+00|+0.0000000000000e+00|+3.7414548593517e-01|+0.0000000000000e+00
+0000000000000000010|+0000000000000000000|+0000000000000000001|+5.0000000000000e-02|-4.2566318481572e+00|+0.0000000000000e+00|+1.8313892663286e-01|+0.0000000000000e+00
+0000000000000000010|+0000000000000000000|+0000000000000000001|+4.0000000000000e-02|-4.2577613383527e+00|+0.0000000000000e+00|+5.5993508414343e-02|+0.0000000000000e+00
+0000000000000000010|+0000000000000000000|+0000000000000000001|+3.0000000000000e-02|-4.2580172978495e+00|+0.0000000000000e+00|+6.5139595998669e-03|+0.0000000000000e+00
+0000000000000000010|+0000000000000000000|+0000000000000000001|+2.0000000000000e-02|-4.2580351307969e+00|+0.0000000000000e+00|+6.2596416938732e-05|+0.0000000000000e+00
+0000000000000000010|+0000000000000000000|+0000000000000000001|+9.9999999999999e-03|-4.2580352072829e+00|+0.0000000000000e+00|+3.5527136788006e-11|+0.0000000000000e+00
