#
# QHS - DATA
#
# ----------------------------------------
#
# Size                 = +0000000000000000009
# Model                = Periodic-1D
# Algorithm            = SSE
# Start-Temperature    = +0.0000000000000e+00
# End-Temperature      = +4.0000000000000e+00
# Temperature-Step     = +1.0000000000000e-02
#
# Size              | Model-Index        | Algorithm-Index    | Temperature        | AverageEnergy      | StdDvOfEnergy      | AverageCHeat      
# ------------------------------------------------------------------------------------------------------
+0000000000000000009|+0000000000000000001|+0000000000000000000|+4.0000000000000e+00|-4.5024000000001e-01|+3.5593104404479e-02|+1.1665399640000e-01
+0000000000000000009|+0000000000000000001|+0000000000000000000|+3.9900000000000e+00|-4.6152420000001e-01|+3.5520643655401e-02|+1.1287102360000e-01
+0000000000000000009|+0000000000000000001|+0000000000000000000|+3.9800000000000e+00|-4.6483760000000e-01|+3.5613603432362e-02|+1.1849230560000e-01
+0000000000000000009|+0000000000000000001|+0000000000000000000|+3.9700000000000e+00|-4.2558149999999e-01|+3.5212357339388e-02|+1.1267139750001e-01
+0000000000000000009|+0000000000000000001|+0000000000000000000|+3.9600000000000e+00|-4.6786679999999e-01|+3.5606147423152e-02|+1.2205113110001e-01
+0000000000000000009|+0000000000000000001|+0000000000000000000|+3.9500000000000e+00|-4.5050966666669e-01|+3.5412900681966e-02|+1.2001077328887e-01
+0000000000000000009|+0000000000000000001|+0000000000000000000|+3.9400000000000e+00|-4.4539339999999e-01|+3.5344764369854e-02|+1.2055350790000e-01
+0000000000000000009|+0000000000000000001|+0000000000000000000|+3.9300000000000e+00|-4.4896680000001e-01|+3.5175164446938e-02|+1.1426070240000e-01
+0000000000000000009|+0000000000000000001|+0000000000000000000|+3.9200000000000e+00|-4.5013520000000e-01|+3.5361836571658e-02|+1.2487078390000e-01
+0000000000000000009|+0000000000000000001|+0000000000000000000|+3.9100000000000e+00|-4.4582769999999e-01|+3.5143960202077e-02|+1.1833111910001e-01
+0000000000000000009|+0000000000000000001|+0000000000000000000|+3.9000000000000e+00|-4.5246600000000e-01|+3.5136712861955e-02|+1.1867415640001e-01
+0000000000000000009|+0000000000000000001|+0000000000000000000|+3.8900000000000e+00|-4.5218849999999e-01|+3.5115581085186e-02|+1.2016137750001e-01
+0000000000000000009|+0000000000000000001|+0000000000000000000|+3.8800000000000e+00|-4.8140360000000e-01|+3.5484501320634e-02|+1.3234623910001e-01
+0000000000000000009|+0000000000000000001|+0000000000000000000|+3.8700000000000e+00|-4.4265570000003e-01|+3.5037789703354e-02|+1.2383483012220e-01
+0000000000000000009|+0000000000000000001|+0000000000000000000|+3.8600000000000e+00|-4.7855680000001e-01|+3.5256490558903e-02|+1.2730066559999e-01
+0000000000000000009|+0000000000000000001|+0000000000000000000|+3.8500000000000e+00|-4.7941900000000e-01|+3.5178711480355e-02|+1.2588407640000e-01
+0000000000000000009|+0000000000000000001|+0000000000000000000|+3.8400000000000e+00|-4.2655680000000e-01|+3.4700190926887e-02|+1.1948311960001e-01
+0000000000000000009|+0000000000000000001|+0000000000000000000|+3.8300000000000e+00|-4.5758020000000e-01|+3.5114226469436e-02|+1.3353583640000e-01
+0000000000000000009|+0000000000000000001|+0000000000000000000|+3.8200000000000e+00|-4.9253080000000e-01|+3.5157841931638e-02|+1.2904215640001e-01
+0000000000000000009|+0000000000000000001|+0000000000000000000|+3.8100000000000e+00|-4.6590135000000e-01|+3.4924948305735e-02|+1.2735626277501e-01
+0000000000000000009|+0000000000000000001|+0000000000000000000|+3.8000000000000e+00|-4.6933700000001e-01|+3.4787417042396e-02|+1.2236517177500e-01
+0000000000000000009|+0000000000000000001|+0000000000000000000|+3.7900000000000e+00|-4.8666425000001e-01|+3.5080711089661e-02|+1.3459769437500e-01
+0000000000000000009|+0000000000000000001|+0000000000000000000|+3.7800000000000e+00|-4.6228230000000e-01|+3.4816721314894e-02|+1.3076352377500e-01
+0000000000000000009|+0000000000000000001|+0000000000000000000|+3.7700000000000e+00|-4.6809460000000e-01|+3.4806167994741e-02|+1.3130783960001e-01
+0000000000000000009|+0000000000000000001|+0000000000000000000|+3.7600000000000e+00|-4.5140960000000e-01|+3.4645092315434e-02|+1.3045522840002e-01
+0000000000000000009|+0000000000000000001|+0000000000000000000|+3.7500000000000e+00|-4.7876250000001e-01|+3.4870823144716e-02|+1.3693637110001e-01
+0000000000000000009|+0000000000000000001|+0000000000000000000|+3.7400000000000e+00|-4.5761040000001e-01|+3.4566328380188e-02|+1.3016191840000e-01
+0000000000000000009|+0000000000000000001|+0000000000000000000|+3.7300000000000e+00|-4.7342220000000e-01|+3.4778775199468e-02|+1.3915558040000e-01
+0000000000000000009|+0000000000000000001|+0000000000000000000|+3.7200000000000e+00|-4.8676680000000e-01|+3.4745227392038e-02|+1.3660022390001e-01
+0000000000000000009|+0000000000000000001|+0000000000000000000|+3.7100000000000e+00|-4.9243200000001e-01|+3.4709640341710e-02|+1.3600336000000e-01
+0000000000000000009|+0000000000000000001|+0000000000000000000|+3.7000000000000e+00|-4.6565200000001e-01|+3.4526170756925e-02|+1.3670271840000e-01
+0000000000000000009|+0000000000000000001|+0000000000000000000|+3.6900000000000e+00|-4.7137500000001e-01|+3.4506949721692e-02|+1.3691375000000e-01
+0000000000000000009|+0000000000000000001|+0000000000000000000|+3.6800000000000e+00|-4.7570240000000e-01|+3.4561476626876e-02|+1.4127313760000e-01
+0000000000000000009|+0000000000000000001|+0000000000000000000|+3.6700000000000e+00|-4.9343510000000e-01|+3.4531900250671e-02|+1.3771889910001e-01
+0000000000000000009|+0000000000000000001|+0000000000000000000|+3.6600000000000e+00|-4.7121000000002e-01|+3.4337272040963e-02|+1.3658774999999e-01
+0000000000000000009|+0000000000000000001|+0000000000000000000|+3.6500000000000e+00|-5.0596900000001e-01|+3.4752812373975e-02|+1.5140439640001e-01
+0000000000000000009|+0000000000000000001|+0000000000000000000|+3.6400000000000e+00|-4.6744199999999e-01|+3.4153620444143e-02|+1.3374309750001e-01
+0000000000000000009|+0000000000000000001|+0000000000000000000|+3.6300000000000e+00|-4.8522315000000e-01|+3.4407442079112e-02|+1.4485021497500e-01
+0000000000000000009|+0000000000000000001|+0000000000000000000|+3.6200000000000e+00|-4.9052100000001e-01|+3.4341482411179e-02|+1.4281529750000e-01
+0000000000000000009|+0000000000000000001|+0000000000000000000|+3.6100000000000e+00|-4.8313100000001e-01|+3.4190517370050e-02|+1.3981959000000e-01
+0000000000000000009|+0000000000000000001|+0000000000000000000|+3.6000000000000e+00|-4.7455200000001e-01|+3.4033861231142e-02|+1.3684348759999e-01
+0000000000000000009|+0000000000000000001|+0000000000000000000|+3.5900000000000e+00|-4.9900660000001e-01|+3.4286538641118e-02|+1.4630225240000e-01
+0000000000000000009|+0000000000000000001|+0000000000000000000|+3.5800000000000e+00|-4.6775700000001e-01|+3.3895831018448e-02|+1.3721127750000e-01
+0000000000000000009|+0000000000000000001|+0000000000000000000|+3.5700000000000e+00|-5.0832480000000e-01|+3.4129252733685e-02|+1.4120743040001e-01
+0000000000000000009|+0000000000000000001|+0000000000000000000|+3.5600000000000e+00|-5.3125000000001e-01|+3.4192140131830e-02|+1.4112843750000e-01
+0000000000000000009|+0000000000000000001|+0000000000000000000|+3.5500000000000e+00|-5.3323550000001e-01|+3.4450962098800e-02|+1.5766831990000e-01
+0000000000000000009|+0000000000000000001|+0000000000000000000|+3.5400000000000e+00|-4.7353440000000e-01|+3.3754528543907e-02|+1.3974519040001e-01
+0000000000000000009|+0000000000000000001|+0000000000000000000|+3.5300000000000e+00|-5.0251750000001e-01|+3.3960773958144e-02|+1.4571993750001e-01
+0000000000000000009|+0000000000000000001|+0000000000000000000|+3.5200000000000e+00|-5.3252480000000e-01|+3.4072604655020e-02|+1.4638555990000e-01
+0000000000000000009|+0000000000000000001|+0000000000000000000|+3.5100000000000e+00|-5.2609410000001e-01|+3.4033706236767e-02|+1.4916137190001e-01
+0000000000000000009|+0000000000000000001|+0000000000000000000|+3.5000000000000e+00|-5.5896000000000e-01|+3.4419686856861e-02|+1.6445744640001e-01
+0000000000000000009|+0000000000000000001|+0000000000000000000|+3.4900000000000e+00|-5.3700930000000e-01|+3.4181193953304e-02|+1.6056595510000e-01
+0000000000000000009|+0000000000000000001|+0000000000000000000|+3.4800000000000e+00|-5.1994080000001e-01|+3.3951370476098e-02|+1.5576767840000e-01
+0000000000000000009|+0000000000000000001|+0000000000000000000|+3.4700000000000e+00|-4.9365959999999e-01|+3.3791813748310e-02|+1.5756513760002e-01
+0000000000000000009|+0000000000000000001|+0000000000000000000|+3.4600000000000e+00|-5.0211860000003e-01|+3.3651902487192e-02|+1.5044293189998e-01
+0000000000000000009|+0000000000000000001|+0000000000000000000|+3.4500000000000e+00|-5.1886650000001e-01|+3.3802736509303e-02|+1.5732139510001e-01
+0000000000000000009|+0000000000000000001|+0000000000000000000|+3.4400000000000e+00|-5.3464560000001e-01|+3.3887631593217e-02|+1.6084593990000e-01
+0000000000000000009|+0000000000000000001|+0000000000000000000|+3.4300000000000e+00|-5.2874590000000e-01|+3.3691887464959e-02|+1.5462938310001e-01
+0000000000000000009|+0000000000000000001|+0000000000000000000|+3.4200000000000e+00|-5.4041220000000e-01|+3.3830676021521e-02|+1.6251087190001e-01
+0000000000000000009|+0000000000000000001|+0000000000000000000|+3.4100000000000e+00|-5.5189470000001e-01|+3.3951470111668e-02|+1.6953841110000e-01
+0000000000000000009|+0000000000000000001|+0000000000000000000|+3.4000000000000e+00|-5.4024400000002e-01|+3.3667472609592e-02|+1.5977716440000e-01
+0000000000000000009|+0000000000000000001|+0000000000000000000|+3.3900000000000e+00|-5.3361375000000e-01|+3.3709755255579e-02|+1.6758373437501e-01
+0000000000000000009|+0000000000000000001|+0000000000000000000|+3.3800000000000e+00|-5.3545800000002e-01|+3.3514834969606e-02|+1.5899919000000e-01
+0000000000000000009|+0000000000000000001|+0000000000000000000|+3.3700000000000e+00|-5.0524460000000e-01|+3.3193387361243e-02|+1.5248294360001e-01
+0000000000000000009|+0000000000000000001|+0000000000000000000|+3.3600000000000e+00|-5.7313920000000e-01|+3.3842920158681e-02|+1.7419035160001e-01
+0000000000000000009|+0000000000000000001|+0000000000000000000|+3.3500000000000e+00|-5.5713250000003e-01|+3.3704246955994e-02|+1.7417979749999e-01
+0000000000000000009|+0000000000000000001|+0000000000000000000|+3.3400000000000e+00|-5.2807840000001e-01|+3.3442650586238e-02|+1.7069530240000e-01
+0000000000000000009|+0000000000000000001|+0000000000000000000|+3.3300000000000e+00|-5.2602120000001e-01|+3.3311393624548e-02|+1.6694435040000e-01
+0000000000000000009|+0000000000000000001|+0000000000000000000|+3.3200000000000e+00|-5.4696720000000e-01|+3.3443172911580e-02|+1.7214114840001e-01
+0000000000000000009|+0000000000000000001|+0000000000000000000|+3.3100000000000e+00|-5.4867120000001e-01|+3.3279198526024e-02|+1.6523592960001e-01
+0000000000000000009|+0000000000000000001|+0000000000000000000|+3.3000000000000e+00|-5.4948900000001e-01|+3.3421503011898e-02|+1.7727621110001e-01
+0000000000000000009|+0000000000000000001|+0000000000000000000|+3.2900000000000e+00|-5.4699350000001e-01|+3.3435178505759e-02|+1.8254497750000e-01
+0000000000000000009|+0000000000000000001|+0000000000000000000|+3.2800000000000e+00|-5.5469520000001e-01|+3.3376391612357e-02|+1.8026109189999e-01
+0000000000000000009|+0000000000000000001|+0000000000000000000|+3.2700000000000e+00|-5.5000290000001e-01|+3.3171318896584e-02|+1.7266168710000e-01
+0000000000000000009|+0000000000000000001|+0000000000000000000|+3.2600000000000e+00|-5.5133973333335e-01|+3.3213878563301e-02|+1.7860538595556e-01
+0000000000000000009|+0000000000000000001|+0000000000000000000|+3.2500000000000e+00|-5.6573500000002e-01|+3.3205555286242e-02|+1.7740569560001e-01
+0000000000000000009|+0000000000000000001|+0000000000000000000|+3.2400000000000e+00|-5.6073240000001e-01|+3.3199984503854e-02|+1.8237639990001e-01
+0000000000000000009|+0000000000000000001|+0000000000000000000|+3.2300000000000e+00|-5.6181190000002e-01|+3.3126208237120e-02|+1.8117751909999e-01
+0000000000000000009|+0000000000000000001|+0000000000000000000|+3.2200000000000e+00|-5.4322120000001e-01|+3.3008663280603e-02|+1.8329314840000e-01
+0000000000000000009|+0000000000000000001|+0000000000000000000|+3.2100000000000e+00|-5.4944100000000e-01|+3.2765056307649e-02|+1.6966159000001e-01
+0000000000000000009|+0000000000000000001|+0000000000000000000|+3.2000000000000e+00|-5.5868800000001e-01|+3.2970678464804e-02|+1.8376637877501e-01
+0000000000000000009|+0000000000000000001|+0000000000000000000|+3.1900000000000e+00|-5.8281570000003e-01|+3.3138874576307e-02|+1.9104271909999e-01
+0000000000000000009|+0000000000000000001|+0000000000000000000|+3.1800000000000e+00|-5.7466680000001e-01|+3.2846811945808e-02|+1.7855417240002e-01
+0000000000000000009|+0000000000000000001|+0000000000000000000|+3.1700000000000e+00|-5.6518190000001e-01|+3.2864036163846e-02|+1.8661167510002e-01
+0000000000000000009|+0000000000000000001|+0000000000000000000|+3.1600000000000e+00|-5.9162999999999e-01|+3.3004509899064e-02|+1.9150943750001e-01
+0000000000000000009|+0000000000000000001|+0000000000000000000|+3.1500000000000e+00|-5.8619700000002e-01|+3.2881908699330e-02|+1.8917585560000e-01
+0000000000000000009|+0000000000000000001|+0000000000000000000|+3.1400000000000e+00|-5.3511720000002e-01|+3.2459055569367e-02|+1.8150647959999e-01
+0000000000000000009|+0000000000000000001|+0000000000000000000|+3.1300000000000e+00|-5.6811115000001e-01|+3.2613705510924e-02|+1.8524087397501e-01
+0000000000000000009|+0000000000000000001|+0000000000000000000|+3.1200000000000e+00|-5.6785920000001e-01|+3.2619914438566e-02|+1.8982201440000e-01
+0000000000000000009|+0000000000000000001|+0000000000000000000|+3.1100000000000e+00|-5.7400440000001e-01|+3.2505564702859e-02|+1.8428335840000e-01
+0000000000000000009|+0000000000000000001|+0000000000000000000|+3.1000000000000e+00|-5.7208500000002e-01|+3.2565396447488e-02|+1.9308287750000e-01
+0000000000000000009|+0000000000000000001|+0000000000000000000|+3.0900000000000e+00|-5.7631485000000e-01|+3.2590993074773e-02|+1.9766793777501e-01
+0000000000000000009|+0000000000000000001|+0000000000000000000|+3.0800000000000e+00|-5.7485280000001e-01|+3.2555603778259e-02|+1.9997753440002e-01
+0000000000000000009|+0000000000000000001|+0000000000000000000|+3.0700000000000e+00|-5.8947370000002e-01|+3.2706740211864e-02|+2.0998149190000e-01
+0000000000000000009|+0000000000000000001|+0000000000000000000|+3.0600000000000e+00|-6.2291160000002e-01|+3.2818794986852e-02|+2.1130190040000e-01
+0000000000000000009|+0000000000000000001|+0000000000000000000|+3.0500000000000e+00|-5.7472700000003e-01|+3.2428797776662e-02|+2.0422470040000e-01
+0000000000000000009|+0000000000000000001|+0000000000000000000|+3.0400000000000e+00|-5.9656480000002e-01|+3.2547538926455e-02|+2.0979122310000e-01
+0000000000000000009|+0000000000000000001|+0000000000000000000|+3.0300000000000e+00|-5.9801820000002e-01|+3.2455918697716e-02|+2.0731279640000e-01
+0000000000000000009|+0000000000000000001|+0000000000000000000|+3.0200000000000e+00|-5.8292610000000e-01|+3.2349015219516e-02|+2.0921281697502e-01
+0000000000000000009|+0000000000000000001|+0000000000000000000|+3.0100000000000e+00|-5.9878440000001e-01|+3.2359486582282e-02|+2.0921132640002e-01
+0000000000000000009|+0000000000000000001|+0000000000000000000|+3.0000000000000e+00|-5.9688000000001e-01|+3.2324787945965e-02|+2.1191491840001e-01
+0000000000000000009|+0000000000000000001|+0000000000000000000|+2.9900000000000e+00|-6.0749815000000e-01|+3.2304288632178e-02|+2.1148618077501e-01
+0000000000000000009|+0000000000000000001|+0000000000000000000|+2.9800000000000e+00|-6.3088520000001e-01|+3.2389075671658e-02|+2.1445377240001e-01
+0000000000000000009|+0000000000000000001|+0000000000000000000|+2.9700000000000e+00|-5.8768650000002e-01|+3.2317690341092e-02|+2.2847529750000e-01
+0000000000000000009|+0000000000000000001|+0000000000000000000|+2.9600000000000e+00|-6.0693280000001e-01|+3.2102905047358e-02|+2.1096756760002e-01
+0000000000000000009|+0000000000000000001|+0000000000000000000|+2.9500000000000e+00|-6.0748800000001e-01|+3.2251691430771e-02|+2.2649655040003e-01
+0000000000000000009|+0000000000000000001|+0000000000000000000|+2.9400000000000e+00|-5.9962440000003e-01|+3.2047805429947e-02|+2.1885505239999e-01
+0000000000000000009|+0000000000000000001|+0000000000000000000|+2.9300000000000e+00|-6.1451450000004e-01|+3.2270618601314e-02|+2.3528047749998e-01
+0000000000000000009|+0000000000000000001|+0000000000000000000|+2.9200000000000e+00|-6.2301720000001e-01|+3.2021250008325e-02|+2.1854111190002e-01
+0000000000000000009|+0000000000000000001|+0000000000000000000|+2.9100000000000e+00|-6.2641860000002e-01|+3.2036814091029e-02|+2.2344682840000e-01
+0000000000000000009|+0000000000000000001|+0000000000000000000|+2.9000000000000e+00|-6.1934700000003e-01|+3.1953074331823e-02|+2.2447827509999e-01
+0000000000000000009|+0000000000000000001|+0000000000000000000|+2.8900000000000e+00|-6.0271900000001e-01|+3.1749439002786e-02|+2.1969359000003e-01
+0000000000000000009|+0000000000000000001|+0000000000000000000|+2.8800000000000e+00|-6.2781120000002e-01|+3.1895295563819e-02|+2.2713942240001e-01
+0000000000000000009|+0000000000000000001|+0000000000000000000|+2.8700000000000e+00|-6.2370230000002e-01|+3.1891780605111e-02|+2.3337833590001e-01
+0000000000000000009|+0000000000000000001|+0000000000000000000|+2.8600000000000e+00|-6.4743740000003e-01|+3.1871268664500e-02|+2.2862865189999e-01
+0000000000000000009|+0000000000000000001|+0000000000000000000|+2.8500000000000e+00|-6.2037750000004e-01|+3.1676598206512e-02|+2.2806887749998e-01
+0000000000000000009|+0000000000000000001|+0000000000000000000|+2.8400000000000e+00|-6.4697040000001e-01|+3.1816152553518e-02|+2.3485759640001e-01
+0000000000000000009|+0000000000000000001|+0000000000000000000|+2.8300000000000e+00|-6.4582580000004e-01|+3.1789418505508e-02|+2.3841897239999e-01
+0000000000000000009|+0000000000000000001|+0000000000000000000|+2.8200000000000e+00|-6.5688420000003e-01|+3.1878332402852e-02|+2.4695074389999e-01
+0000000000000000009|+0000000000000000001|+0000000000000000000|+2.8100000000000e+00|-6.5281430000004e-01|+3.1743382770375e-02|+2.4296901910000e-01
+0000000000000000009|+0000000000000000001|+0000000000000000000|+2.8000000000000e+00|-6.5393600000003e-01|+3.1757860553902e-02|+2.4918210560000e-01
+0000000000000000009|+0000000000000000001|+0000000000000000000|+2.7900000000000e+00|-6.4532250000003e-01|+3.1434422222930e-02|+2.3153493750000e-01
+0000000000000000009|+0000000000000000001|+0000000000000000000|+2.7800000000000e+00|-6.5201420000003e-01|+3.1534469460834e-02|+2.4269366789999e-01
+0000000000000000009|+0000000000000000001|+0000000000000000000|+2.7700000000000e+00|-6.5621013333336e-01|+3.1512059431484e-02|+2.4487531662222e-01
+0000000000000000009|+0000000000000000001|+0000000000000000000|+2.7600000000000e+00|-6.5258160000002e-01|+3.1490214176678e-02|+2.4997624440001e-01
+0000000000000000009|+0000000000000000001|+0000000000000000000|+2.7500000000000e+00|-6.6720000000004e-01|+3.1509464064509e-02|+2.5192335999997e-01
+0000000000000000009|+0000000000000000001|+0000000000000000000|+2.7400000000000e+00|-6.4820760000003e-01|+3.1273428617022e-02|+2.4484609240000e-01
+0000000000000000009|+0000000000000000001|+0000000000000000000|+2.7300000000000e+00|-6.6603585000003e-01|+3.1325520872402e-02|+2.4837625897500e-01
+0000000000000000009|+0000000000000000001|+0000000000000000000|+2.7200000000000e+00|-6.6657440000003e-01|+3.1431487008477e-02|+2.6293704710000e-01
+0000000000000000009|+0000000000000000001|+0000000000000000000|+2.7100000000000e+00|-6.6292480000003e-01|+3.1240151645951e-02|+2.5387298560000e-01
+0000000000000000009|+0000000000000000001|+0000000000000000000|+2.7000000000000e+00|-6.5779200000004e-01|+3.1263985864807e-02|+2.6369715839998e-01
+0000000000000000009|+0000000000000000001|+0000000000000000000|+2.6900000000000e+00|-6.6940320000003e-01|+3.1122046529125e-02|+2.5312732160000e-01
+0000000000000000009|+0000000000000000001|+0000000000000000000|+2.6800000000000e+00|-6.7377280000004e-01|+3.1245193544127e-02|+2.6814627839997e-01
+0000000000000000009|+0000000000000000001|+0000000000000000000|+2.6700000000000e+00|-6.8059200000003e-01|+3.1157085777605e-02|+2.6399424000000e-01
+0000000000000000009|+0000000000000000001|+0000000000000000000|+2.6600000000000e+00|-6.7498920000002e-01|+3.1163499148142e-02|+2.7279585560001e-01
+0000000000000000009|+0000000000000000001|+0000000000000000000|+2.6500000000000e+00|-6.8434500000003e-01|+3.1046465908410e-02|+2.6512671000001e-01
+0000000000000000009|+0000000000000000001|+0000000000000000000|+2.6400000000000e+00|-6.8953440000006e-01|+3.1177341467543e-02|+2.8106682839997e-01
+0000000000000000009|+0000000000000000001|+0000000000000000000|+2.6300000000000e+00|-6.9491620000004e-01|+3.0971765004929e-02|+2.6694233239999e-01
+0000000000000000009|+0000000000000000001|+0000000000000000000|+2.6200000000000e+00|-7.0750840000003e-01|+3.0977721586915e-02|+2.6900540760000e-01
+0000000000000000009|+0000000000000000001|+0000000000000000000|+2.6100000000000e+00|-7.0840890000003e-01|+3.1049479093139e-02|+2.8160041990001e-01
+0000000000000000009|+0000000000000000001|+0000000000000000000|+2.6000000000000e+00|-6.4668600000004e-01|+3.0554889982957e-02|+2.6681890790000e-01
+0000000000000000009|+0000000000000000001|+0000000000000000000|+2.5900000000000e+00|-7.0546195000003e-01|+3.0965151345021e-02|+2.8812937897501e-01
+0000000000000000009|+0000000000000000001|+0000000000000000000|+2.5800000000000e+00|-7.1303970000003e-01|+3.0887421975718e-02|+2.8464814377501e-01
+0000000000000000009|+0000000000000000001|+0000000000000000000|+2.5700000000000e+00|-7.2526330000003e-01|+3.1049065720494e-02|+3.0175386390000e-01
+0000000000000000009|+0000000000000000001|+0000000000000000000|+2.5600000000000e+00|-6.9264320000004e-01|+3.0638526160341e-02|+2.8275871910000e-01
+0000000000000000009|+0000000000000000001|+0000000000000000000|+2.5500000000000e+00|-6.9986550000003e-01|+3.0607698930406e-02|+2.8377062389999e-01
+0000000000000000009|+0000000000000000001|+0000000000000000000|+2.5400000000000e+00|-7.2724830000004e-01|+3.0774779806230e-02|+2.9569609897499e-01
+0000000000000000009|+0000000000000000001|+0000000000000000000|+2.5300000000000e+00|-7.3302180000005e-01|+3.0725337096710e-02|+2.9565751639999e-01
+0000000000000000009|+0000000000000000001|+0000000000000000000|+2.5200000000000e+00|-7.0850520000004e-01|+3.0646540659637e-02|+3.0482051989999e-01
+0000000000000000009|+0000000000000000001|+0000000000000000000|+2.5100000000000e+00|-7.1180000000003e-01|+3.0614065344213e-02|+3.0748000000001e-01
+0000000000000000009|+0000000000000000001|+0000000000000000000|+2.5000000000000e+00|-7.3087500000005e-01|+3.0645164154335e-02|+3.1010147750000e-01
+0000000000000000009|+0000000000000000001|+0000000000000000000|+2.4900000000000e+00|-7.2291060000004e-01|+3.0518071149853e-02|+3.0806727640001e-01
+0000000000000000009|+0000000000000000001|+0000000000000000000|+2.4800000000000e+00|-7.4491413333336e-01|+3.0573982937120e-02|+3.1207116728891e-01
+0000000000000000009|+0000000000000000001|+0000000000000000000|+2.4700000000000e+00|-7.5198036666671e-01|+3.0623982113308e-02|+3.2166622478888e-01
+0000000000000000009|+0000000000000000001|+0000000000000000000|+2.4600000000000e+00|-7.5294660000005e-01|+3.0568917684925e-02|+3.2328709589999e-01
+0000000000000000009|+0000000000000000001|+0000000000000000000|+2.4500000000000e+00|-7.2599050000004e-01|+3.0266880171146e-02|+3.1132820389998e-01
+0000000000000000009|+0000000000000000001|+0000000000000000000|+2.4400000000000e+00|-7.6516290000005e-01|+3.0562441985751e-02|+3.3302490299374e-01
+0000000000000000009|+0000000000000000001|+0000000000000000000|+2.4300000000000e+00|-7.4473200000005e-01|+3.0296903286516e-02|+3.2192023999998e-01
+0000000000000000009|+0000000000000000001|+0000000000000000000|+2.4200000000000e+00|-7.6306940000004e-01|+3.0408035062102e-02|+3.3364069510001e-01
+0000000000000000009|+0000000000000000001|+0000000000000000000|+2.4100000000000e+00|-7.6616320000004e-01|+3.0150960988689e-02|+3.1351768960000e-01
+0000000000000000009|+0000000000000000001|+0000000000000000000|+2.4000000000000e+00|-7.6944000000004e-01|+3.0299976526357e-02|+3.3564439000001e-01
+0000000000000000009|+0000000000000000001|+0000000000000000000|+2.3900000000000e+00|-7.7910990000005e-01|+3.0304056455465e-02|+3.4013189190000e-01
+0000000000000000009|+0000000000000000001|+0000000000000000000|+2.3800000000000e+00|-7.6762580000004e-01|+3.0195393027637e-02|+3.4156423190002e-01
+0000000000000000009|+0000000000000000001|+0000000000000000000|+2.3700000000000e+00|-7.7284020000004e-01|+3.0086895158066e-02|+3.3598178840001e-01
+0000000000000000009|+0000000000000000001|+0000000000000000000|+2.3600000000000e+00|-7.5964900000005e-01|+2.9978317745221e-02|+3.3814367437499e-01
+0000000000000000009|+0000000000000000001|+0000000000000000000|+2.3500000000000e+00|-7.8984250000006e-01|+3.0081489401621e-02|+3.4484839749998e-01
+0000000000000000009|+0000000000000000001|+0000000000000000000|+2.3400000000000e+00|-7.8371640000004e-01|+3.0090041912556e-02|+3.5691146840003e-01
+0000000000000000009|+0000000000000000001|+0000000000000000000|+2.3300000000000e+00|-7.3202720000004e-01|+2.9707747980536e-02|+3.4564957440001e-01
+0000000000000000009|+0000000000000000001|+0000000000000000000|+2.3200000000000e+00|-7.6732240000006e-01|+2.9700091982892e-02|+3.3811767509999e-01
+0000000000000000009|+0000000000000000001|+0000000000000000000|+2.3100000000000e+00|-7.9715565000004e-01|+2.9985892102618e-02|+3.6575561677501e-01
+0000000000000000009|+0000000000000000001|+0000000000000000000|+2.3000000000000e+00|-7.9722400000005e-01|+2.9967179589806e-02|+3.7255298559999e-01
+0000000000000000009|+0000000000000000001|+0000000000000000000|+2.2900000000000e+00|-8.1186740000004e-01|+2.9788664416763e-02|+3.5489055640001e-01
+0000000000000000009|+0000000000000000001|+0000000000000000000|+2.2800000000000e+00|-8.2578840000004e-01|+2.9970691938627e-02|+3.7871805910000e-01
+0000000000000000009|+0000000000000000001|+0000000000000000000|+2.2700000000000e+00|-8.0715655000005e-01|+2.9693215159896e-02|+3.6411403477501e-01
+0000000000000000009|+0000000000000000001|+0000000000000000000|+2.2600000000000e+00|-8.0823200000006e-01|+2.9763463820521e-02|+3.8102975999999e-01
+0000000000000000009|+0000000000000000001|+0000000000000000000|+2.2500000000000e+00|-8.0457750000005e-01|+2.9548350252589e-02|+3.6688939189999e-01
+0000000000000000009|+0000000000000000001|+0000000000000000000|+2.2400000000000e+00|-8.1349120000004e-01|+2.9585750340571e-02|+3.7668818310002e-01
+0000000000000000009|+0000000000000000001|+0000000000000000000|+2.2300000000000e+00|-8.3009830000005e-01|+2.9631199950977e-02|+3.8419893590000e-01
+0000000000000000009|+0000000000000000001|+0000000000000000000|+2.2200000000000e+00|-8.4543480000006e-01|+2.9645556904861e-02|+3.8873596439999e-01
+0000000000000000009|+0000000000000000001|+0000000000000000000|+2.2100000000000e+00|-8.2203260000005e-01|+2.9577135279585e-02|+4.0089319640000e-01
+0000000000000000009|+0000000000000000001|+0000000000000000000|+2.2000000000000e+00|-8.2542400000005e-01|+2.9419014087175e-02|+3.9007967359999e-01
+0000000000000000009|+0000000000000000001|+0000000000000000000|+2.1900000000000e+00|-8.6234040000004e-01|+2.9722168537694e-02|+4.2058425440001e-01
+0000000000000000009|+0000000000000000001|+0000000000000000000|+2.1800000000000e+00|-8.1802300000005e-01|+2.9363211380321e-02|+4.0670597750001e-01
+0000000000000000009|+0000000000000000001|+0000000000000000000|+2.1700000000000e+00|-8.5483600000006e-01|+2.9446312299526e-02|+4.1039136000001e-01
+0000000000000000009|+0000000000000000001|+0000000000000000000|+2.1600000000000e+00|-8.5226760000005e-01|+2.9366142239492e-02|+4.1193902477504e-01
+0000000000000000009|+0000000000000000001|+0000000000000000000|+2.1500000000000e+00|-8.5711550000006e-01|+2.9299533797214e-02|+4.1178367110002e-01
+0000000000000000009|+0000000000000000001|+0000000000000000000|+2.1400000000000e+00|-8.7328720000005e-01|+2.9413963703617e-02|+4.2953812960000e-01
+0000000000000000009|+0000000000000000001|+0000000000000000000|+2.1300000000000e+00|-8.8329390000007e-01|+2.9368914365965e-02|+4.2993073909997e-01
+0000000000000000009|+0000000000000000001|+0000000000000000000|+2.1200000000000e+00|-8.5486720000006e-01|+2.9200133201997e-02|+4.3238400639999e-01
+0000000000000000009|+0000000000000000001|+0000000000000000000|+2.1100000000000e+00|-8.6786260000006e-01|+2.9150639243917e-02|+4.3082092440000e-01
+0000000000000000009|+0000000000000000001|+0000000000000000000|+2.1000000000000e+00|-8.6627400000006e-01|+2.9159881096448e-02|+4.4398207640000e-01
+0000000000000000009|+0000000000000000001|+0000000000000000000|+2.0900000000000e+00|-9.0431160000007e-01|+2.9216002527569e-02|+4.4467462239997e-01
+0000000000000000009|+0000000000000000001|+0000000000000000000|+2.0800000000000e+00|-8.8522560000006e-01|+2.9200440624822e-02|+4.6332641759999e-01
+0000000000000000009|+0000000000000000001|+0000000000000000000|+2.0700000000000e+00|-8.8570845000006e-01|+2.9080938468490e-02|+4.5864492277498e-01
+0000000000000000009|+0000000000000000001|+0000000000000000000|+2.0600000000000e+00|-8.9700020000007e-01|+2.9026656707240e-02|+4.5758437109998e-01
+0000000000000000009|+0000000000000000001|+0000000000000000000|+2.0500000000000e+00|-8.7999125000006e-01|+2.8833002149337e-02|+4.5118541937499e-01
+0000000000000000009|+0000000000000000001|+0000000000000000000|+2.0400000000000e+00|-9.2640240000006e-01|+2.9075885349174e-02|+4.7418415639998e-01
+0000000000000000009|+0000000000000000001|+0000000000000000000|+2.0300000000000e+00|-9.1280090000008e-01|+2.8921163516807e-02|+4.7150251909997e-01
+0000000000000000009|+0000000000000000001|+0000000000000000000|+2.0200000000000e+00|-9.2004660000007e-01|+2.8881675604117e-02|+4.7475335110001e-01
+0000000000000000009|+0000000000000000001|+0000000000000000000|+2.0100000000000e+00|-9.3172146000008e-01|+2.8918856827779e-02|+4.8684596108397e-01
+0000000000000000009|+0000000000000000001|+0000000000000000000|+2.0000000000000e+00|-9.1208000000008e-01|+2.8829153982938e-02|+4.9655251839999e-01
+0000000000000000009|+0000000000000000001|+0000000000000000000|+1.9900000000000e+00|-9.1880635000006e-01|+2.8669203219506e-02|+4.8293870677501e-01
+0000000000000000009|+0000000000000000001|+0000000000000000000|+1.9800000000000e+00|-9.1366380000007e-01|+2.8605086246206e-02|+4.8914320390000e-01
+0000000000000000009|+0000000000000000001|+0000000000000000000|+1.9700000000000e+00|-9.3212130000008e-01|+2.8536668098862e-02|+4.8283154923332e-01
+0000000000000000009|+0000000000000000001|+0000000000000000000|+1.9600000000000e+00|-9.2251480000007e-01|+2.8530214091201e-02|+4.9999692310000e-01
+0000000000000000009|+0000000000000000001|+0000000000000000000|+1.9500000000000e+00|-9.4111650000007e-01|+2.8459907281561e-02|+4.9340593910000e-01
+0000000000000000009|+0000000000000000001|+0000000000000000000|+1.9400000000000e+00|-9.3972860000005e-01|+2.8409070709266e-02|+5.0001924390002e-01
+0000000000000000009|+0000000000000000001|+0000000000000000000|+1.9300000000000e+00|-9.4435265000006e-01|+2.8434602289369e-02|+5.1527743897501e-01
+0000000000000000009|+0000000000000000001|+0000000000000000000|+1.9200000000000e+00|-9.6329280000007e-01|+2.8359021844183e-02|+5.0781651189997e-01
+0000000000000000009|+0000000000000000001|+0000000000000000000|+1.9100000000000e+00|-9.5222960000008e-01|+2.8366986295332e-02|+5.2898656639999e-01
+0000000000000000009|+0000000000000000001|+0000000000000000000|+1.9000000000000e+00|-9.9499100000006e-01|+2.8638798666684e-02|+5.6385174790005e-01
+0000000000000000009|+0000000000000000001|+0000000000000000000|+1.8900000000000e+00|-9.9002700000007e-01|+2.8230923255004e-02|+5.1661551000005e-01
+0000000000000000009|+0000000000000000001|+0000000000000000000|+1.8800000000000e+00|-9.7757460000007e-01|+2.8195768808128e-02|+5.3230492797502e-01
+0000000000000000009|+0000000000000000001|+0000000000000000000|+1.8700000000000e+00|-1.0059505000001e+00|+2.8372139388568e-02|+5.6059667749997e-01
+0000000000000000009|+0000000000000000001|+0000000000000000000|+1.8600000000000e+00|-1.0000338000001e+00|+2.8300126897313e-02|+5.6743787110001e-01
+0000000000000000009|+0000000000000000001|+0000000000000000000|+1.8500000000000e+00|-1.0056115000001e+00|+2.8130771588028e-02|+5.5214915589997e-01
+0000000000000000009|+0000000000000000001|+0000000000000000000|+1.8400000000000e+00|-1.0030280000001e+00|+2.8123582401791e-02|+5.6799279750000e-01
+0000000000000000009|+0000000000000000001|+0000000000000000000|+1.8300000000000e+00|-1.0202466000001e+00|+2.8202592016312e-02|+5.8780951960002e-01
+0000000000000000009|+0000000000000000001|+0000000000000000000|+1.8200000000000e+00|-9.8939980000007e-01|+2.7976057462680e-02|+5.8269158790001e-01
+0000000000000000009|+0000000000000000001|+0000000000000000000|+1.8100000000000e+00|-1.0356206000001e+00|+2.8102208238791e-02|+5.9509113239998e-01
+0000000000000000009|+0000000000000000001|+0000000000000000000|+1.8000000000000e+00|-1.0310400000001e+00|+2.8015960116372e-02|+5.9947016000000e-01
+0000000000000000009|+0000000000000000001|+0000000000000000000|+1.7900000000000e+00|-1.0250556000001e+00|+2.7826752643943e-02|+5.8679747040002e-01
+0000000000000000009|+0000000000000000001|+0000000000000000000|+1.7800000000000e+00|-1.0134520000001e+00|+2.7799636054202e-02|+6.0550443999997e-01
+0000000000000000009|+0000000000000000001|+0000000000000000000|+1.7700000000000e+00|-1.0362174000001e+00|+2.7851329771678e-02|+6.1910217559999e-01
+0000000000000000009|+0000000000000000001|+0000000000000000000|+1.7600000000000e+00|-1.0708208000001e+00|+2.7878719233985e-02|+6.2203255109993e-01
+0000000000000000009|+0000000000000000001|+0000000000000000000|+1.7500000000000e+00|-1.0750000000001e+00|+2.7910686137035e-02|+6.4343999999996e-01
+0000000000000000009|+0000000000000000001|+0000000000000000000|+1.7400000000000e+00|-1.0628295000001e+00|+2.7764747762493e-02|+6.4199959437504e-01
+0000000000000000009|+0000000000000000001|+0000000000000000000|+1.7300000000000e+00|-1.0791255000001e+00|+2.7693746474329e-02|+6.3793707749999e-01
+0000000000000000009|+0000000000000000001|+0000000000000000000|+1.7200000000000e+00|-1.0711136000001e+00|+2.7669188365184e-02|+6.5669242560000e-01
+0000000000000000009|+0000000000000000001|+0000000000000000000|+1.7100000000000e+00|-1.0590552000001e+00|+2.7444877661712e-02|+6.4053058559999e-01
+0000000000000000009|+0000000000000000001|+0000000000000000000|+1.7000000000000e+00|-1.0875080000001e+00|+2.7442809363697e-02|+6.4240870240000e-01
+0000000000000000009|+0000000000000000001|+0000000000000000000|+1.6900000000000e+00|-1.0947804000001e+00|+2.7449034755255e-02|+6.5861236106667e-01
+0000000000000000009|+0000000000000000001|+0000000000000000000|+1.6800000000000e+00|-1.0912680000001e+00|+2.7444704122946e-02|+6.7957567749998e-01
+0000000000000000009|+0000000000000000001|+0000000000000000000|+1.6700000000000e+00|-1.0950935000001e+00|+2.7404338614594e-02|+6.8949069750000e-01
+0000000000000000009|+0000000000000000001|+0000000000000000000|+1.6600000000000e+00|-1.1221987000001e+00|+2.7404527439536e-02|+6.9367121197502e-01
+0000000000000000009|+0000000000000000001|+0000000000000000000|+1.6500000000000e+00|-1.1083770000001e+00|+2.7244797310407e-02|+6.9080825559998e-01
+0000000000000000009|+0000000000000000001|+0000000000000000000|+1.6400000000000e+00|-1.1291708000001e+00|+2.7223401921949e-02|+6.9473337910001e-01
+0000000000000000009|+0000000000000000001|+0000000000000000000|+1.6300000000000e+00|-1.1354366500001e+00|+2.7334639044313e-02|+7.3499792797507e-01
+0000000000000000009|+0000000000000000001|+0000000000000000000|+1.6200000000000e+00|-1.1386026000001e+00|+2.7308893963255e-02|+7.4968560709995e-01
+0000000000000000009|+0000000000000000001|+0000000000000000000|+1.6100000000000e+00|-1.1344615000001e+00|+2.7009096301619e-02|+7.1185537750004e-01
+0000000000000000009|+0000000000000000001|+0000000000000000000|+1.6000000000000e+00|-1.1316160000001e+00|+2.6927713475706e-02|+7.1863547989997e-01
+0000000000000000009|+0000000000000000001|+0000000000000000000|+1.5900000000000e+00|-1.1683171500001e+00|+2.7161003887280e-02|+7.6790448677499e-01
+0000000000000000009|+0000000000000000001|+0000000000000000000|+1.5800000000000e+00|-1.1707395000001e+00|+2.7167305854000e-02|+7.9118674937504e-01
+0000000000000000009|+0000000000000000001|+0000000000000000000|+1.5700000000000e+00|-1.1793510000001e+00|+2.7022248506951e-02|+7.7780351000009e-01
+0000000000000000009|+0000000000000000001|+0000000000000000000|+1.5600000000000e+00|-1.1774682000001e+00|+2.6970489237830e-02|+7.9162356097498e-01
+0000000000000000009|+0000000000000000001|+0000000000000000000|+1.5500000000000e+00|-1.1739965000001e+00|+2.6870388833778e-02|+7.9594645909996e-01
+0000000000000000009|+0000000000000000001|+0000000000000000000|+1.5400000000000e+00|-1.2007550000001e+00|+2.6869155694780e-02|+8.0309943750002e-01
+0000000000000000009|+0000000000000000001|+0000000000000000000|+1.5300000000000e+00|-1.2165363000001e+00|+2.6836112096754e-02|+8.1047819590003e-01
+0000000000000000009|+0000000000000000001|+0000000000000000000|+1.5200000000000e+00|-1.2010232000001e+00|+2.6729007285892e-02|+8.2155843189994e-01
+0000000000000000009|+0000000000000000001|+0000000000000000000|+1.5100000000000e+00|-1.2211427000001e+00|+2.6649330982370e-02|+8.1563648710009e-01
+0000000000000000009|+0000000000000000001|+0000000000000000000|+1.5000000000000e+00|-1.2459150000001e+00|+2.6773573980773e-02|+8.5495702790002e-01
+0000000000000000009|+0000000000000000001|+0000000000000000000|+1.4900000000000e+00|-1.2426792000001e+00|+2.6686185887843e-02|+8.6334895360000e-01
+0000000000000000009|+0000000000000000001|+0000000000000000000|+1.4800000000000e+00|-1.2694104000001e+00|+2.6682171888114e-02|+8.7196111959996e-01
+0000000000000000009|+0000000000000000001|+0000000000000000000|+1.4700000000000e+00|-1.2695328000001e+00|+2.6586777519029e-02|+8.7655482239999e-01
+0000000000000000009|+0000000000000000001|+0000000000000000000|+1.4600000000000e+00|-1.2761044000001e+00|+2.6563213684760e-02|+8.9473878039997e-01
+0000000000000000009|+0000000000000000001|+0000000000000000000|+1.4500000000000e+00|-1.2924853333334e+00|+2.6559619336815e-02|+9.1168829795571e-01
+0000000000000000009|+0000000000000000001|+0000000000000000000|+1.4400000000000e+00|-1.3094640000001e+00|+2.6533566361965e-02|+9.2301757749998e-01
+0000000000000000009|+0000000000000000001|+0000000000000000000|+1.4300000000000e+00|-1.2914236000001e+00|+2.6272124950055e-02|+8.9848868960001e-01
+0000000000000000009|+0000000000000000001|+0000000000000000000|+1.4200000000000e+00|-1.3123114000001e+00|+2.6199693642059e-02|+8.9519483110004e-01
+0000000000000000009|+0000000000000000001|+0000000000000000000|+1.4100000000000e+00|-1.3238048000001e+00|+2.6353441591908e-02|+9.5834191715553e-01
+0000000000000000009|+0000000000000000001|+0000000000000000000|+1.4000000000000e+00|-1.3295830000001e+00|+2.6259464018829e-02|+9.6096364597496e-01
+0000000000000000009|+0000000000000000001|+0000000000000000000|+1.3900000000000e+00|-1.3326508666668e+00|+2.6172817457456e-02|+9.6764868048885e-01
+0000000000000000009|+0000000000000000001|+0000000000000000000|+1.3800000000000e+00|-1.3367649000001e+00|+2.6080048050252e-02|+9.7210319897504e-01
+0000000000000000009|+0000000000000000001|+0000000000000000000|+1.3700000000000e+00|-1.3525931000001e+00|+2.6093658995765e-02|+9.9768606310002e-01
+0000000000000000009|+0000000000000000001|+0000000000000000000|+1.3600000000000e+00|-1.3893192000001e+00|+2.6122281167779e-02|+1.0129645591000e+00
+0000000000000000009|+0000000000000000001|+0000000000000000000|+1.3500000000000e+00|-1.3682767500001e+00|+2.5955749698000e-02|+1.0160011579750e+00
+0000000000000000009|+0000000000000000001|+0000000000000000000|+1.3400000000000e+00|-1.3924014000001e+00|+2.6052723722659e-02|+1.0614543959000e+00
+0000000000000000009|+0000000000000000001|+0000000000000000000|+1.3300000000000e+00|-1.3942798000001e+00|+2.5886460814808e-02|+1.0478411964000e+00
+0000000000000000009|+0000000000000000001|+0000000000000000000|+1.3200000000000e+00|-1.4072382000001e+00|+2.5959683491191e-02|+1.0966616967750e+00
+0000000000000000009|+0000000000000000001|+0000000000000000000|+1.3100000000000e+00|-1.4262530000001e+00|+2.5857090169049e-02|+1.0892903100000e+00
+0000000000000000009|+0000000000000000001|+0000000000000000000|+1.3000000000000e+00|-1.4349410000001e+00|+2.5844438592327e-02|+1.1173129151001e+00
+0000000000000000009|+0000000000000000001|+0000000000000000000|+1.2900000000000e+00|-1.4389356000001e+00|+2.5733663595561e-02|+1.1194190704000e+00
+0000000000000000009|+0000000000000000001|+0000000000000000000|+1.2800000000000e+00|-1.4584928000001e+00|+2.5715095182536e-02|+1.1383844924001e+00
+0000000000000000009|+0000000000000000001|+0000000000000000000|+1.2700000000000e+00|-1.4687759000001e+00|+2.5624488699291e-02|+1.1424404511000e+00
+0000000000000000009|+0000000000000000001|+0000000000000000000|+1.2600000000000e+00|-1.4727834000001e+00|+2.5551231661359e-02|+1.1572779318999e+00
+0000000000000000009|+0000000000000000001|+0000000000000000000|+1.2500000000000e+00|-1.4997166666668e+00|+2.5585209638920e-02|+1.1892666152888e+00
+0000000000000000009|+0000000000000000001|+0000000000000000000|+1.2400000000000e+00|-1.4805338000001e+00|+2.5359443346463e-02|+1.1735878349749e+00
+0000000000000000009|+0000000000000000001|+0000000000000000000|+1.2300000000000e+00|-1.4940093000001e+00|+2.5361893344441e-02|+1.2072719119000e+00
+0000000000000000009|+0000000000000000001|+0000000000000000000|+1.2200000000000e+00|-1.5160912000001e+00|+2.5337756134214e-02|+1.2259779584000e+00
+0000000000000000009|+0000000000000000001|+0000000000000000000|+1.2100000000000e+00|-1.5461572000001e+00|+2.5291721258255e-02|+1.2312832176000e+00
+0000000000000000009|+0000000000000000001|+0000000000000000000|+1.2000000000000e+00|-1.5487560000001e+00|+2.5223156543325e-02|+1.2520367031001e+00
+0000000000000000009|+0000000000000000001|+0000000000000000000|+1.1900000000000e+00|-1.5776826000001e+00|+2.5340976383600e-02|+1.3177504284000e+00
+0000000000000000009|+0000000000000000001|+0000000000000000000|+1.1800000000000e+00|-1.5914546000002e+00|+2.5219727521913e-02|+1.3119750790998e+00
+0000000000000000009|+0000000000000000001|+0000000000000000000|+1.1700000000000e+00|-1.5885184500001e+00|+2.5064485161133e-02|+1.3080497837750e+00
+0000000000000000009|+0000000000000000001|+0000000000000000000|+1.1600000000000e+00|-1.5946924000001e+00|+2.4912603997215e-02|+1.2974989278999e+00
+0000000000000000009|+0000000000000000001|+0000000000000000000|+1.1500000000000e+00|-1.6010241666668e+00|+2.4973113240312e-02|+1.3665500197222e+00
+0000000000000000009|+0000000000000000001|+0000000000000000000|+1.1400000000000e+00|-1.6327659000002e+00|+2.4985674535080e-02|+1.3972467757748e+00
+0000000000000000009|+0000000000000000001|+0000000000000000000|+1.1300000000000e+00|-1.6337083000001e+00|+2.4807609395094e-02|+1.3822296519000e+00
+0000000000000000009|+0000000000000000001|+0000000000000000000|+1.1200000000000e+00|-1.6666792000001e+00|+2.4931377919988e-02|+1.4576162087750e+00
+0000000000000000009|+0000000000000000001|+0000000000000000000|+1.1100000000000e+00|-1.6691214000002e+00|+2.4789244580481e-02|+1.4562350523999e+00
+0000000000000000009|+0000000000000000001|+0000000000000000000|+1.1000000000000e+00|-1.6682220000002e+00|+2.4541222525211e-02|+1.4149335195998e+00
+0000000000000000009|+0000000000000000001|+0000000000000000000|+1.0900000000000e+00|-1.6852161000001e+00|+2.4626925034884e-02|+1.4938661159000e+00
+0000000000000000009|+0000000000000000001|+0000000000000000000|+1.0800000000000e+00|-1.7298108000002e+00|+2.4632504713269e-02|+1.5164612998999e+00
+0000000000000000009|+0000000000000000001|+0000000000000000000|+1.0700000000000e+00|-1.7327540000001e+00|+2.4585878574722e-02|+1.5569071600002e+00
+0000000000000000009|+0000000000000000001|+0000000000000000000|+1.0600000000000e+00|-1.7493376000002e+00|+2.4490810041734e-02|+1.5647028383999e+00
+0000000000000000009|+0000000000000000001|+0000000000000000000|+1.0500000000000e+00|-1.7613885000001e+00|+2.4311704559835e-02|+1.5401730631001e+00
+0000000000000000009|+0000000000000000001|+0000000000000000000|+1.0400000000000e+00|-1.7691840000002e+00|+2.4339632092197e-02|+1.6120868400000e+00
+0000000000000000009|+0000000000000000001|+0000000000000000000|+1.0300000000000e+00|-1.8024526000002e+00|+2.4313207188270e-02|+1.6370092635998e+00
+0000000000000000009|+0000000000000000001|+0000000000000000000|+1.0200000000000e+00|-1.8061983000002e+00|+2.4215633739374e-02|+1.6590354777749e+00
+0000000000000000009|+0000000000000000001|+0000000000000000000|+1.0100000000000e+00|-1.8286224000002e+00|+2.4196218252438e-02|+1.7003977023999e+00
+0000000000000000009|+0000000000000000001|+0000000000000000000|+1.0000000000000e+00|-1.8537366666668e+00|+2.4055908610419e-02|+1.6825520373222e+00
+0000000000000000009|+0000000000000000001|+0000000000000000000|+9.9000000000004e-01|-1.8637569000002e+00|+2.3971908716476e-02|+1.7073054705668e+00
+0000000000000000009|+0000000000000000001|+0000000000000000000|+9.8000000000004e-01|-1.8486344000002e+00|+2.3929806574187e-02|+1.7795940016000e+00
+0000000000000000009|+0000000000000000001|+0000000000000000000|+9.7000000000004e-01|-1.8865359000002e+00|+2.3824173262137e-02|+1.7673556191001e+00
+0000000000000000009|+0000000000000000001|+0000000000000000000|+9.6000000000004e-01|-1.9205232000002e+00|+2.3791775416811e-02|+1.7971109529750e+00
+0000000000000000009|+0000000000000000001|+0000000000000000000|+9.5000000000004e-01|-1.9477840000002e+00|+2.3874059688437e-02|+1.8961135616000e+00
+0000000000000000009|+0000000000000000001|+0000000000000000000|+9.4000000000004e-01|-1.9592542000002e+00|+2.3685701797187e-02|+1.8706029151000e+00
+0000000000000000009|+0000000000000000001|+0000000000000000000|+9.3000000000004e-01|-1.9721349000002e+00|+2.3642736284495e-02|+1.9223555951001e+00
+0000000000000000009|+0000000000000000001|+0000000000000000000|+9.2000000000004e-01|-1.9811444000002e+00|+2.3511802413260e-02|+1.9315251351002e+00
+0000000000000000009|+0000000000000000001|+0000000000000000000|+9.1000000000004e-01|-2.0205936000002e+00|+2.3428973354443e-02|+1.9350064384000e+00
+0000000000000000009|+0000000000000000001|+0000000000000000000|+9.0000000000004e-01|-2.0317230000002e+00|+2.3275186756694e-02|+1.9299391990998e+00
+0000000000000000009|+0000000000000000001|+0000000000000000000|+8.9000000000004e-01|-2.0430734200002e+00|+2.3270891492766e-02|+2.0123305523159e+00
+0000000000000000009|+0000000000000000001|+0000000000000000000|+8.8000000000004e-01|-2.0656388000002e+00|+2.3216746570647e-02|+2.0556199017752e+00
+0000000000000000009|+0000000000000000001|+0000000000000000000|+8.7000000000004e-01|-2.0855841000002e+00|+2.3083625632903e-02|+2.0558154351002e+00
+0000000000000000009|+0000000000000000001|+0000000000000000000|+8.6000000000004e-01|-2.1239944000002e+00|+2.3039743233242e-02|+2.0904971183998e+00
+0000000000000000009|+0000000000000000001|+0000000000000000000|+8.5000000000004e-01|-2.1342617500002e+00|+2.2990098770186e-02|+2.1568102179751e+00
+0000000000000000009|+0000000000000000001|+0000000000000000000|+8.4000000000004e-01|-2.1507264000002e+00|+2.2917660865636e-02|+2.2038781184002e+00
+0000000000000000009|+0000000000000000001|+0000000000000000000|+8.3000000000004e-01|-2.1673409250003e+00|+2.2786635960248e-02|+2.2142482004931e+00
+0000000000000000009|+0000000000000000001|+0000000000000000000|+8.2000000000004e-01|-2.1942975000002e+00|+2.2617616872888e-02|+2.1872849843750e+00
+0000000000000000009|+0000000000000000001|+0000000000000000000|+8.1000000000004e-01|-2.2029952500002e+00|+2.2607291333991e-02|+2.2915088743752e+00
+0000000000000000009|+0000000000000000001|+0000000000000000000|+8.0000000000004e-01|-2.2478400000002e+00|+2.2460989805579e-02|+2.2596627099997e+00
+0000000000000000009|+0000000000000000001|+0000000000000000000|+7.9000000000004e-01|-2.2595886000002e+00|+2.2288461445924e-02|+2.2507344444000e+00
+0000000000000000009|+0000000000000000001|+0000000000000000000|+7.8000000000004e-01|-2.2865814000003e+00|+2.2337642067657e-02|+2.3844018230996e+00
+0000000000000000009|+0000000000000000001|+0000000000000000000|+7.7000000000004e-01|-2.2807339000002e+00|+2.2090618691711e-02|+2.3457602351002e+00
+0000000000000000009|+0000000000000000001|+0000000000000000000|+7.6000000000004e-01|-2.3266516000003e+00|+2.1990212453866e-02|+2.3492999518999e+00
+0000000000000000009|+0000000000000000001|+0000000000000000000|+7.5000000000004e-01|-2.3828250000003e+00|+2.2019669923136e-02|+2.4418755899995e+00
+0000000000000000009|+0000000000000000001|+0000000000000000000|+7.4000000000004e-01|-2.3773828000003e+00|+2.1866784405863e-02|+2.4777596315997e+00
+0000000000000000009|+0000000000000000001|+0000000000000000000|+7.3000000000004e-01|-2.3965303000003e+00|+2.1846145273814e-02|+2.5897846879000e+00
+0000000000000000009|+0000000000000000001|+0000000000000000000|+7.2000000000004e-01|-2.4420168000003e+00|+2.1604249739635e-02|+2.4859514438999e+00
+0000000000000000009|+0000000000000000001|+0000000000000000000|+7.1000000000004e-01|-2.4462808000003e+00|+2.1522620622848e-02|+2.5737143296002e+00
+0000000000000000009|+0000000000000000001|+0000000000000000000|+7.0000000000004e-01|-2.4849890000003e+00|+2.1513889274864e-02|+2.6806513670997e+00
+0000000000000000009|+0000000000000000001|+0000000000000000000|+6.9000000000004e-01|-2.5226334000003e+00|+2.1370545387086e-02|+2.6747077403998e+00
+0000000000000000009|+0000000000000000001|+0000000000000000000|+6.8000000000004e-01|-2.5390768000003e+00|+2.1251592001224e-02|+2.7233515824000e+00
+0000000000000000009|+0000000000000000001|+0000000000000000000|+6.7000000000004e-01|-2.5791188000003e+00|+2.1147923472896e-02|+2.7542656304005e+00
+0000000000000000009|+0000000000000000001|+0000000000000000000|+6.6000000000004e-01|-2.5811538000003e+00|+2.0961244081637e-02|+2.7656947951005e+00
+0000000000000000009|+0000000000000000001|+0000000000000000000|+6.5000000000004e-01|-2.6160646666670e+00|+2.0859627434852e-02|+2.8115110291547e+00
+0000000000000000009|+0000000000000000001|+0000000000000000000|+6.4000000000004e-01|-2.6423648000003e+00|+2.0705506875556e-02|+2.8213817376007e+00
+0000000000000000009|+0000000000000000001|+0000000000000000000|+6.3000000000004e-01|-2.6844246000003e+00|+2.0736151467649e-02|+3.0001569435997e+00
+0000000000000000009|+0000000000000000001|+0000000000000000000|+6.2000000000004e-01|-2.6960779000003e+00|+2.0398078386784e-02|+2.8455557729750e+00
+0000000000000000009|+0000000000000000001|+0000000000000000000|+6.1000000000004e-01|-2.7241352000003e+00|+2.0387019818254e-02|+3.0144253376003e+00
+0000000000000000009|+0000000000000000001|+0000000000000000000|+6.0000000000004e-01|-2.7706210000003e+00|+2.0178051759604e-02|+2.9409943732204e+00
+0000000000000000009|+0000000000000000001|+0000000000000000000|+5.9000000000004e-01|-2.8064593000003e+00|+2.0081827360164e-02|+3.0137421271009e+00
+0000000000000000009|+0000000000000000001|+0000000000000000000|+5.8000000000004e-01|-2.8269430000004e+00|+1.9907882388305e-02|+3.0267971108328e+00
+0000000000000000009|+0000000000000000001|+0000000000000000000|+5.7000000000004e-01|-2.8712020500004e+00|+1.9769223529960e-02|+3.0432317607752e+00
+0000000000000000009|+0000000000000000001|+0000000000000000000|+5.6000000000004e-01|-2.8865496000004e+00|+1.9547789079071e-02|+3.0111947919001e+00
+0000000000000000009|+0000000000000000001|+0000000000000000000|+5.5000000000004e-01|-2.9140682500004e+00|+1.9458778008611e-02|+3.1266916837754e+00
+0000000000000000009|+0000000000000000001|+0000000000000000000|+5.4000000000004e-01|-2.9451645000004e+00|+1.9231791964771e-02|+3.0619325443750e+00
+0000000000000000009|+0000000000000000001|+0000000000000000000|+5.3000000000004e-01|-2.9734150000004e+00|+1.9135674275566e-02|+3.1789397499998e+00
+0000000000000000009|+0000000000000000001|+0000000000000000000|+5.2000000000004e-01|-3.0305168000004e+00|+1.8892627367011e-02|+3.0439645744008e+00
+0000000000000000009|+0000000000000000001|+0000000000000000000|+5.1000000000004e-01|-3.0360505500004e+00|+1.8724398586998e-02|+3.1133973119744e+00
+0000000000000000009|+0000000000000000001|+0000000000000000000|+5.0000000000004e-01|-3.0814700000004e+00|+1.8536737171696e-02|+3.0801105563996e+00
+0000000000000000009|+0000000000000000001|+0000000000000000000|+4.9000000000004e-01|-3.1082643333338e+00|+1.8368881990894e-02|+3.1164986122219e+00
+0000000000000000009|+0000000000000000001|+0000000000000000000|+4.8000000000004e-01|-3.1369392000005e+00|+1.8229713091388e-02|+3.1994846159002e+00
+0000000000000000009|+0000000000000000001|+0000000000000000000|+4.7000000000004e-01|-3.1588046500005e+00|+1.7975095861247e-02|+3.1171544709742e+00
+0000000000000000009|+0000000000000000001|+0000000000000000000|+4.6000000000004e-01|-3.1898634000005e+00|+1.7785594772330e-02|+3.1220242092322e+00
+0000000000000000009|+0000000000000000001|+0000000000000000000|+4.5000000000004e-01|-3.2228167500005e+00|+1.7575830828867e-02|+3.0914659057760e+00
+0000000000000000009|+0000000000000000001|+0000000000000000000|+4.4000000000004e-01|-3.2415762000005e+00|+1.7348825681719e-02|+3.0641684689753e+00
+0000000000000000009|+0000000000000000001|+0000000000000000000|+4.3000000000004e-01|-3.2893500470593e+00|+1.7173129510433e-02|+3.0662430243817e+00
+0000000000000000009|+0000000000000000001|+0000000000000000000|+4.2000000000004e-01|-3.3076850000005e+00|+1.6926027316462e-02|+3.0067449930559e+00
+0000000000000000009|+0000000000000000001|+0000000000000000000|+4.1000000000004e-01|-3.3474085600006e+00|+1.6730740884163e-02|+2.9979742893448e+00
+0000000000000000009|+0000000000000000001|+0000000000000000000|+4.0000000000004e-01|-3.3938280000006e+00|+1.6597400338952e-02|+3.1058144150988e+00
+0000000000000000009|+0000000000000000001|+0000000000000000000|+3.9000000000004e-01|-3.4112634000006e+00|+1.6280846402385e-02|+2.9092820763991e+00
+0000000000000000009|+0000000000000000001|+0000000000000000000|+3.8000000000004e-01|-3.4356751875006e+00|+1.6051977798667e-02|+2.8798176956174e+00
+0000000000000000009|+0000000000000000001|+0000000000000000000|+3.7000000000004e-01|-3.4527360000006e+00|+1.5791822706607e-02|+2.8017161600009e+00
+0000000000000000009|+0000000000000000001|+0000000000000000000|+3.6000000000004e-01|-3.4819740000006e+00|+1.5549422702696e-02|+2.7321993775024e+00
+0000000000000000009|+0000000000000000001|+0000000000000000000|+3.5000000000004e-01|-3.5094495000007e+00|+1.5315618009421e-02|+2.6909359750979e+00
+0000000000000000009|+0000000000000000001|+0000000000000000000|+3.4000000000004e-01|-3.5441474000007e+00|+1.5120399153276e-02|+2.7337886078973e+00
+0000000000000000009|+0000000000000000001|+0000000000000000000|+3.3000000000004e-01|-3.5758200000007e+00|+1.4807203580956e-02|+2.4774373333371e+00
+0000000000000000009|+0000000000000000001|+0000000000000000000|+3.2000000000004e-01|-3.5854336000008e+00|+1.4486747011770e-02|+2.2569313670984e+00
+0000000000000000009|+0000000000000000001|+0000000000000000000|+3.1000000000004e-01|-3.6233499000008e+00|+1.4310593992811e-02|+2.3619952358982e+00
+0000000000000000009|+0000000000000000001|+0000000000000000000|+3.0000000000004e-01|-3.6431370000008e+00|+1.4050732444659e-02|+2.2899144359003e+00
+0000000000000000009|+0000000000000000001|+0000000000000000000|+2.9000000000004e-01|-3.6730629500009e+00|+1.3768991756739e-02|+2.1162128339704e+00
+0000000000000000009|+0000000000000000001|+0000000000000000000|+2.8000000000004e-01|-3.6899732000009e+00|+1.3515018013284e-02|+2.0814026438981e+00
+0000000000000000009|+0000000000000000001|+0000000000000000000|+2.7000000000004e-01|-3.7124505000009e+00|+1.3289555810274e-02|+2.1410794108315e+00
+0000000000000000009|+0000000000000000001|+0000000000000000000|+2.6000000000004e-01|-3.7351220000009e+00|+1.3012104272462e-02|+2.0243719100017e+00
+0000000000000000009|+0000000000000000001|+0000000000000000000|+2.5000000000004e-01|-3.7486975000010e+00|+1.2746671746519e-02|+1.9990328559011e+00
+0000000000000000009|+0000000000000000001|+0000000000000000000|+2.4000000000004e-01|-3.7653168000010e+00|+1.2378330593043e-02|+1.5347470076029e+00
+0000000000000000009|+0000000000000000001|+0000000000000000000|+2.3000000000004e-01|-3.7751087500011e+00|+1.2126698445946e-02|+1.6001149843748e+00
+0000000000000000009|+0000000000000000001|+0000000000000000000|+2.2000000000004e-01|-3.7950456000011e+00|+1.1882030721116e-02|+1.6895728496046e+00
+0000000000000000009|+0000000000000000001|+0000000000000000000|+2.1000000000004e-01|-3.8056755000012e+00|+1.1585899631752e-02|+1.5987440974940e+00
+0000000000000000009|+0000000000000000001|+0000000000000000000|+2.0000000000004e-01|-3.8311700000013e+00|+1.1236848748071e-02|+1.1576857774960e+00
+0000000000000000009|+0000000000000000001|+0000000000000000000|+1.9000000000004e-01|-3.8302394000013e+00|+1.0887693348707e-02|+8.3253841240510e-01
+0000000000000000009|+0000000000000000001|+0000000000000000000|+1.8000000000004e-01|-3.8443869000014e+00|+1.0608999189239e-02|+8.7674213297504e-01
+0000000000000000009|+0000000000000000001|+0000000000000000000|+1.7000000000004e-01|-3.8606619000015e+00|+1.0311260509667e-02|+8.4090269509920e-01
+0000000000000000009|+0000000000000000001|+0000000000000000000|+1.6000000000004e-01|-3.8663136000016e+00|+9.9731908785098e-03|+6.2248915840286e-01
+0000000000000000009|+0000000000000000001|+0000000000000000000|+1.5000000000004e-01|-3.8755215000017e+00|+9.6808266508755e-03|+8.1164902390452e-01
+0000000000000000009|+0000000000000000001|+0000000000000000000|+1.4000000000004e-01|-3.8849148000018e+00|+9.3437544835510e-03|+7.1847452757279e-01
+0000000000000000009|+0000000000000000001|+0000000000000000000|+1.3000000000004e-01|-3.8825394000019e+00|+8.9864231663628e-03|+6.0633937559599e-01
+0000000000000000009|+0000000000000000001|+0000000000000000000|+1.2000000000004e-01|-3.8895840000021e+00|+8.6561589867156e-03|+8.6568576000443e-01
+0000000000000000009|+0000000000000000001|+0000000000000000000|+1.1000000000004e-01|-3.8995885000023e+00|+8.2688926601680e-03|+5.9692137747454e-01
+0000000000000000009|+0000000000000000001|+0000000000000000000|+1.0000000000004e-01|-3.9065480000025e+00|+7.8793995242845e-03|+5.1324836955834e-01
+0000000000000000009|+0000000000000000001|+0000000000000000000|+9.0000000000041e-02|-3.9076587000028e+00|+7.4597620696975e-03|+2.7599633510245e-01
+0000000000000000009|+0000000000000000001|+0000000000000000000|+8.0000000000041e-02|-3.9162108000032e+00|+7.0566153202754e-03|+7.2055280674472e-01
+0000000000000000009|+0000000000000000001|+0000000000000000000|+7.0000000000041e-02|-3.9193884000036e+00|+6.5887914682383e-03|+4.5329182566739e-01
+0000000000000000009|+0000000000000000001|+0000000000000000000|+6.0000000000041e-02|-3.9261600000042e+00|+6.0956233727579e-03|+2.6652400008797e-01
+0000000000000000009|+0000000000000000001|+0000000000000000000|+5.0000000000041e-02|-3.9330260000050e+00|+5.5749288170913e-03|+6.4637332981530e-01
+0000000000000000009|+0000000000000000001|+0000000000000000000|+4.0000000000041e-02|-3.9370544800063e+00|+4.9834915059628e-03|+5.2803844496370e-01
+0000000000000000009|+0000000000000000001|+0000000000000000000|+3.0000000000041e-02|-3.9423412440084e+00|+4.3128093134472e-03|+2.3822677431113e-01
+0000000000000000009|+0000000000000000001|+0000000000000000000|+2.0000000000041e-02|-3.9474094174040e+00|+3.5235037966223e-03|+4.7546655195038e-01
+0000000000000000009|+0000000000000000001|+0000000000000000000|+1.0000000000041e-02|-3.9524388000254e+00|+2.4904830591217e-03|-5.5318286560464e-02
