#
# QHS - DATA
#
# ----------------------------------------
#
# Size                 = +0000000000000000008
# Model                = Open-1D
# Algorithm            = ED
# Start-Temperature    = +0.0000000000000e+00
# End-Temperature      = +4.0000000000000e+00
# Temperature-Step     = +1.0000000000000e-02
#
# Size              | Model-Index        | Algorithm-Index    | Temperature        | AverageEnergy      | StdDvOfEnergy      | AverageCHeat       | StdDvOfCHeat      
# ------------------------------------------------------------------------------------------------------
+0000000000000000008|+0000000000000000000|+0000000000000000001|+4.0000000000000e+00|-3.4638800538117e-01|+0.0000000000000e+00|+9.0517174212964e-02|+0.0000000000000e+00
+0000000000000000008|+0000000000000000000|+0000000000000000001|+3.9900000000000e+00|-3.4729552596005e-01|+0.0000000000000e+00|+9.0987545317110e-02|+0.0000000000000e+00
+0000000000000000008|+0000000000000000000|+0000000000000000001|+3.9800000000000e+00|-3.4820776842424e-01|+0.0000000000000e+00|+9.1461557456504e-02|+0.0000000000000e+00
+0000000000000000008|+0000000000000000000|+0000000000000000001|+3.9700000000000e+00|-3.4912476937030e-01|+0.0000000000000e+00|+9.1939247948199e-02|+0.0000000000000e+00
+0000000000000000008|+0000000000000000000|+0000000000000000001|+3.9600000000000e+00|-3.5004656577030e-01|+0.0000000000000e+00|+9.2420654583893e-02|+0.0000000000000e+00
+0000000000000000008|+0000000000000000000|+0000000000000000001|+3.9500000000000e+00|-3.5097319497665e-01|+0.0000000000000e+00|+9.2905815637123e-02|+0.0000000000000e+00
+0000000000000000008|+0000000000000000000|+0000000000000000001|+3.9400000000000e+00|-3.5190469472692e-01|+0.0000000000000e+00|+9.3394769870580e-02|+0.0000000000000e+00
+0000000000000000008|+0000000000000000000|+0000000000000000001|+3.9300000000000e+00|-3.5284110314880e-01|+0.0000000000000e+00|+9.3887556543549e-02|+0.0000000000000e+00
+0000000000000000008|+0000000000000000000|+0000000000000000001|+3.9200000000000e+00|-3.5378245876508e-01|+0.0000000000000e+00|+9.4384215419492e-02|+0.0000000000000e+00
+0000000000000000008|+0000000000000000000|+0000000000000000001|+3.9100000000000e+00|-3.5472880049873e-01|+0.0000000000000e+00|+9.4884786773752e-02|+0.0000000000000e+00
+0000000000000000008|+0000000000000000000|+0000000000000000001|+3.9000000000000e+00|-3.5568016767807e-01|+0.0000000000000e+00|+9.5389311401401e-02|+0.0000000000000e+00
+0000000000000000008|+0000000000000000000|+0000000000000000001|+3.8900000000000e+00|-3.5663660004202e-01|+0.0000000000000e+00|+9.5897830625223e-02|+0.0000000000000e+00
+0000000000000000008|+0000000000000000000|+0000000000000000001|+3.8800000000000e+00|-3.5759813774537e-01|+0.0000000000000e+00|+9.6410386303845e-02|+0.0000000000000e+00
+0000000000000000008|+0000000000000000000|+0000000000000000001|+3.8700000000000e+00|-3.5856482136423e-01|+0.0000000000000e+00|+9.6927020840002e-02|+0.0000000000000e+00
+0000000000000000008|+0000000000000000000|+0000000000000000001|+3.8600000000000e+00|-3.5953669190148e-01|+0.0000000000000e+00|+9.7447777188963e-02|+0.0000000000000e+00
+0000000000000000008|+0000000000000000000|+0000000000000000001|+3.8500000000000e+00|-3.6051379079237e-01|+0.0000000000000e+00|+9.7972698867096e-02|+0.0000000000000e+00
+0000000000000000008|+0000000000000000000|+0000000000000000001|+3.8400000000000e+00|-3.6149615991014e-01|+0.0000000000000e+00|+9.8501829960593e-02|+0.0000000000000e+00
+0000000000000000008|+0000000000000000000|+0000000000000000001|+3.8300000000000e+00|-3.6248384157179e-01|+0.0000000000000e+00|+9.9035215134354e-02|+0.0000000000000e+00
+0000000000000000008|+0000000000000000000|+0000000000000000001|+3.8200000000000e+00|-3.6347687854387e-01|+0.0000000000000e+00|+9.9572899641021e-02|+0.0000000000000e+00
+0000000000000000008|+0000000000000000000|+0000000000000000001|+3.8100000000000e+00|-3.6447531404848e-01|+0.0000000000000e+00|+1.0011492933019e-01|+0.0000000000000e+00
+0000000000000000008|+0000000000000000000|+0000000000000000001|+3.8000000000000e+00|-3.6547919176920e-01|+0.0000000000000e+00|+1.0066135065776e-01|+0.0000000000000e+00
+0000000000000000008|+0000000000000000000|+0000000000000000001|+3.7900000000000e+00|-3.6648855585727e-01|+0.0000000000000e+00|+1.0121221069553e-01|+0.0000000000000e+00
+0000000000000000008|+0000000000000000000|+0000000000000000001|+3.7800000000000e+00|-3.6750345093774e-01|+0.0000000000000e+00|+1.0176755714082e-01|+0.0000000000000e+00
+0000000000000000008|+0000000000000000000|+0000000000000000001|+3.7700000000000e+00|-3.6852392211581e-01|+0.0000000000000e+00|+1.0232743832645e-01|+0.0000000000000e+00
+0000000000000000008|+0000000000000000000|+0000000000000000001|+3.7600000000000e+00|-3.6955001498325e-01|+0.0000000000000e+00|+1.0289190323078e-01|+0.0000000000000e+00
+0000000000000000008|+0000000000000000000|+0000000000000000001|+3.7500000000000e+00|-3.7058177562487e-01|+0.0000000000000e+00|+1.0346100148795e-01|+0.0000000000000e+00
+0000000000000000008|+0000000000000000000|+0000000000000000001|+3.7400000000000e+00|-3.7161925062512e-01|+0.0000000000000e+00|+1.0403478339834e-01|+0.0000000000000e+00
+0000000000000000008|+0000000000000000000|+0000000000000000001|+3.7300000000000e+00|-3.7266248707486e-01|+0.0000000000000e+00|+1.0461329993920e-01|+0.0000000000000e+00
+0000000000000000008|+0000000000000000000|+0000000000000000001|+3.7200000000000e+00|-3.7371153257814e-01|+0.0000000000000e+00|+1.0519660277552e-01|+0.0000000000000e+00
+0000000000000000008|+0000000000000000000|+0000000000000000001|+3.7100000000000e+00|-3.7476643525915e-01|+0.0000000000000e+00|+1.0578474427098e-01|+0.0000000000000e+00
+0000000000000000008|+0000000000000000000|+0000000000000000001|+3.7000000000000e+00|-3.7582724376926e-01|+0.0000000000000e+00|+1.0637777749930e-01|+0.0000000000000e+00
+0000000000000000008|+0000000000000000000|+0000000000000000001|+3.6900000000000e+00|-3.7689400729415e-01|+0.0000000000000e+00|+1.0697575625557e-01|+0.0000000000000e+00
+0000000000000000008|+0000000000000000000|+0000000000000000001|+3.6800000000000e+00|-3.7796677556114e-01|+0.0000000000000e+00|+1.0757873506802e-01|+0.0000000000000e+00
+0000000000000000008|+0000000000000000000|+0000000000000000001|+3.6700000000000e+00|-3.7904559884652e-01|+0.0000000000000e+00|+1.0818676920981e-01|+0.0000000000000e+00
+0000000000000000008|+0000000000000000000|+0000000000000000001|+3.6600000000000e+00|-3.8013052798312e-01|+0.0000000000000e+00|+1.0879991471117e-01|+0.0000000000000e+00
+0000000000000000008|+0000000000000000000|+0000000000000000001|+3.6500000000000e+00|-3.8122161436786e-01|+0.0000000000000e+00|+1.0941822837174e-01|+0.0000000000000e+00
+0000000000000000008|+0000000000000000000|+0000000000000000001|+3.6400000000000e+00|-3.8231890996960e-01|+0.0000000000000e+00|+1.1004176777311e-01|+0.0000000000000e+00
+0000000000000000008|+0000000000000000000|+0000000000000000001|+3.6300000000000e+00|-3.8342246733695e-01|+0.0000000000000e+00|+1.1067059129159e-01|+0.0000000000000e+00
+0000000000000000008|+0000000000000000000|+0000000000000000001|+3.6200000000000e+00|-3.8453233960634e-01|+0.0000000000000e+00|+1.1130475811129e-01|+0.0000000000000e+00
+0000000000000000008|+0000000000000000000|+0000000000000000001|+3.6100000000000e+00|-3.8564858051011e-01|+0.0000000000000e+00|+1.1194432823741e-01|+0.0000000000000e+00
+0000000000000000008|+0000000000000000000|+0000000000000000001|+3.6000000000000e+00|-3.8677124438482e-01|+0.0000000000000e+00|+1.1258936250973e-01|+0.0000000000000e+00
+0000000000000000008|+0000000000000000000|+0000000000000000001|+3.5900000000000e+00|-3.8790038617966e-01|+0.0000000000000e+00|+1.1323992261643e-01|+0.0000000000000e+00
+0000000000000000008|+0000000000000000000|+0000000000000000001|+3.5800000000000e+00|-3.8903606146500e-01|+0.0000000000000e+00|+1.1389607110815e-01|+0.0000000000000e+00
+0000000000000000008|+0000000000000000000|+0000000000000000001|+3.5700000000000e+00|-3.9017832644109e-01|+0.0000000000000e+00|+1.1455787141232e-01|+0.0000000000000e+00
+0000000000000000008|+0000000000000000000|+0000000000000000001|+3.5600000000000e+00|-3.9132723794691e-01|+0.0000000000000e+00|+1.1522538784774e-01|+0.0000000000000e+00
+0000000000000000008|+0000000000000000000|+0000000000000000001|+3.5500000000000e+00|-3.9248285346913e-01|+0.0000000000000e+00|+1.1589868563949e-01|+0.0000000000000e+00
+0000000000000000008|+0000000000000000000|+0000000000000000001|+3.5400000000000e+00|-3.9364523115128e-01|+0.0000000000000e+00|+1.1657783093406e-01|+0.0000000000000e+00
+0000000000000000008|+0000000000000000000|+0000000000000000001|+3.5300000000000e+00|-3.9481442980300e-01|+0.0000000000000e+00|+1.1726289081485e-01|+0.0000000000000e+00
+0000000000000000008|+0000000000000000000|+0000000000000000001|+3.5200000000000e+00|-3.9599050890954e-01|+0.0000000000000e+00|+1.1795393331791e-01|+0.0000000000000e+00
+0000000000000000008|+0000000000000000000|+0000000000000000001|+3.5100000000000e+00|-3.9717352864134e-01|+0.0000000000000e+00|+1.1865102744799e-01|+0.0000000000000e+00
+0000000000000000008|+0000000000000000000|+0000000000000000001|+3.5000000000000e+00|-3.9836354986378e-01|+0.0000000000000e+00|+1.1935424319497e-01|+0.0000000000000e+00
+0000000000000000008|+0000000000000000000|+0000000000000000001|+3.4900000000000e+00|-3.9956063414715e-01|+0.0000000000000e+00|+1.2006365155049e-01|+0.0000000000000e+00
+0000000000000000008|+0000000000000000000|+0000000000000000001|+3.4800000000000e+00|-4.0076484377674e-01|+0.0000000000000e+00|+1.2077932452502e-01|+0.0000000000000e+00
+0000000000000000008|+0000000000000000000|+0000000000000000001|+3.4700000000000e+00|-4.0197624176309e-01|+0.0000000000000e+00|+1.2150133516521e-01|+0.0000000000000e+00
+0000000000000000008|+0000000000000000000|+0000000000000000001|+3.4600000000000e+00|-4.0319489185248e-01|+0.0000000000000e+00|+1.2222975757158e-01|+0.0000000000000e+00
+0000000000000000008|+0000000000000000000|+0000000000000000001|+3.4500000000000e+00|-4.0442085853753e-01|+0.0000000000000e+00|+1.2296466691656e-01|+0.0000000000000e+00
+0000000000000000008|+0000000000000000000|+0000000000000000001|+3.4400000000000e+00|-4.0565420706802e-01|+0.0000000000000e+00|+1.2370613946291e-01|+0.0000000000000e+00
+0000000000000000008|+0000000000000000000|+0000000000000000001|+3.4300000000000e+00|-4.0689500346190e-01|+0.0000000000000e+00|+1.2445425258249e-01|+0.0000000000000e+00
+0000000000000000008|+0000000000000000000|+0000000000000000001|+3.4200000000000e+00|-4.0814331451645e-01|+0.0000000000000e+00|+1.2520908477536e-01|+0.0000000000000e+00
+0000000000000000008|+0000000000000000000|+0000000000000000001|+3.4100000000000e+00|-4.0939920781968e-01|+0.0000000000000e+00|+1.2597071568937e-01|+0.0000000000000e+00
+0000000000000000008|+0000000000000000000|+0000000000000000001|+3.4000000000000e+00|-4.1066275176190e-01|+0.0000000000000e+00|+1.2673922613999e-01|+0.0000000000000e+00
+0000000000000000008|+0000000000000000000|+0000000000000000001|+3.3900000000000e+00|-4.1193401554748e-01|+0.0000000000000e+00|+1.2751469813068e-01|+0.0000000000000e+00
+0000000000000000008|+0000000000000000000|+0000000000000000001|+3.3800000000000e+00|-4.1321306920688e-01|+0.0000000000000e+00|+1.2829721487356e-01|+0.0000000000000e+00
+0000000000000000008|+0000000000000000000|+0000000000000000001|+3.3700000000000e+00|-4.1449998360879e-01|+0.0000000000000e+00|+1.2908686081058e-01|+0.0000000000000e+00
+0000000000000000008|+0000000000000000000|+0000000000000000001|+3.3600000000000e+00|-4.1579483047258e-01|+0.0000000000000e+00|+1.2988372163503e-01|+0.0000000000000e+00
+0000000000000000008|+0000000000000000000|+0000000000000000001|+3.3500000000000e+00|-4.1709768238087e-01|+0.0000000000000e+00|+1.3068788431358e-01|+0.0000000000000e+00
+0000000000000000008|+0000000000000000000|+0000000000000000001|+3.3400000000000e+00|-4.1840861279242e-01|+0.0000000000000e+00|+1.3149943710865e-01|+0.0000000000000e+00
+0000000000000000008|+0000000000000000000|+0000000000000000001|+3.3300000000000e+00|-4.1972769605521e-01|+0.0000000000000e+00|+1.3231846960138e-01|+0.0000000000000e+00
+0000000000000000008|+0000000000000000000|+0000000000000000001|+3.3200000000000e+00|-4.2105500741970e-01|+0.0000000000000e+00|+1.3314507271492e-01|+0.0000000000000e+00
+0000000000000000008|+0000000000000000000|+0000000000000000001|+3.3100000000000e+00|-4.2239062305239e-01|+0.0000000000000e+00|+1.3397933873828e-01|+0.0000000000000e+00
+0000000000000000008|+0000000000000000000|+0000000000000000001|+3.3000000000000e+00|-4.2373462004961e-01|+0.0000000000000e+00|+1.3482136135068e-01|+0.0000000000000e+00
+0000000000000000008|+0000000000000000000|+0000000000000000001|+3.2900000000000e+00|-4.2508707645152e-01|+0.0000000000000e+00|+1.3567123564631e-01|+0.0000000000000e+00
+0000000000000000008|+0000000000000000000|+0000000000000000001|+3.2800000000000e+00|-4.2644807125643e-01|+0.0000000000000e+00|+1.3652905815972e-01|+0.0000000000000e+00
+0000000000000000008|+0000000000000000000|+0000000000000000001|+3.2700000000000e+00|-4.2781768443528e-01|+0.0000000000000e+00|+1.3739492689159e-01|+0.0000000000000e+00
+0000000000000000008|+0000000000000000000|+0000000000000000001|+3.2600000000000e+00|-4.2919599694647e-01|+0.0000000000000e+00|+1.3826894133521e-01|+0.0000000000000e+00
+0000000000000000008|+0000000000000000000|+0000000000000000001|+3.2500000000000e+00|-4.3058309075089e-01|+0.0000000000000e+00|+1.3915120250330e-01|+0.0000000000000e+00
+0000000000000000008|+0000000000000000000|+0000000000000000001|+3.2400000000000e+00|-4.3197904882730e-01|+0.0000000000000e+00|+1.4004181295559e-01|+0.0000000000000e+00
+0000000000000000008|+0000000000000000000|+0000000000000000001|+3.2300000000000e+00|-4.3338395518789e-01|+0.0000000000000e+00|+1.4094087682681e-01|+0.0000000000000e+00
+0000000000000000008|+0000000000000000000|+0000000000000000001|+3.2200000000000e+00|-4.3479789489418e-01|+0.0000000000000e+00|+1.4184849985537e-01|+0.0000000000000e+00
+0000000000000000008|+0000000000000000000|+0000000000000000001|+3.2100000000000e+00|-4.3622095407324e-01|+0.0000000000000e+00|+1.4276478941259e-01|+0.0000000000000e+00
+0000000000000000008|+0000000000000000000|+0000000000000000001|+3.2000000000000e+00|-4.3765321993412e-01|+0.0000000000000e+00|+1.4368985453255e-01|+0.0000000000000e+00
+0000000000000000008|+0000000000000000000|+0000000000000000001|+3.1900000000000e+00|-4.3909478078467e-01|+0.0000000000000e+00|+1.4462380594258e-01|+0.0000000000000e+00
+0000000000000000008|+0000000000000000000|+0000000000000000001|+3.1800000000000e+00|-4.4054572604859e-01|+0.0000000000000e+00|+1.4556675609436e-01|+0.0000000000000e+00
+0000000000000000008|+0000000000000000000|+0000000000000000001|+3.1700000000000e+00|-4.4200614628285e-01|+0.0000000000000e+00|+1.4651881919575e-01|+0.0000000000000e+00
+0000000000000000008|+0000000000000000000|+0000000000000000001|+3.1600000000000e+00|-4.4347613319545e-01|+0.0000000000000e+00|+1.4748011124316e-01|+0.0000000000000e+00
+0000000000000000008|+0000000000000000000|+0000000000000000001|+3.1500000000000e+00|-4.4495577966339e-01|+0.0000000000000e+00|+1.4845075005479e-01|+0.0000000000000e+00
+0000000000000000008|+0000000000000000000|+0000000000000000001|+3.1400000000000e+00|-4.4644517975113e-01|+0.0000000000000e+00|+1.4943085530440e-01|+0.0000000000000e+00
+0000000000000000008|+0000000000000000000|+0000000000000000001|+3.1300000000000e+00|-4.4794442872927e-01|+0.0000000000000e+00|+1.5042054855591e-01|+0.0000000000000e+00
+0000000000000000008|+0000000000000000000|+0000000000000000001|+3.1200000000000e+00|-4.4945362309367e-01|+0.0000000000000e+00|+1.5141995329870e-01|+0.0000000000000e+00
+0000000000000000008|+0000000000000000000|+0000000000000000001|+3.1100000000000e+00|-4.5097286058483e-01|+0.0000000000000e+00|+1.5242919498368e-01|+0.0000000000000e+00
+0000000000000000008|+0000000000000000000|+0000000000000000001|+3.1000000000000e+00|-4.5250224020775e-01|+0.0000000000000e+00|+1.5344840106012e-01|+0.0000000000000e+00
+0000000000000000008|+0000000000000000000|+0000000000000000001|+3.0900000000000e+00|-4.5404186225206e-01|+0.0000000000000e+00|+1.5447770101330e-01|+0.0000000000000e+00
+0000000000000000008|+0000000000000000000|+0000000000000000001|+3.0800000000000e+00|-4.5559182831257e-01|+0.0000000000000e+00|+1.5551722640292e-01|+0.0000000000000e+00
+0000000000000000008|+0000000000000000000|+0000000000000000001|+3.0700000000000e+00|-4.5715224131025e-01|+0.0000000000000e+00|+1.5656711090241e-01|+0.0000000000000e+00
+0000000000000000008|+0000000000000000000|+0000000000000000001|+3.0600000000000e+00|-4.5872320551350e-01|+0.0000000000000e+00|+1.5762749033908e-01|+0.0000000000000e+00
+0000000000000000008|+0000000000000000000|+0000000000000000001|+3.0500000000000e+00|-4.6030482655998e-01|+0.0000000000000e+00|+1.5869850273505e-01|+0.0000000000000e+00
+0000000000000000008|+0000000000000000000|+0000000000000000001|+3.0400000000000e+00|-4.6189721147868e-01|+0.0000000000000e+00|+1.5978028834924e-01|+0.0000000000000e+00
+0000000000000000008|+0000000000000000000|+0000000000000000001|+3.0300000000000e+00|-4.6350046871256e-01|+0.0000000000000e+00|+1.6087298972010e-01|+0.0000000000000e+00
+0000000000000000008|+0000000000000000000|+0000000000000000001|+3.0200000000000e+00|-4.6511470814154e-01|+0.0000000000000e+00|+1.6197675170943e-01|+0.0000000000000e+00
+0000000000000000008|+0000000000000000000|+0000000000000000001|+3.0100000000000e+00|-4.6674004110597e-01|+0.0000000000000e+00|+1.6309172154706e-01|+0.0000000000000e+00
+0000000000000000008|+0000000000000000000|+0000000000000000001|+3.0000000000000e+00|-4.6837658043052e-01|+0.0000000000000e+00|+1.6421804887657e-01|+0.0000000000000e+00
+0000000000000000008|+0000000000000000000|+0000000000000000001|+2.9900000000000e+00|-4.7002444044855e-01|+0.0000000000000e+00|+1.6535588580199e-01|+0.0000000000000e+00
+0000000000000000008|+0000000000000000000|+0000000000000000001|+2.9800000000000e+00|-4.7168373702697e-01|+0.0000000000000e+00|+1.6650538693555e-01|+0.0000000000000e+00
+0000000000000000008|+0000000000000000000|+0000000000000000001|+2.9700000000000e+00|-4.7335458759156e-01|+0.0000000000000e+00|+1.6766670944650e-01|+0.0000000000000e+00
+0000000000000000008|+0000000000000000000|+0000000000000000001|+2.9600000000000e+00|-4.7503711115278e-01|+0.0000000000000e+00|+1.6884001311098e-01|+0.0000000000000e+00
+0000000000000000008|+0000000000000000000|+0000000000000000001|+2.9500000000000e+00|-4.7673142833210e-01|+0.0000000000000e+00|+1.7002546036303e-01|+0.0000000000000e+00
+0000000000000000008|+0000000000000000000|+0000000000000000001|+2.9400000000000e+00|-4.7843766138884e-01|+0.0000000000000e+00|+1.7122321634679e-01|+0.0000000000000e+00
+0000000000000000008|+0000000000000000000|+0000000000000000001|+2.9300000000000e+00|-4.8015593424752e-01|+0.0000000000000e+00|+1.7243344896973e-01|+0.0000000000000e+00
+0000000000000000008|+0000000000000000000|+0000000000000000001|+2.9200000000000e+00|-4.8188637252580e-01|+0.0000000000000e+00|+1.7365632895724e-01|+0.0000000000000e+00
+0000000000000000008|+0000000000000000000|+0000000000000000001|+2.9100000000000e+00|-4.8362910356289e-01|+0.0000000000000e+00|+1.7489202990837e-01|+0.0000000000000e+00
+0000000000000000008|+0000000000000000000|+0000000000000000001|+2.9000000000000e+00|-4.8538425644861e-01|+0.0000000000000e+00|+1.7614072835279e-01|+0.0000000000000e+00
+0000000000000000008|+0000000000000000000|+0000000000000000001|+2.8900000000000e+00|-4.8715196205298e-01|+0.0000000000000e+00|+1.7740260380915e-01|+0.0000000000000e+00
+0000000000000000008|+0000000000000000000|+0000000000000000001|+2.8800000000000e+00|-4.8893235305638e-01|+0.0000000000000e+00|+1.7867783884468e-01|+0.0000000000000e+00
+0000000000000000008|+0000000000000000000|+0000000000000000001|+2.8700000000000e+00|-4.9072556398037e-01|+0.0000000000000e+00|+1.7996661913615e-01|+0.0000000000000e+00
+0000000000000000008|+0000000000000000000|+0000000000000000001|+2.8600000000000e+00|-4.9253173121909e-01|+0.0000000000000e+00|+1.8126913353228e-01|+0.0000000000000e+00
+0000000000000000008|+0000000000000000000|+0000000000000000001|+2.8500000000000e+00|-4.9435099307128e-01|+0.0000000000000e+00|+1.8258557411754e-01|+0.0000000000000e+00
+0000000000000000008|+0000000000000000000|+0000000000000000001|+2.8400000000000e+00|-4.9618348977298e-01|+0.0000000000000e+00|+1.8391613627741e-01|+0.0000000000000e+00
+0000000000000000008|+0000000000000000000|+0000000000000000001|+2.8300000000000e+00|-4.9802936353087e-01|+0.0000000000000e+00|+1.8526101876513e-01|+0.0000000000000e+00
+0000000000000000008|+0000000000000000000|+0000000000000000001|+2.8200000000000e+00|-4.9988875855629e-01|+0.0000000000000e+00|+1.8662042377005e-01|+0.0000000000000e+00
+0000000000000000008|+0000000000000000000|+0000000000000000001|+2.8100000000000e+00|-5.0176182109992e-01|+0.0000000000000e+00|+1.8799455698749e-01|+0.0000000000000e+00
+0000000000000000008|+0000000000000000000|+0000000000000000001|+2.8000000000000e+00|-5.0364869948725e-01|+0.0000000000000e+00|+1.8938362769028e-01|+0.0000000000000e+00
+0000000000000000008|+0000000000000000000|+0000000000000000001|+2.7900000000000e+00|-5.0554954415467e-01|+0.0000000000000e+00|+1.9078784880188e-01|+0.0000000000000e+00
+0000000000000000008|+0000000000000000000|+0000000000000000001|+2.7800000000000e+00|-5.0746450768639e-01|+0.0000000000000e+00|+1.9220743697132e-01|+0.0000000000000e+00
+0000000000000000008|+0000000000000000000|+0000000000000000001|+2.7700000000000e+00|-5.0939374485203e-01|+0.0000000000000e+00|+1.9364261264977e-01|+0.0000000000000e+00
+0000000000000000008|+0000000000000000000|+0000000000000000001|+2.7600000000000e+00|-5.1133741264508e-01|+0.0000000000000e+00|+1.9509360016901e-01|+0.0000000000000e+00
+0000000000000000008|+0000000000000000000|+0000000000000000001|+2.7500000000000e+00|-5.1329567032207e-01|+0.0000000000000e+00|+1.9656062782164e-01|+0.0000000000000e+00
+0000000000000000008|+0000000000000000000|+0000000000000000001|+2.7400000000000e+00|-5.1526867944262e-01|+0.0000000000000e+00|+1.9804392794328e-01|+0.0000000000000e+00
+0000000000000000008|+0000000000000000000|+0000000000000000001|+2.7300000000000e+00|-5.1725660391024e-01|+0.0000000000000e+00|+1.9954373699660e-01|+0.0000000000000e+00
+0000000000000000008|+0000000000000000000|+0000000000000000001|+2.7200000000000e+00|-5.1925961001410e-01|+0.0000000000000e+00|+2.0106029565745e-01|+0.0000000000000e+00
+0000000000000000008|+0000000000000000000|+0000000000000000001|+2.7100000000000e+00|-5.2127786647152e-01|+0.0000000000000e+00|+2.0259384890295e-01|+0.0000000000000e+00
+0000000000000000008|+0000000000000000000|+0000000000000000001|+2.7000000000000e+00|-5.2331154447150e-01|+0.0000000000000e+00|+2.0414464610169e-01|+0.0000000000000e+00
+0000000000000000008|+0000000000000000000|+0000000000000000001|+2.6900000000000e+00|-5.2536081771906e-01|+0.0000000000000e+00|+2.0571294110610e-01|+0.0000000000000e+00
+0000000000000000008|+0000000000000000000|+0000000000000000001|+2.6800000000000e+00|-5.2742586248056e-01|+0.0000000000000e+00|+2.0729899234701e-01|+0.0000000000000e+00
+0000000000000000008|+0000000000000000000|+0000000000000000001|+2.6700000000000e+00|-5.2950685762995e-01|+0.0000000000000e+00|+2.0890306293051e-01|+0.0000000000000e+00
+0000000000000000008|+0000000000000000000|+0000000000000000001|+2.6600000000000e+00|-5.3160398469604e-01|+0.0000000000000e+00|+2.1052542073702e-01|+0.0000000000000e+00
+0000000000000000008|+0000000000000000000|+0000000000000000001|+2.6500000000000e+00|-5.3371742791073e-01|+0.0000000000000e+00|+2.1216633852290e-01|+0.0000000000000e+00
+0000000000000000008|+0000000000000000000|+0000000000000000001|+2.6400000000000e+00|-5.3584737425832e-01|+0.0000000000000e+00|+2.1382609402441e-01|+0.0000000000000e+00
+0000000000000000008|+0000000000000000000|+0000000000000000001|+2.6300000000000e+00|-5.3799401352577e-01|+0.0000000000000e+00|+2.1550497006419e-01|+0.0000000000000e+00
+0000000000000000008|+0000000000000000000|+0000000000000000001|+2.6200000000000e+00|-5.4015753835420e-01|+0.0000000000000e+00|+2.1720325466036e-01|+0.0000000000000e+00
+0000000000000000008|+0000000000000000000|+0000000000000000001|+2.6100000000000e+00|-5.4233814429132e-01|+0.0000000000000e+00|+2.1892124113822e-01|+0.0000000000000e+00
+0000000000000000008|+0000000000000000000|+0000000000000000001|+2.6000000000000e+00|-5.4453602984511e-01|+0.0000000000000e+00|+2.2065922824471e-01|+0.0000000000000e+00
+0000000000000000008|+0000000000000000000|+0000000000000000001|+2.5900000000000e+00|-5.4675139653863e-01|+0.0000000000000e+00|+2.2241752026563e-01|+0.0000000000000e+00
+0000000000000000008|+0000000000000000000|+0000000000000000001|+2.5800000000000e+00|-5.4898444896598e-01|+0.0000000000000e+00|+2.2419642714577e-01|+0.0000000000000e+00
+0000000000000000008|+0000000000000000000|+0000000000000000001|+2.5700000000000e+00|-5.5123539484951e-01|+0.0000000000000e+00|+2.2599626461191e-01|+0.0000000000000e+00
+0000000000000000008|+0000000000000000000|+0000000000000000001|+2.5600000000000e+00|-5.5350444509828e-01|+0.0000000000000e+00|+2.2781735429893e-01|+0.0000000000000e+00
+0000000000000000008|+0000000000000000000|+0000000000000000001|+2.5500000000000e+00|-5.5579181386778e-01|+0.0000000000000e+00|+2.2966002387897e-01|+0.0000000000000e+00
+0000000000000000008|+0000000000000000000|+0000000000000000001|+2.5400000000000e+00|-5.5809771862094e-01|+0.0000000000000e+00|+2.3152460719376e-01|+0.0000000000000e+00
+0000000000000000008|+0000000000000000000|+0000000000000000001|+2.5300000000000e+00|-5.6042238019054e-01|+0.0000000000000e+00|+2.3341144439030e-01|+0.0000000000000e+00
+0000000000000000008|+0000000000000000000|+0000000000000000001|+2.5200000000000e+00|-5.6276602284293e-01|+0.0000000000000e+00|+2.3532088205982e-01|+0.0000000000000e+00
+0000000000000000008|+0000000000000000000|+0000000000000000001|+2.5100000000000e+00|-5.6512887434316e-01|+0.0000000000000e+00|+2.3725327338023e-01|+0.0000000000000e+00
+0000000000000000008|+0000000000000000000|+0000000000000000001|+2.5000000000000e+00|-5.6751116602164e-01|+0.0000000000000e+00|+2.3920897826216e-01|+0.0000000000000e+00
+0000000000000000008|+0000000000000000000|+0000000000000000001|+2.4900000000000e+00|-5.6991313284214e-01|+0.0000000000000e+00|+2.4118836349851e-01|+0.0000000000000e+00
+0000000000000000008|+0000000000000000000|+0000000000000000001|+2.4800000000000e+00|-5.7233501347142e-01|+0.0000000000000e+00|+2.4319180291793e-01|+0.0000000000000e+00
+0000000000000000008|+0000000000000000000|+0000000000000000001|+2.4700000000000e+00|-5.7477705035036e-01|+0.0000000000000e+00|+2.4521967754196e-01|+0.0000000000000e+00
+0000000000000000008|+0000000000000000000|+0000000000000000001|+2.4600000000000e+00|-5.7723948976669e-01|+0.0000000000000e+00|+2.4727237574625e-01|+0.0000000000000e+00
+0000000000000000008|+0000000000000000000|+0000000000000000001|+2.4500000000000e+00|-5.7972258192935e-01|+0.0000000000000e+00|+2.4935029342579e-01|+0.0000000000000e+00
+0000000000000000008|+0000000000000000000|+0000000000000000001|+2.4400000000000e+00|-5.8222658104453e-01|+0.0000000000000e+00|+2.5145383416427e-01|+0.0000000000000e+00
+0000000000000000008|+0000000000000000000|+0000000000000000001|+2.4300000000000e+00|-5.8475174539342e-01|+0.0000000000000e+00|+2.5358340940777e-01|+0.0000000000000e+00
+0000000000000000008|+0000000000000000000|+0000000000000000001|+2.4200000000000e+00|-5.8729833741174e-01|+0.0000000000000e+00|+2.5573943864287e-01|+0.0000000000000e+00
+0000000000000000008|+0000000000000000000|+0000000000000000001|+2.4100000000000e+00|-5.8986662377102e-01|+0.0000000000000e+00|+2.5792234957920e-01|+0.0000000000000e+00
+0000000000000000008|+0000000000000000000|+0000000000000000001|+2.4000000000000e+00|-5.9245687546177e-01|+0.0000000000000e+00|+2.6013257833666e-01|+0.0000000000000e+00
+0000000000000000008|+0000000000000000000|+0000000000000000001|+2.3900000000000e+00|-5.9506936787859e-01|+0.0000000000000e+00|+2.6237056963748e-01|+0.0000000000000e+00
+0000000000000000008|+0000000000000000000|+0000000000000000001|+2.3800000000000e+00|-5.9770438090707e-01|+0.0000000000000e+00|+2.6463677700310e-01|+0.0000000000000e+00
+0000000000000000008|+0000000000000000000|+0000000000000000001|+2.3700000000000e+00|-6.0036219901292e-01|+0.0000000000000e+00|+2.6693166295607e-01|+0.0000000000000e+00
+0000000000000000008|+0000000000000000000|+0000000000000000001|+2.3600000000000e+00|-6.0304311133288e-01|+0.0000000000000e+00|+2.6925569922724e-01|+0.0000000000000e+00
+0000000000000000008|+0000000000000000000|+0000000000000000001|+2.3500000000000e+00|-6.0574741176796e-01|+0.0000000000000e+00|+2.7160936696811e-01|+0.0000000000000e+00
+0000000000000000008|+0000000000000000000|+0000000000000000001|+2.3400000000000e+00|-6.0847539907867e-01|+0.0000000000000e+00|+2.7399315696878e-01|+0.0000000000000e+00
+0000000000000000008|+0000000000000000000|+0000000000000000001|+2.3300000000000e+00|-6.1122737698258e-01|+0.0000000000000e+00|+2.7640756988140e-01|+0.0000000000000e+00
+0000000000000000008|+0000000000000000000|+0000000000000000001|+2.3200000000000e+00|-6.1400365425401e-01|+0.0000000000000e+00|+2.7885311644949e-01|+0.0000000000000e+00
+0000000000000000008|+0000000000000000000|+0000000000000000001|+2.3100000000000e+00|-6.1680454482615e-01|+0.0000000000000e+00|+2.8133031774309e-01|+0.0000000000000e+00
+0000000000000000008|+0000000000000000000|+0000000000000000001|+2.3000000000000e+00|-6.1963036789555e-01|+0.0000000000000e+00|+2.8383970540009e-01|+0.0000000000000e+00
+0000000000000000008|+0000000000000000000|+0000000000000000001|+2.2900000000000e+00|-6.2248144802898e-01|+0.0000000000000e+00|+2.8638182187372e-01|+0.0000000000000e+00
+0000000000000000008|+0000000000000000000|+0000000000000000001|+2.2800000000000e+00|-6.2535811527289e-01|+0.0000000000000e+00|+2.8895722068653e-01|+0.0000000000000e+00
+0000000000000000008|+0000000000000000000|+0000000000000000001|+2.2700000000000e+00|-6.2826070526539e-01|+0.0000000000000e+00|+2.9156646669098e-01|+0.0000000000000e+00
+0000000000000000008|+0000000000000000000|+0000000000000000001|+2.2600000000000e+00|-6.3118955935086e-01|+0.0000000000000e+00|+2.9421013633679e-01|+0.0000000000000e+00
+0000000000000000008|+0000000000000000000|+0000000000000000001|+2.2500000000000e+00|-6.3414502469732e-01|+0.0000000000000e+00|+2.9688881794524e-01|+0.0000000000000e+00
+0000000000000000008|+0000000000000000000|+0000000000000000001|+2.2400000000000e+00|-6.3712745441651e-01|+0.0000000000000e+00|+2.9960311199072e-01|+0.0000000000000e+00
+0000000000000000008|+0000000000000000000|+0000000000000000001|+2.2300000000000e+00|-6.4013720768690e-01|+0.0000000000000e+00|+3.0235363138955e-01|+0.0000000000000e+00
+0000000000000000008|+0000000000000000000|+0000000000000000001|+2.2200000000000e+00|-6.4317464987954e-01|+0.0000000000000e+00|+3.0514100179641e-01|+0.0000000000000e+00
+0000000000000000008|+0000000000000000000|+0000000000000000001|+2.2100000000000e+00|-6.4624015268702e-01|+0.0000000000000e+00|+3.0796586190852e-01|+0.0000000000000e+00
+0000000000000000008|+0000000000000000000|+0000000000000000001|+2.2000000000000e+00|-6.4933409425539e-01|+0.0000000000000e+00|+3.1082886377783e-01|+0.0000000000000e+00
+0000000000000000008|+0000000000000000000|+0000000000000000001|+2.1900000000000e+00|-6.5245685931931e-01|+0.0000000000000e+00|+3.1373067313139e-01|+0.0000000000000e+00
+0000000000000000008|+0000000000000000000|+0000000000000000001|+2.1800000000000e+00|-6.5560883934047e-01|+0.0000000000000e+00|+3.1667196970015e-01|+0.0000000000000e+00
+0000000000000000008|+0000000000000000000|+0000000000000000001|+2.1700000000000e+00|-6.5879043264930e-01|+0.0000000000000e+00|+3.1965344755639e-01|+0.0000000000000e+00
+0000000000000000008|+0000000000000000000|+0000000000000000001|+2.1600000000000e+00|-6.6200204459009e-01|+0.0000000000000e+00|+3.2267581546012e-01|+0.0000000000000e+00
+0000000000000000008|+0000000000000000000|+0000000000000000001|+2.1500000000000e+00|-6.6524408766963e-01|+0.0000000000000e+00|+3.2573979721449e-01|+0.0000000000000e+00
+0000000000000000008|+0000000000000000000|+0000000000000000001|+2.1400000000000e+00|-6.6851698170950e-01|+0.0000000000000e+00|+3.2884613203067e-01|+0.0000000000000e+00
+0000000000000000008|+0000000000000000000|+0000000000000000001|+2.1300000000000e+00|-6.7182115400196e-01|+0.0000000000000e+00|+3.3199557490233e-01|+0.0000000000000e+00
+0000000000000000008|+0000000000000000000|+0000000000000000001|+2.1200000000000e+00|-6.7515703946976e-01|+0.0000000000000e+00|+3.3518889699003e-01|+0.0000000000000e+00
+0000000000000000008|+0000000000000000000|+0000000000000000001|+2.1100000000000e+00|-6.7852508082967e-01|+0.0000000000000e+00|+3.3842688601569e-01|+0.0000000000000e+00
+0000000000000000008|+0000000000000000000|+0000000000000000001|+2.1000000000000e+00|-6.8192572876023e-01|+0.0000000000000e+00|+3.4171034666761e-01|+0.0000000000000e+00
+0000000000000000008|+0000000000000000000|+0000000000000000001|+2.0900000000000e+00|-6.8535944207337e-01|+0.0000000000000e+00|+3.4504010101606e-01|+0.0000000000000e+00
+0000000000000000008|+0000000000000000000|+0000000000000000001|+2.0800000000000e+00|-6.8882668789044e-01|+0.0000000000000e+00|+3.4841698893997e-01|+0.0000000000000e+00
+0000000000000000008|+0000000000000000000|+0000000000000000001|+2.0700000000000e+00|-6.9232794182243e-01|+0.0000000000000e+00|+3.5184186856481e-01|+0.0000000000000e+00
+0000000000000000008|+0000000000000000000|+0000000000000000001|+2.0600000000000e+00|-6.9586368815468e-01|+0.0000000000000e+00|+3.5531561671212e-01|+0.0000000000000e+00
+0000000000000000008|+0000000000000000000|+0000000000000000001|+2.0500000000000e+00|-6.9943442003616e-01|+0.0000000000000e+00|+3.5883912936086e-01|+0.0000000000000e+00
+0000000000000000008|+0000000000000000000|+0000000000000000001|+2.0400000000000e+00|-7.0304063967337e-01|+0.0000000000000e+00|+3.6241332212093e-01|+0.0000000000000e+00
+0000000000000000008|+0000000000000000000|+0000000000000000001|+2.0300000000000e+00|-7.0668285852908e-01|+0.0000000000000e+00|+3.6603913071928e-01|+0.0000000000000e+00
+0000000000000000008|+0000000000000000000|+0000000000000000001|+2.0200000000000e+00|-7.1036159752601e-01|+0.0000000000000e+00|+3.6971751149875e-01|+0.0000000000000e+00
+0000000000000000008|+0000000000000000000|+0000000000000000001|+2.0100000000000e+00|-7.1407738725549e-01|+0.0000000000000e+00|+3.7344944193008e-01|+0.0000000000000e+00
+0000000000000000008|+0000000000000000000|+0000000000000000001|+2.0000000000000e+00|-7.1783076819140e-01|+0.0000000000000e+00|+3.7723592113741e-01|+0.0000000000000e+00
+0000000000000000008|+0000000000000000000|+0000000000000000001|+1.9900000000000e+00|-7.2162229090935e-01|+0.0000000000000e+00|+3.8107797043761e-01|+0.0000000000000e+00
+0000000000000000008|+0000000000000000000|+0000000000000000001|+1.9800000000000e+00|-7.2545251631141e-01|+0.0000000000000e+00|+3.8497663389374e-01|+0.0000000000000e+00
+0000000000000000008|+0000000000000000000|+0000000000000000001|+1.9700000000000e+00|-7.2932201585635e-01|+0.0000000000000e+00|+3.8893297888300e-01|+0.0000000000000e+00
+0000000000000000008|+0000000000000000000|+0000000000000000001|+1.9600000000000e+00|-7.3323137179571e-01|+0.0000000000000e+00|+3.9294809667966e-01|+0.0000000000000e+00
+0000000000000000008|+0000000000000000000|+0000000000000000001|+1.9500000000000e+00|-7.3718117741574e-01|+0.0000000000000e+00|+3.9702310305301e-01|+0.0000000000000e+00
+0000000000000000008|+0000000000000000000|+0000000000000000001|+1.9400000000000e+00|-7.4117203728543e-01|+0.0000000000000e+00|+4.0115913888108e-01|+0.0000000000000e+00
+0000000000000000008|+0000000000000000000|+0000000000000000001|+1.9300000000000e+00|-7.4520456751067e-01|+0.0000000000000e+00|+4.0535737078021e-01|+0.0000000000000e+00
+0000000000000000008|+0000000000000000000|+0000000000000000001|+1.9200000000000e+00|-7.4927939599493e-01|+0.0000000000000e+00|+4.0961899175098e-01|+0.0000000000000e+00
+0000000000000000008|+0000000000000000000|+0000000000000000001|+1.9100000000000e+00|-7.5339716270634e-01|+0.0000000000000e+00|+4.1394522184074e-01|+0.0000000000000e+00
+0000000000000000008|+0000000000000000000|+0000000000000000001|+1.9000000000000e+00|-7.5755851995156e-01|+0.0000000000000e+00|+4.1833730882335e-01|+0.0000000000000e+00
+0000000000000000008|+0000000000000000000|+0000000000000000001|+1.8900000000000e+00|-7.6176413265654e-01|+0.0000000000000e+00|+4.2279652889622e-01|+0.0000000000000e+00
+0000000000000000008|+0000000000000000000|+0000000000000000001|+1.8800000000000e+00|-7.6601467865426e-01|+0.0000000000000e+00|+4.2732418739522e-01|+0.0000000000000e+00
+0000000000000000008|+0000000000000000000|+0000000000000000001|+1.8700000000000e+00|-7.7031084897982e-01|+0.0000000000000e+00|+4.3192161952782e-01|+0.0000000000000e+00
+0000000000000000008|+0000000000000000000|+0000000000000000001|+1.8600000000000e+00|-7.7465334817287e-01|+0.0000000000000e+00|+4.3659019112469e-01|+0.0000000000000e+00
+0000000000000000008|+0000000000000000000|+0000000000000000001|+1.8500000000000e+00|-7.7904289458770e-01|+0.0000000000000e+00|+4.4133129941031e-01|+0.0000000000000e+00
+0000000000000000008|+0000000000000000000|+0000000000000000001|+1.8400000000000e+00|-7.8348022071107e-01|+0.0000000000000e+00|+4.4614637379286e-01|+0.0000000000000e+00
+0000000000000000008|+0000000000000000000|+0000000000000000001|+1.8300000000000e+00|-7.8796607348813e-01|+0.0000000000000e+00|+4.5103687667377e-01|+0.0000000000000e+00
+0000000000000000008|+0000000000000000000|+0000000000000000001|+1.8200000000000e+00|-7.9250121465644e-01|+0.0000000000000e+00|+4.5600430427729e-01|+0.0000000000000e+00
+0000000000000000008|+0000000000000000000|+0000000000000000001|+1.8100000000000e+00|-7.9708642108845e-01|+0.0000000000000e+00|+4.6105018750043e-01|+0.0000000000000e+00
+0000000000000000008|+0000000000000000000|+0000000000000000001|+1.8000000000000e+00|-8.0172248514260e-01|+0.0000000000000e+00|+4.6617609278356e-01|+0.0000000000000e+00
+0000000000000000008|+0000000000000000000|+0000000000000000001|+1.7900000000000e+00|-8.0641021502309e-01|+0.0000000000000e+00|+4.7138362300215e-01|+0.0000000000000e+00
+0000000000000000008|+0000000000000000000|+0000000000000000001|+1.7800000000000e+00|-8.1115043514892e-01|+0.0000000000000e+00|+4.7667441837972e-01|+0.0000000000000e+00
+0000000000000000008|+0000000000000000000|+0000000000000000001|+1.7700000000000e+00|-8.1594398653188e-01|+0.0000000000000e+00|+4.8205015742253e-01|+0.0000000000000e+00
+0000000000000000008|+0000000000000000000|+0000000000000000001|+1.7600000000000e+00|-8.2079172716427e-01|+0.0000000000000e+00|+4.8751255787608e-01|+0.0000000000000e+00
+0000000000000000008|+0000000000000000000|+0000000000000000001|+1.7500000000000e+00|-8.2569453241607e-01|+0.0000000000000e+00|+4.9306337770389e-01|+0.0000000000000e+00
+0000000000000000008|+0000000000000000000|+0000000000000000001|+1.7400000000000e+00|-8.3065329544217e-01|+0.0000000000000e+00|+4.9870441608856e-01|+0.0000000000000e+00
+0000000000000000008|+0000000000000000000|+0000000000000000001|+1.7300000000000e+00|-8.3566892759964e-01|+0.0000000000000e+00|+5.0443751445552e-01|+0.0000000000000e+00
+0000000000000000008|+0000000000000000000|+0000000000000000001|+1.7200000000000e+00|-8.4074235887534e-01|+0.0000000000000e+00|+5.1026455751940e-01|+0.0000000000000e+00
+0000000000000000008|+0000000000000000000|+0000000000000000001|+1.7100000000000e+00|-8.4587453832421e-01|+0.0000000000000e+00|+5.1618747435341e-01|+0.0000000000000e+00
+0000000000000000008|+0000000000000000000|+0000000000000000001|+1.7000000000000e+00|-8.5106643451822e-01|+0.0000000000000e+00|+5.2220823948163e-01|+0.0000000000000e+00
+0000000000000000008|+0000000000000000000|+0000000000000000001|+1.6900000000000e+00|-8.5631903600649e-01|+0.0000000000000e+00|+5.2832887399425e-01|+0.0000000000000e+00
+0000000000000000008|+0000000000000000000|+0000000000000000001|+1.6800000000000e+00|-8.6163335178661e-01|+0.0000000000000e+00|+5.3455144668587e-01|+0.0000000000000e+00
+0000000000000000008|+0000000000000000000|+0000000000000000001|+1.6700000000000e+00|-8.6701041178744e-01|+0.0000000000000e+00|+5.4087807521669e-01|+0.0000000000000e+00
+0000000000000000008|+0000000000000000000|+0000000000000000001|+1.6600000000000e+00|-8.7245126736374e-01|+0.0000000000000e+00|+5.4731092729642e-01|+0.0000000000000e+00
+0000000000000000008|+0000000000000000000|+0000000000000000001|+1.6500000000000e+00|-8.7795699180259e-01|+0.0000000000000e+00|+5.5385222189084e-01|+0.0000000000000e+00
+0000000000000000008|+0000000000000000000|+0000000000000000001|+1.6400000000000e+00|-8.8352868084214e-01|+0.0000000000000e+00|+5.6050423045051e-01|+0.0000000000000e+00
+0000000000000000008|+0000000000000000000|+0000000000000000001|+1.6300000000000e+00|-8.8916745320266e-01|+0.0000000000000e+00|+5.6726927816143e-01|+0.0000000000000e+00
+0000000000000000008|+0000000000000000000|+0000000000000000001|+1.6200000000000e+00|-8.9487445113026e-01|+0.0000000000000e+00|+5.7414974521710e-01|+0.0000000000000e+00
+0000000000000000008|+0000000000000000000|+0000000000000000001|+1.6100000000000e+00|-9.0065084095340e-01|+0.0000000000000e+00|+5.8114806811135e-01|+0.0000000000000e+00
+0000000000000000008|+0000000000000000000|+0000000000000000001|+1.6000000000000e+00|-9.0649781365242e-01|+0.0000000000000e+00|+5.8826674095124e-01|+0.0000000000000e+00
+0000000000000000008|+0000000000000000000|+0000000000000000001|+1.5900000000000e+00|-9.1241658544238e-01|+0.0000000000000e+00|+5.9550831678930e-01|+0.0000000000000e+00
+0000000000000000008|+0000000000000000000|+0000000000000000001|+1.5800000000000e+00|-9.1840839836918e-01|+0.0000000000000e+00|+6.0287540897389e-01|+0.0000000000000e+00
+0000000000000000008|+0000000000000000000|+0000000000000000001|+1.5700000000000e+00|-9.2447452091938e-01|+0.0000000000000e+00|+6.1037069251678e-01|+0.0000000000000e+00
+0000000000000000008|+0000000000000000000|+0000000000000000001|+1.5600000000000e+00|-9.3061624864375e-01|+0.0000000000000e+00|+6.1799690547644e-01|+0.0000000000000e+00
+0000000000000000008|+0000000000000000000|+0000000000000000001|+1.5500000000000e+00|-9.3683490479466e-01|+0.0000000000000e+00|+6.2575685035557e-01|+0.0000000000000e+00
+0000000000000000008|+0000000000000000000|+0000000000000000001|+1.5400000000000e+00|-9.4313184097764e-01|+0.0000000000000e+00|+6.3365339551120e-01|+0.0000000000000e+00
+0000000000000000008|+0000000000000000000|+0000000000000000001|+1.5300000000000e+00|-9.4950843781695e-01|+0.0000000000000e+00|+6.4168947657531e-01|+0.0000000000000e+00
+0000000000000000008|+0000000000000000000|+0000000000000000001|+1.5200000000000e+00|-9.5596610563550e-01|+0.0000000000000e+00|+6.4986809788374e-01|+0.0000000000000e+00
+0000000000000000008|+0000000000000000000|+0000000000000000001|+1.5100000000000e+00|-9.6250628514906e-01|+0.0000000000000e+00|+6.5819233391104e-01|+0.0000000000000e+00
+0000000000000000008|+0000000000000000000|+0000000000000000001|+1.5000000000000e+00|-9.6913044817484e-01|+0.0000000000000e+00|+6.6666533070819e-01|+0.0000000000000e+00
+0000000000000000008|+0000000000000000000|+0000000000000000001|+1.4900000000000e+00|-9.7584009835440e-01|+0.0000000000000e+00|+6.7529030734040e-01|+0.0000000000000e+00
+0000000000000000008|+0000000000000000000|+0000000000000000001|+1.4800000000000e+00|-9.8263677189105e-01|+0.0000000000000e+00|+6.8407055732110e-01|+0.0000000000000e+00
+0000000000000000008|+0000000000000000000|+0000000000000000001|+1.4700000000000e+00|-9.8952203830136e-01|+0.0000000000000e+00|+6.9300945003859e-01|+0.0000000000000e+00
+0000000000000000008|+0000000000000000000|+0000000000000000001|+1.4600000000000e+00|-9.9649750118112e-01|+0.0000000000000e+00|+7.0211043217079e-01|+0.0000000000000e+00
+0000000000000000008|+0000000000000000000|+0000000000000000001|+1.4500000000000e+00|-1.0035647989851e+00|+0.0000000000000e+00|+7.1137702908333e-01|+0.0000000000000e+00
+0000000000000000008|+0000000000000000000|+0000000000000000001|+1.4400000000000e+00|-1.0107256058211e+00|+0.0000000000000e+00|+7.2081284620573e-01|+0.0000000000000e+00
+0000000000000000008|+0000000000000000000|+0000000000000000001|+1.4300000000000e+00|-1.0179816322569e+00|+0.0000000000000e+00|+7.3042157037976e-01|+0.0000000000000e+00
+0000000000000000008|+0000000000000000000|+0000000000000000001|+1.4200000000000e+00|-1.0253346261414e+00|+0.0000000000000e+00|+7.4020697117344e-01|+0.0000000000000e+00
+0000000000000000008|+0000000000000000000|+0000000000000000001|+1.4100000000000e+00|-1.0327863734382e+00|+0.0000000000000e+00|+7.5017290215363e-01|+0.0000000000000e+00
+0000000000000000008|+0000000000000000000|+0000000000000000001|+1.4000000000000e+00|-1.0403386990715e+00|+0.0000000000000e+00|+7.6032330210923e-01|+0.0000000000000e+00
+0000000000000000008|+0000000000000000000|+0000000000000000001|+1.3900000000000e+00|-1.0479934677845e+00|+0.0000000000000e+00|+7.7066219621638e-01|+0.0000000000000e+00
+0000000000000000008|+0000000000000000000|+0000000000000000001|+1.3800000000000e+00|-1.0557525850087e+00|+0.0000000000000e+00|+7.8119369713611e-01|+0.0000000000000e+00
+0000000000000000008|+0000000000000000000|+0000000000000000001|+1.3700000000000e+00|-1.0636179977439e+00|+0.0000000000000e+00|+7.9192200603407e-01|+0.0000000000000e+00
+0000000000000000008|+0000000000000000000|+0000000000000000001|+1.3600000000000e+00|-1.0715916954479e+00|+0.0000000000000e+00|+8.0285141351071e-01|+0.0000000000000e+00
+0000000000000000008|+0000000000000000000|+0000000000000000001|+1.3500000000000e+00|-1.0796757109355e+00|+0.0000000000000e+00|+8.1398630042942e-01|+0.0000000000000e+00
+0000000000000000008|+0000000000000000000|+0000000000000000001|+1.3400000000000e+00|-1.0878721212840e+00|+0.0000000000000e+00|+8.2533113862898e-01|+0.0000000000000e+00
+0000000000000000008|+0000000000000000000|+0000000000000000001|+1.3300000000000e+00|-1.0961830487467e+00|+0.0000000000000e+00|+8.3689049150501e-01|+0.0000000000000e+00
+0000000000000000008|+0000000000000000000|+0000000000000000001|+1.3200000000000e+00|-1.1046106616707e+00|+0.0000000000000e+00|+8.4866901444413e-01|+0.0000000000000e+00
+0000000000000000008|+0000000000000000000|+0000000000000000001|+1.3100000000000e+00|-1.1131571754177e+00|+0.0000000000000e+00|+8.6067145509271e-01|+0.0000000000000e+00
+0000000000000000008|+0000000000000000000|+0000000000000000001|+1.3000000000000e+00|-1.1218248532879e+00|+0.0000000000000e+00|+8.7290265344066e-01|+0.0000000000000e+00
+0000000000000000008|+0000000000000000000|+0000000000000000001|+1.2900000000000e+00|-1.1306160074427e+00|+0.0000000000000e+00|+8.8536754169860e-01|+0.0000000000000e+00
+0000000000000000008|+0000000000000000000|+0000000000000000001|+1.2800000000000e+00|-1.1395329998251e+00|+0.0000000000000e+00|+8.9807114394514e-01|+0.0000000000000e+00
+0000000000000000008|+0000000000000000000|+0000000000000000001|+1.2700000000000e+00|-1.1485782430760e+00|+0.0000000000000e+00|+9.1101857551863e-01|+0.0000000000000e+00
+0000000000000000008|+0000000000000000000|+0000000000000000001|+1.2600000000000e+00|-1.1577542014423e+00|+0.0000000000000e+00|+9.2421504212556e-01|+0.0000000000000e+00
+0000000000000000008|+0000000000000000000|+0000000000000000001|+1.2500000000000e+00|-1.1670633916751e+00|+0.0000000000000e+00|+9.3766583863532e-01|+0.0000000000000e+00
+0000000000000000008|+0000000000000000000|+0000000000000000001|+1.2400000000000e+00|-1.1765083839134e+00|+0.0000000000000e+00|+9.5137634752819e-01|+0.0000000000000e+00
+0000000000000000008|+0000000000000000000|+0000000000000000001|+1.2300000000000e+00|-1.1860918025515e+00|+0.0000000000000e+00|+9.6535203696075e-01|+0.0000000000000e+00
+0000000000000000008|+0000000000000000000|+0000000000000000001|+1.2200000000000e+00|-1.1958163270838e+00|+0.0000000000000e+00|+9.7959845840955e-01|+0.0000000000000e+00
+0000000000000000008|+0000000000000000000|+0000000000000000001|+1.2100000000000e+00|-1.2056846929244e+00|+0.0000000000000e+00|+9.9412124385053e-01|+0.0000000000000e+00
+0000000000000000008|+0000000000000000000|+0000000000000000001|+1.2000000000000e+00|-1.2156996921964e+00|+0.0000000000000e+00|+1.0089261024281e+00|+0.0000000000000e+00
+0000000000000000008|+0000000000000000000|+0000000000000000001|+1.1900000000000e+00|-1.2258641744839e+00|+0.0000000000000e+00|+1.0240188165639e+00|+0.0000000000000e+00
+0000000000000000008|+0000000000000000000|+0000000000000000001|+1.1800000000000e+00|-1.2361810475431e+00|+0.0000000000000e+00|+1.0394052374499e+00|+0.0000000000000e+00
+0000000000000000008|+0000000000000000000|+0000000000000000001|+1.1700000000000e+00|-1.2466532779649e+00|+0.0000000000000e+00|+1.0550912798684e+00|+0.0000000000000e+00
+0000000000000000008|+0000000000000000000|+0000000000000000001|+1.1600000000000e+00|-1.2572838917814e+00|+0.0000000000000e+00|+1.0710829162736e+00|+0.0000000000000e+00
+0000000000000000008|+0000000000000000000|+0000000000000000001|+1.1500000000000e+00|-1.2680759750102e+00|+0.0000000000000e+00|+1.0873861700652e+00|+0.0000000000000e+00
+0000000000000000008|+0000000000000000000|+0000000000000000001|+1.1400000000000e+00|-1.2790326741259e+00|+0.0000000000000e+00|+1.1040071079801e+00|+0.0000000000000e+00
+0000000000000000008|+0000000000000000000|+0000000000000000001|+1.1300000000000e+00|-1.2901571964524e+00|+0.0000000000000e+00|+1.1209518315192e+00|+0.0000000000000e+00
+0000000000000000008|+0000000000000000000|+0000000000000000001|+1.1200000000000e+00|-1.3014528104622e+00|+0.0000000000000e+00|+1.1382264673226e+00|+0.0000000000000e+00
+0000000000000000008|+0000000000000000000|+0000000000000000001|+1.1100000000000e+00|-1.3129228459761e+00|+0.0000000000000e+00|+1.1558371563965e+00|+0.0000000000000e+00
+0000000000000000008|+0000000000000000000|+0000000000000000001|+1.1000000000000e+00|-1.3245706942468e+00|+0.0000000000000e+00|+1.1737900420902e+00|+0.0000000000000e+00
+0000000000000000008|+0000000000000000000|+0000000000000000001|+1.0900000000000e+00|-1.3363998079172e+00|+0.0000000000000e+00|+1.1920912567103e+00|+0.0000000000000e+00
+0000000000000000008|+0000000000000000000|+0000000000000000001|+1.0800000000000e+00|-1.3484137008368e+00|+0.0000000000000e+00|+1.2107469066539e+00|+0.0000000000000e+00
+0000000000000000008|+0000000000000000000|+0000000000000000001|+1.0700000000000e+00|-1.3606159477214e+00|+0.0000000000000e+00|+1.2297630559289e+00|+0.0000000000000e+00
+0000000000000000008|+0000000000000000000|+0000000000000000001|+1.0600000000000e+00|-1.3730101836400e+00|+0.0000000000000e+00|+1.2491457079243e+00|+0.0000000000000e+00
+0000000000000000008|+0000000000000000000|+0000000000000000001|+1.0500000000000e+00|-1.3856001033092e+00|+0.0000000000000e+00|+1.2689007852773e+00|+0.0000000000000e+00
+0000000000000000008|+0000000000000000000|+0000000000000000001|+1.0400000000000e+00|-1.3983894601765e+00|+0.0000000000000e+00|+1.2890341076780e+00|+0.0000000000000e+00
+0000000000000000008|+0000000000000000000|+0000000000000000001|+1.0300000000000e+00|-1.4113820652710e+00|+0.0000000000000e+00|+1.3095513674357e+00|+0.0000000000000e+00
+0000000000000000008|+0000000000000000000|+0000000000000000001|+1.0200000000000e+00|-1.4245817857970e+00|+0.0000000000000e+00|+1.3304581026204e+00|+0.0000000000000e+00
+0000000000000000008|+0000000000000000000|+0000000000000000001|+1.0100000000000e+00|-1.4379925434466e+00|+0.0000000000000e+00|+1.3517596675796e+00|+0.0000000000000e+00
+0000000000000000008|+0000000000000000000|+0000000000000000001|+1.0000000000000e+00|-1.4516183124034e+00|+0.0000000000000e+00|+1.3734612006146e+00|+0.0000000000000e+00
+0000000000000000008|+0000000000000000000|+0000000000000000001|+9.9000000000000e-01|-1.4654631170076e+00|+0.0000000000000e+00|+1.3955675885867e+00|+0.0000000000000e+00
+0000000000000000008|+0000000000000000000|+0000000000000000001|+9.8000000000000e-01|-1.4795310290509e+00|+0.0000000000000e+00|+1.4180834282068e+00|+0.0000000000000e+00
+0000000000000000008|+0000000000000000000|+0000000000000000001|+9.7000000000000e-01|-1.4938261646668e+00|+0.0000000000000e+00|+1.4410129837476e+00|+0.0000000000000e+00
+0000000000000000008|+0000000000000000000|+0000000000000000001|+9.6000000000000e-01|-1.5083526807788e+00|+0.0000000000000e+00|+1.4643601408958e+00|+0.0000000000000e+00
+0000000000000000008|+0000000000000000000|+0000000000000000001|+9.5000000000000e-01|-1.5231147710664e+00|+0.0000000000000e+00|+1.4881283564497e+00|+0.0000000000000e+00
+0000000000000000008|+0000000000000000000|+0000000000000000001|+9.4000000000000e-01|-1.5381166614065e+00|+0.0000000000000e+00|+1.5123206035450e+00|+0.0000000000000e+00
+0000000000000000008|+0000000000000000000|+0000000000000000001|+9.3000000000000e-01|-1.5533626047429e+00|+0.0000000000000e+00|+1.5369393120733e+00|+0.0000000000000e+00
+0000000000000000008|+0000000000000000000|+0000000000000000001|+9.2000000000000e-01|-1.5688568753344e+00|+0.0000000000000e+00|+1.5619863039417e+00|+0.0000000000000e+00
+0000000000000000008|+0000000000000000000|+0000000000000000001|+9.1000000000000e-01|-1.5846037623288e+00|+0.0000000000000e+00|+1.5874627227983e+00|+0.0000000000000e+00
+0000000000000000008|+0000000000000000000|+0000000000000000001|+9.0000000000000e-01|-1.6006075626039e+00|+0.0000000000000e+00|+1.6133689578331e+00|+0.0000000000000e+00
+0000000000000000008|+0000000000000000000|+0000000000000000001|+8.9000000000000e-01|-1.6168725728162e+00|+0.0000000000000e+00|+1.6397045612438e+00|+0.0000000000000e+00
+0000000000000000008|+0000000000000000000|+0000000000000000001|+8.8000000000000e-01|-1.6334030805899e+00|+0.0000000000000e+00|+1.6664681589360e+00|+0.0000000000000e+00
+0000000000000000008|+0000000000000000000|+0000000000000000001|+8.7000000000000e-01|-1.6502033547780e+00|+0.0000000000000e+00|+1.6936573540154e+00|+0.0000000000000e+00
+0000000000000000008|+0000000000000000000|+0000000000000000001|+8.6000000000000e-01|-1.6672776347195e+00|+0.0000000000000e+00|+1.7212686226075e+00|+0.0000000000000e+00
+0000000000000000008|+0000000000000000000|+0000000000000000001|+8.5000000000000e-01|-1.6846301184156e+00|+0.0000000000000e+00|+1.7492972015346e+00|+0.0000000000000e+00
+0000000000000000008|+0000000000000000000|+0000000000000000001|+8.4000000000000e-01|-1.7022649495387e+00|+0.0000000000000e+00|+1.7777369673621e+00|+0.0000000000000e+00
+0000000000000000008|+0000000000000000000|+0000000000000000001|+8.3000000000000e-01|-1.7201862031876e+00|+0.0000000000000e+00|+1.8065803063264e+00|+0.0000000000000e+00
+0000000000000000008|+0000000000000000000|+0000000000000000001|+8.2000000000000e-01|-1.7383978702940e+00|+0.0000000000000e+00|+1.8358179746478e+00|+0.0000000000000e+00
+0000000000000000008|+0000000000000000000|+0000000000000000001|+8.1000000000000e-01|-1.7569038405819e+00|+0.0000000000000e+00|+1.8654389487409e+00|+0.0000000000000e+00
+0000000000000000008|+0000000000000000000|+0000000000000000001|+8.0000000000000e-01|-1.7757078839767e+00|+0.0000000000000e+00|+1.8954302648404e+00|+0.0000000000000e+00
+0000000000000000008|+0000000000000000000|+0000000000000000001|+7.9000000000000e-01|-1.7948136303556e+00|+0.0000000000000e+00|+1.9257768475822e+00|+0.0000000000000e+00
+0000000000000000008|+0000000000000000000|+0000000000000000001|+7.8000000000000e-01|-1.8142245475273e+00|+0.0000000000000e+00|+1.9564613271052e+00|+0.0000000000000e+00
+0000000000000000008|+0000000000000000000|+0000000000000000001|+7.7000000000000e-01|-1.8339439173227e+00|+0.0000000000000e+00|+1.9874638442811e+00|+0.0000000000000e+00
+0000000000000000008|+0000000000000000000|+0000000000000000001|+7.6000000000000e-01|-1.8539748096777e+00|+0.0000000000000e+00|+2.0187618437333e+00|+0.0000000000000e+00
+0000000000000000008|+0000000000000000000|+0000000000000000001|+7.5000000000000e-01|-1.8743200545842e+00|+0.0000000000000e+00|+2.0503298543745e+00|+0.0000000000000e+00
+0000000000000000008|+0000000000000000000|+0000000000000000001|+7.4000000000000e-01|-1.8949822117829e+00|+0.0000000000000e+00|+2.0821392572870e+00|+0.0000000000000e+00
+0000000000000000008|+0000000000000000000|+0000000000000000001|+7.3000000000000e-01|-1.9159635380709e+00|+0.0000000000000e+00|+2.1141580408748e+00|+0.0000000000000e+00
+0000000000000000008|+0000000000000000000|+0000000000000000001|+7.2000000000000e-01|-1.9372659520988e+00|+0.0000000000000e+00|+2.1463505433618e+00|+0.0000000000000e+00
+0000000000000000008|+0000000000000000000|+0000000000000000001|+7.1000000000000e-01|-1.9588909965283e+00|+0.0000000000000e+00|+2.1786771828741e+00|+0.0000000000000e+00
+0000000000000000008|+0000000000000000000|+0000000000000000001|+7.0000000000000e-01|-1.9808397974328e+00|+0.0000000000000e+00|+2.2110941755456e+00|+0.0000000000000e+00
+0000000000000000008|+0000000000000000000|+0000000000000000001|+6.9000000000000e-01|-2.0031130208194e+00|+0.0000000000000e+00|+2.2435532423310e+00|+0.0000000000000e+00
+0000000000000000008|+0000000000000000000|+0000000000000000001|+6.8000000000000e-01|-2.0257108261685e+00|+0.0000000000000e+00|+2.2760013054913e+00|+0.0000000000000e+00
+0000000000000000008|+0000000000000000000|+0000000000000000001|+6.7000000000000e-01|-2.0486328168906e+00|+0.0000000000000e+00|+2.3083801760556e+00|+0.0000000000000e+00
+0000000000000000008|+0000000000000000000|+0000000000000000001|+6.6000000000000e-01|-2.0718779876202e+00|+0.0000000000000e+00|+2.3406262339533e+00|+0.0000000000000e+00
+0000000000000000008|+0000000000000000000|+0000000000000000001|+6.5000000000000e-01|-2.0954446682827e+00|+0.0000000000000e+00|+2.3726701029650e+00|+0.0000000000000e+00
+0000000000000000008|+0000000000000000000|+0000000000000000001|+6.4000000000000e-01|-2.1193304648958e+00|+0.0000000000000e+00|+2.4044363231680e+00|+0.0000000000000e+00
+0000000000000000008|+0000000000000000000|+0000000000000000001|+6.3000000000000e-01|-2.1435321970968e+00|+0.0000000000000e+00|+2.4358430241534e+00|+0.0000000000000e+00
+0000000000000000008|+0000000000000000000|+0000000000000000001|+6.2000000000000e-01|-2.1680458324214e+00|+0.0000000000000e+00|+2.4668016029835e+00|+0.0000000000000e+00
+0000000000000000008|+0000000000000000000|+0000000000000000001|+6.1000000000000e-01|-2.1928664174054e+00|+0.0000000000000e+00|+2.4972164116402e+00|+0.0000000000000e+00
+0000000000000000008|+0000000000000000000|+0000000000000000001|+6.0000000000000e-01|-2.2179880056320e+00|+0.0000000000000e+00|+2.5269844596037e+00|+0.0000000000000e+00
+0000000000000000008|+0000000000000000000|+0000000000000000001|+5.9000000000000e-01|-2.2434035829072e+00|+0.0000000000000e+00|+2.5559951381984e+00|+0.0000000000000e+00
+0000000000000000008|+0000000000000000000|+0000000000000000001|+5.8000000000000e-01|-2.2691049898191e+00|+0.0000000000000e+00|+2.5841299744636e+00|+0.0000000000000e+00
+0000000000000000008|+0000000000000000000|+0000000000000000001|+5.7000000000000e-01|-2.2950828420212e+00|+0.0000000000000e+00|+2.6112624235508e+00|+0.0000000000000e+00
+0000000000000000008|+0000000000000000000|+0000000000000000001|+5.6000000000000e-01|-2.3213264486745e+00|+0.0000000000000e+00|+2.6372577100382e+00|+0.0000000000000e+00
+0000000000000000008|+0000000000000000000|+0000000000000000001|+5.5000000000000e-01|-2.3478237295963e+00|+0.0000000000000e+00|+2.6619727300732e+00|+0.0000000000000e+00
+0000000000000000008|+0000000000000000000|+0000000000000000001|+5.4000000000000e-01|-2.3745611317907e+00|+0.0000000000000e+00|+2.6852560279376e+00|+0.0000000000000e+00
+0000000000000000008|+0000000000000000000|+0000000000000000001|+5.3000000000000e-01|-2.4015235461802e+00|+0.0000000000000e+00|+2.7069478624522e+00|+0.0000000000000e+00
+0000000000000000008|+0000000000000000000|+0000000000000000001|+5.2000000000000e-01|-2.4286942255219e+00|+0.0000000000000e+00|+2.7268803806288e+00|+0.0000000000000e+00
+0000000000000000008|+0000000000000000000|+0000000000000000001|+5.1000000000000e-01|-2.4560547046774e+00|+0.0000000000000e+00|+2.7448779181114e+00|+0.0000000000000e+00
+0000000000000000008|+0000000000000000000|+0000000000000000001|+5.0000000000000e-01|-2.4835847246111e+00|+0.0000000000000e+00|+2.7607574482420e+00|+0.0000000000000e+00
+0000000000000000008|+0000000000000000000|+0000000000000000001|+4.9000000000000e-01|-2.5112621617217e+00|+0.0000000000000e+00|+2.7743292040134e+00|+0.0000000000000e+00
+0000000000000000008|+0000000000000000000|+0000000000000000001|+4.8000000000000e-01|-2.5390629643689e+00|+0.0000000000000e+00|+2.7853974997218e+00|+0.0000000000000e+00
+0000000000000000008|+0000000000000000000|+0000000000000000001|+4.7000000000000e-01|-2.5669610987363e+00|+0.0000000000000e+00|+2.7937617817792e+00|+0.0000000000000e+00
+0000000000000000008|+0000000000000000000|+0000000000000000001|+4.6000000000000e-01|-2.5949285064819e+00|+0.0000000000000e+00|+2.7992179408385e+00|+0.0000000000000e+00
+0000000000000000008|+0000000000000000000|+0000000000000000001|+4.5000000000000e-01|-2.6229350769592e+00|+0.0000000000000e+00|+2.8015599200698e+00|+0.0000000000000e+00
+0000000000000000008|+0000000000000000000|+0000000000000000001|+4.4000000000000e-01|-2.6509486371578e+00|+0.0000000000000e+00|+2.8005816569991e+00|+0.0000000000000e+00
+0000000000000000008|+0000000000000000000|+0000000000000000001|+4.3000000000000e-01|-2.6789349628944e+00|+0.0000000000000e+00|+2.7960793986453e+00|+0.0000000000000e+00
+0000000000000000008|+0000000000000000000|+0000000000000000001|+4.2000000000000e-01|-2.7068578151941e+00|+0.0000000000000e+00|+2.7878544315635e+00|+0.0000000000000e+00
+0000000000000000008|+0000000000000000000|+0000000000000000001|+4.1000000000000e-01|-2.7346790062257e+00|+0.0000000000000e+00|+2.7757162695292e+00|+0.0000000000000e+00
+0000000000000000008|+0000000000000000000|+0000000000000000001|+4.0000000000000e-01|-2.7623584995787e+00|+0.0000000000000e+00|+2.7594863415450e+00|+0.0000000000000e+00
+0000000000000000008|+0000000000000000000|+0000000000000000001|+3.9000000000000e-01|-2.7898545500949e+00|+0.0000000000000e+00|+2.7390022210178e+00|+0.0000000000000e+00
+0000000000000000008|+0000000000000000000|+0000000000000000001|+3.8000000000000e-01|-2.8171238888514e+00|+0.0000000000000e+00|+2.7141224324852e+00|+0.0000000000000e+00
+0000000000000000008|+0000000000000000000|+0000000000000000001|+3.7000000000000e-01|-2.8441219592199e+00|+0.0000000000000e+00|+2.6847318639458e+00|+0.0000000000000e+00
+0000000000000000008|+0000000000000000000|+0000000000000000001|+3.6000000000000e-01|-2.8708032101456e+00|+0.0000000000000e+00|+2.6507477990411e+00|+0.0000000000000e+00
+0000000000000000008|+0000000000000000000|+0000000000000000001|+3.5000000000000e-01|-2.8971214528263e+00|+0.0000000000000e+00|+2.6121265617413e+00|+0.0000000000000e+00
+0000000000000000008|+0000000000000000000|+0000000000000000001|+3.4000000000000e-01|-2.9230302867539e+00|+0.0000000000000e+00|+2.5688707338349e+00|+0.0000000000000e+00
+0000000000000000008|+0000000000000000000|+0000000000000000001|+3.3000000000000e-01|-2.9484836004572e+00|+0.0000000000000e+00|+2.5210368583501e+00|+0.0000000000000e+00
+0000000000000000008|+0000000000000000000|+0000000000000000001|+3.2000000000000e-01|-2.9734361511003e+00|+0.0000000000000e+00|+2.4687434749473e+00|+0.0000000000000e+00
+0000000000000000008|+0000000000000000000|+0000000000000000001|+3.1000000000000e-01|-2.9978442251123e+00|+0.0000000000000e+00|+2.4121792397397e+00|+0.0000000000000e+00
+0000000000000000008|+0000000000000000000|+0000000000000000001|+3.0000000000000e-01|-3.0216663789352e+00|+0.0000000000000e+00|+2.3516107539518e+00|+0.0000000000000e+00
+0000000000000000008|+0000000000000000000|+0000000000000000001|+2.9000000000000e-01|-3.0448642544072e+00|+0.0000000000000e+00|+2.2873895537339e+00|+0.0000000000000e+00
+0000000000000000008|+0000000000000000000|+0000000000000000001|+2.8000000000000e-01|-3.0674034567323e+00|+0.0000000000000e+00|+2.2199574865059e+00|+0.0000000000000e+00
+0000000000000000008|+0000000000000000000|+0000000000000000001|+2.7000000000000e-01|-3.0892544738386e+00|+0.0000000000000e+00|+2.1498494059074e+00|+0.0000000000000e+00
+0000000000000000008|+0000000000000000000|+0000000000000000001|+2.6000000000000e-01|-3.1103936034630e+00|+0.0000000000000e+00|+2.0776917469971e+00|+0.0000000000000e+00
+0000000000000000008|+0000000000000000000|+0000000000000000001|+2.5000000000000e-01|-3.1308038377109e+00|+0.0000000000000e+00|+2.0041950883096e+00|+0.0000000000000e+00
+0000000000000000008|+0000000000000000000|+0000000000000000001|+2.4000000000000e-01|-3.1504756332822e+00|+0.0000000000000e+00|+1.9301382683877e+00|+0.0000000000000e+00
+0000000000000000008|+0000000000000000000|+0000000000000000001|+2.3000000000000e-01|-3.1694074682373e+00|+0.0000000000000e+00|+1.8563410186379e+00|+0.0000000000000e+00
+0000000000000000008|+0000000000000000000|+0000000000000000001|+2.2000000000000e-01|-3.1876060526647e+00|+0.0000000000000e+00|+1.7836214504985e+00|+0.0000000000000e+00
+0000000000000000008|+0000000000000000000|+0000000000000000001|+2.1000000000000e-01|-3.2050860211661e+00|+0.0000000000000e+00|+1.7127341986520e+00|+0.0000000000000e+00
+0000000000000000008|+0000000000000000000|+0000000000000000001|+2.0000000000000e-01|-3.2218688915166e+00|+0.0000000000000e+00|+1.6442847803248e+00|+0.0000000000000e+00
+0000000000000000008|+0000000000000000000|+0000000000000000001|+1.9000000000000e-01|-3.2379810308341e+00|+0.0000000000000e+00|+1.5786161629616e+00|+0.0000000000000e+00
+0000000000000000008|+0000000000000000000|+0000000000000000001|+1.8000000000000e-01|-3.2534503378788e+00|+0.0000000000000e+00|+1.5156653051284e+00|+0.0000000000000e+00
+0000000000000000008|+0000000000000000000|+0000000000000000001|+1.7000000000000e-01|-3.2683013462184e+00|+0.0000000000000e+00|+1.4547916614220e+00|+0.0000000000000e+00
+0000000000000000008|+0000000000000000000|+0000000000000000001|+1.6000000000000e-01|-3.2825485106520e+00|+0.0000000000000e+00|+1.3945880814018e+00|+0.0000000000000e+00
+0000000000000000008|+0000000000000000000|+0000000000000000001|+1.5000000000000e-01|-3.2961876126824e+00|+0.0000000000000e+00|+1.3326997330065e+00|+0.0000000000000e+00
+0000000000000000008|+0000000000000000000|+0000000000000000001|+1.4000000000000e-01|-3.3091855931832e+00|+0.0000000000000e+00|+1.2657018163164e+00|+0.0000000000000e+00
+0000000000000000008|+0000000000000000000|+0000000000000000001|+1.3000000000000e-01|-3.3214698058456e+00|+0.0000000000000e+00|+1.1891246047332e+00|+0.0000000000000e+00
+0000000000000000008|+0000000000000000000|+0000000000000000001|+1.2000000000000e-01|-3.3329188101475e+00|+0.0000000000000e+00|+1.0977637331590e+00|+0.0000000000000e+00
+0000000000000000008|+0000000000000000000|+0000000000000000001|+1.1000000000000e-01|-3.3433584566967e+00|+0.0000000000000e+00|+9.8646250032839e-01|+0.0000000000000e+00
+0000000000000000008|+0000000000000000000|+0000000000000000001|+1.0000000000000e-01|-3.3525689991643e+00|+0.0000000000000e+00|+8.5156436875682e-01|+0.0000000000000e+00
+0000000000000000008|+0000000000000000000|+0000000000000000001|+9.0000000000000e-02|-3.3603105622036e+00|+0.0000000000000e+00|+6.9312708244161e-01|+0.0000000000000e+00
+0000000000000000008|+0000000000000000000|+0000000000000000001|+8.0000000000000e-02|-3.3663736796503e+00|+0.0000000000000e+00|+5.1762722239474e-01|+0.0000000000000e+00
+0000000000000000008|+0000000000000000000|+0000000000000000001|+7.0000000000000e-02|-3.3706554000655e+00|+0.0000000000000e+00|+3.4010238718502e-01|+0.0000000000000e+00
+0000000000000000008|+0000000000000000000|+0000000000000000001|+6.0000000000000e-02|-3.3732450992933e+00|+0.0000000000000e+00|+1.8346073103310e-01|+0.0000000000000e+00
+0000000000000000008|+0000000000000000000|+0000000000000000001|+5.0000000000000e-02|-3.3744756623812e+00|+0.0000000000000e+00|+7.1704396407313e-02|+0.0000000000000e+00
+0000000000000000008|+0000000000000000000|+0000000000000000001|+4.0000000000000e-02|-3.3748684026555e+00|+0.0000000000000e+00|+1.5753495220539e-02|+0.0000000000000e+00
+0000000000000000008|+0000000000000000000|+0000000000000000001|+3.0000000000000e-02|-3.3749301644092e+00|+0.0000000000000e+00|+1.0621293375676e-03|+0.0000000000000e+00
+0000000000000000008|+0000000000000000000|+0000000000000000001|+2.0000000000000e-02|-3.3749325951887e+00|+0.0000000000000e+00|+3.4353186961767e-06|+0.0000000000000e+00
+0000000000000000008|+0000000000000000000|+0000000000000000001|+9.9999999999999e-03|-3.3749325986879e+00|+0.0000000000000e+00|+0.0000000000000e+00|+0.0000000000000e+00
