#
# QHS - DATA
#
# ----------------------------------------
#
# Size                 = +0000000000000000064
# Model                = Periodic-2D
# Algorithm            = SSE
# Start-Temperature    = +0.0000000000000e+00
# End-Temperature      = +4.0000000000000e+00
# Temperature-Step     = +1.0000000000000e-02
#
# Size              | Model-Index        | Algorithm-Index    | Temperature        | AverageEnergy      | StdDvOfEnergy      | AverageCHeat      
# ------------------------------------------------------------------------------------------------------
+0000000000000000064|+0000000000000000003|+0000000000000000000|+4.0000000000000e+00|-6.2847000000000e+00|+1.3392702578577e-01|+1.6379841193749e+00
+0000000000000000064|+0000000000000000003|+0000000000000000000|+3.9900000000000e+00|-6.4211863000000e+00|+1.3370314547041e-01|+1.5984134031007e+00
+0000000000000000064|+0000000000000000003|+0000000000000000000|+3.9800000000000e+00|-6.3223453999999e+00|+1.3367419188635e-01|+1.6506585871004e+00
+0000000000000000064|+0000000000000000003|+0000000000000000000|+3.9700000000000e+00|-6.3650478000001e+00|+1.3399281302057e-01|+1.7266492123999e+00
+0000000000000000064|+0000000000000000003|+0000000000000000000|+3.9600000000000e+00|-6.3828939999999e+00|+1.3325643211998e-01|+1.6298559775008e+00
+0000000000000000064|+0000000000000000003|+0000000000000000000|+3.9500000000000e+00|-6.4788065000000e+00|+1.3390850432220e-01|+1.7500822390998e+00
+0000000000000000064|+0000000000000000003|+0000000000000000000|+3.9400000000000e+00|-6.4424618000001e+00|+1.3342711683126e-01|+1.7100964190992e+00
+0000000000000000064|+0000000000000000003|+0000000000000000000|+3.9300000000000e+00|-6.3968860000002e+00|+1.3296774278584e-01|+1.6760719599987e+00
+0000000000000000064|+0000000000000000003|+0000000000000000000|+3.9200000000000e+00|-6.3957727999999e+00|+1.3273803025639e-01|+1.6701893744006e+00
+0000000000000000064|+0000000000000000003|+0000000000000000000|+3.9100000000000e+00|-6.5197951000000e+00|+1.3265957306254e-01|+1.6585204079000e+00
+0000000000000000064|+0000000000000000003|+0000000000000000000|+3.9000000000000e+00|-6.5092240000001e+00|+1.3237668839545e-01|+1.6457842943998e+00
+0000000000000000064|+0000000000000000003|+0000000000000000000|+3.8900000000000e+00|-6.5136840999999e+00|+1.3203762334516e-01|+1.6193175239007e+00
+0000000000000000064|+0000000000000000003|+0000000000000000000|+3.8800000000000e+00|-6.5793444000000e+00|+1.3294360009681e-01|+1.7957858031000e+00
+0000000000000000064|+0000000000000000003|+0000000000000000000|+3.8700000000000e+00|-6.5411365000001e+00|+1.3220914640211e-01|+1.7106948974998e+00
+0000000000000000064|+0000000000000000003|+0000000000000000000|+3.8600000000000e+00|-6.6285254000000e+00|+1.3226418000006e-01|+1.7325653879007e+00
+0000000000000000064|+0000000000000000003|+0000000000000000000|+3.8500000000000e+00|-6.5580964999998e+00|+1.3173827558647e-01|+1.6922722919014e+00
+0000000000000000064|+0000000000000000003|+0000000000000000000|+3.8400000000000e+00|-6.5584000000001e+00|+1.3211001999295e-01|+1.7936784374998e+00
+0000000000000000064|+0000000000000000003|+0000000000000000000|+3.8300000000000e+00|-6.6422871000001e+00|+1.3197532228484e-01|+1.7831930031003e+00
+0000000000000000064|+0000000000000000003|+0000000000000000000|+3.8200000000000e+00|-6.5975091999999e+00|+1.3169972925963e-01|+1.7809515164004e+00
+0000000000000000064|+0000000000000000003|+0000000000000000000|+3.8100000000000e+00|-6.6745861000001e+00|+1.3165069127475e-01|+1.7877763438995e+00
+0000000000000000064|+0000000000000000003|+0000000000000000000|+3.8000000000000e+00|-6.7094599999999e+00|+1.3187843767300e-01|+1.8563631100001e+00
+0000000000000000064|+0000000000000000003|+0000000000000000000|+3.7900000000000e+00|-6.6013395000002e+00|+1.3137196262190e-01|+1.8288364974996e+00
+0000000000000000064|+0000000000000000003|+0000000000000000000|+3.7800000000000e+00|-6.6969562000003e+00|+1.3162118449379e-01|+1.8861134558991e+00
+0000000000000000064|+0000000000000000003|+0000000000000000000|+3.7700000000000e+00|-6.5727927000002e+00|+1.3124855892848e-01|+1.8873831198988e+00
+0000000000000000064|+0000000000000000003|+0000000000000000000|+3.7600000000000e+00|-6.6721640000001e+00|+1.3040101886060e-01|+1.7414494774997e+00
+0000000000000000064|+0000000000000000003|+0000000000000000000|+3.7500000000000e+00|-6.6963250000001e+00|+1.3065658809964e-01|+1.8192462395995e+00
+0000000000000000064|+0000000000000000003|+0000000000000000000|+3.7400000000000e+00|-6.7449040000002e+00|+1.3119511861267e-01|+1.9444678399991e+00
+0000000000000000064|+0000000000000000003|+0000000000000000000|+3.7300000000000e+00|-6.7599220000001e+00|+1.3052309079207e-01|+1.8523260400003e+00
+0000000000000000064|+0000000000000000003|+0000000000000000000|+3.7200000000000e+00|-6.8466208000002e+00|+1.3077101987544e-01|+1.9138098303985e+00
+0000000000000000064|+0000000000000000003|+0000000000000000000|+3.7100000000000e+00|-6.7331420000000e+00|+1.3058210705933e-01|+1.9470839600008e+00
+0000000000000000064|+0000000000000000003|+0000000000000000000|+3.7000000000000e+00|-6.8849280000001e+00|+1.3011173755625e-01|+1.8553308863998e+00
+0000000000000000064|+0000000000000000003|+0000000000000000000|+3.6900000000000e+00|-6.8633014000001e+00|+1.3045390562120e-01|+1.9652921563999e+00
+0000000000000000064|+0000000000000000003|+0000000000000000000|+3.6800000000000e+00|-6.8348928000001e+00|+1.2995737693425e-01|+1.9169352383994e+00
+0000000000000000064|+0000000000000000003|+0000000000000000000|+3.6700000000000e+00|-6.9151753000002e+00|+1.2966498702353e-01|+1.8779991118996e+00
+0000000000000000064|+0000000000000000003|+0000000000000000000|+3.6600000000000e+00|-6.7986352000002e+00|+1.2969725896730e-01|+1.9554154815998e+00
+0000000000000000064|+0000000000000000003|+0000000000000000000|+3.6500000000000e+00|-6.9993375000003e+00|+1.3011345497189e-01|+2.0214374374979e+00
+0000000000000000064|+0000000000000000003|+0000000000000000000|+3.6400000000000e+00|-6.9410112000001e+00|+1.2932447499422e-01|+1.9235443135998e+00
+0000000000000000064|+0000000000000000003|+0000000000000000000|+3.6300000000000e+00|-7.0202494000001e+00|+1.2977870791498e-01|+2.0311896155996e+00
+0000000000000000064|+0000000000000000003|+0000000000000000000|+3.6200000000000e+00|-6.9867484000002e+00|+1.2914833867784e-01|+1.9569171675991e+00
+0000000000000000064|+0000000000000000003|+0000000000000000000|+3.6100000000000e+00|-7.1007042000001e+00|+1.2995513249832e-01|+2.1265133116002e+00
+0000000000000000064|+0000000000000000003|+0000000000000000000|+3.6000000000000e+00|-6.9802240000000e+00|+1.2920183327784e-01|+2.0513609344006e+00
+0000000000000000064|+0000000000000000003|+0000000000000000000|+3.5900000000000e+00|-7.0864481000001e+00|+1.2930186897811e-01|+2.0835239918993e+00
+0000000000000000064|+0000000000000000003|+0000000000000000000|+3.5800000000000e+00|-7.0752704000001e+00|+1.2906321684850e-01|+2.0806945855999e+00
+0000000000000000064|+0000000000000000003|+0000000000000000000|+3.5700000000000e+00|-7.0356652000002e+00|+1.2887548976177e-01|+2.0961313903992e+00
+0000000000000000064|+0000000000000000003|+0000000000000000000|+3.5600000000000e+00|-7.0754856000000e+00|+1.2869497618831e-01|+2.0908564124011e+00
+0000000000000000064|+0000000000000000003|+0000000000000000000|+3.5500000000000e+00|-7.1330345000001e+00|+1.2858605193393e-01|+2.0952129079000e+00
+0000000000000000064|+0000000000000000003|+0000000000000000000|+3.5400000000000e+00|-7.1191948000000e+00|+1.2840626410901e-01|+2.1053376156015e+00
+0000000000000000064|+0000000000000000003|+0000000000000000000|+3.5300000000000e+00|-7.1752693000002e+00|+1.2864150767500e-01|+2.1813132038995e+00
+0000000000000000064|+0000000000000000003|+0000000000000000000|+3.5200000000000e+00|-7.1849920000002e+00|+1.2821624219914e-01|+2.1344295899996e+00
+0000000000000000064|+0000000000000000003|+0000000000000000000|+3.5100000000000e+00|-7.0851136000002e+00|+1.2716565906405e-01|+1.9891176704003e+00
+0000000000000000064|+0000000000000000003|+0000000000000000000|+3.5000000000000e+00|-7.1550250000000e+00|+1.2760499903419e-01|+2.1037948775008e+00
+0000000000000000064|+0000000000000000003|+0000000000000000000|+3.4900000000000e+00|-7.2475104500000e+00|+1.2774150313828e-01|+2.1501290529758e+00
+0000000000000000064|+0000000000000000003|+0000000000000000000|+3.4800000000000e+00|-7.2908007999999e+00|+1.2759721405413e-01|+2.1520529884011e+00
+0000000000000000064|+0000000000000000003|+0000000000000000000|+3.4700000000000e+00|-7.2775546000001e+00|+1.2762769873092e-01|+2.2073841276001e+00
+0000000000000000064|+0000000000000000003|+0000000000000000000|+3.4600000000000e+00|-7.2369536000003e+00|+1.2715818600614e-01|+2.1647911743998e+00
+0000000000000000064|+0000000000000000003|+0000000000000000000|+3.4500000000000e+00|-7.4212870000000e+00|+1.2735386339651e-01|+2.1987318684005e+00
+0000000000000000064|+0000000000000000003|+0000000000000000000|+3.4400000000000e+00|-7.4294520000000e+00|+1.2767951659631e-01|+2.3126497975011e+00
+0000000000000000064|+0000000000000000003|+0000000000000000000|+3.4300000000000e+00|-7.4151933000002e+00|+1.2703090133134e-01|+2.2234144838997e+00
+0000000000000000064|+0000000000000000003|+0000000000000000000|+3.4200000000000e+00|-7.3748020000001e+00|+1.2681267442145e-01|+2.2345883900004e+00
+0000000000000000064|+0000000000000000003|+0000000000000000000|+3.4100000000000e+00|-7.4023795000002e+00|+1.2654977132560e-01|+2.2162104975008e+00
+0000000000000000064|+0000000000000000003|+0000000000000000000|+3.4000000000000e+00|-7.4895720000003e+00|+1.2667616844082e-01|+2.2653914235992e+00
+0000000000000000064|+0000000000000000003|+0000000000000000000|+3.3900000000000e+00|-7.5375700000001e+00|+1.2699889481897e-01|+2.3702110000000e+00
+0000000000000000064|+0000000000000000003|+0000000000000000000|+3.3800000000000e+00|-7.5601284000001e+00|+1.2637154374882e-01|+2.2730705276004e+00
+0000000000000000064|+0000000000000000003|+0000000000000000000|+3.3700000000000e+00|-7.5771115000003e+00|+1.2614162301105e-01|+2.2652583974986e+00
+0000000000000000064|+0000000000000000003|+0000000000000000000|+3.3600000000000e+00|-7.5066112000000e+00|+1.2617839055492e-01|+2.3430172736014e+00
+0000000000000000064|+0000000000000000003|+0000000000000000000|+3.3500000000000e+00|-7.5836000000002e+00|+1.2597941333908e-01|+2.3245439999997e+00
+0000000000000000064|+0000000000000000003|+0000000000000000000|+3.3400000000000e+00|-7.5809038000003e+00|+1.2651545912991e-01|+2.4960906750986e+00
+0000000000000000064|+0000000000000000003|+0000000000000000000|+3.3300000000000e+00|-7.5096175000001e+00|+1.2561711844058e-01|+2.3639674375002e+00
+0000000000000000064|+0000000000000000003|+0000000000000000000|+3.3200000000000e+00|-7.6164644000001e+00|+1.2575488362298e-01|+2.4133066711006e+00
+0000000000000000064|+0000000000000000003|+0000000000000000000|+3.3100000000000e+00|-7.6912692000000e+00|+1.2483908490544e-01|+2.2320246576017e+00
+0000000000000000064|+0000000000000000003|+0000000000000000000|+3.3000000000000e+00|-7.6902220000002e+00|+1.2523016345296e-01|+2.3721325244004e+00
+0000000000000000064|+0000000000000000003|+0000000000000000000|+3.2900000000000e+00|-7.7137545000003e+00|+1.2558847951182e-01|+2.4991118974987e+00
+0000000000000000064|+0000000000000000003|+0000000000000000000|+3.2800000000000e+00|-7.8524264000002e+00|+1.2566783514861e-01|+2.5275409831001e+00
+0000000000000000064|+0000000000000000003|+0000000000000000000|+3.2700000000000e+00|-7.7684647000002e+00|+1.2497986623165e-01|+2.4447222078998e+00
+0000000000000000064|+0000000000000000003|+0000000000000000000|+3.2600000000000e+00|-7.8331902000002e+00|+1.2555763379661e-01|+2.6134996870996e+00
+0000000000000000064|+0000000000000000003|+0000000000000000000|+3.2500000000000e+00|-7.8270925000002e+00|+1.2513600456746e-01|+2.5691348398990e+00
+0000000000000000064|+0000000000000000003|+0000000000000000000|+3.2400000000000e+00|-7.6801828000001e+00|+1.2431736045006e-01|+2.4737858191009e+00
+0000000000000000064|+0000000000000000003|+0000000000000000000|+3.2300000000000e+00|-7.8398859000002e+00|+1.2473323554051e-01|+2.5769834511001e+00
+0000000000000000064|+0000000000000000003|+0000000000000000000|+3.2200000000000e+00|-7.8745158000003e+00|+1.2380269952629e-01|+2.3976521079004e+00
+0000000000000000064|+0000000000000000003|+0000000000000000000|+3.2100000000000e+00|-7.8953566000001e+00|+1.2477610232114e-01|+2.6796220284011e+00
+0000000000000000064|+0000000000000000003|+0000000000000000000|+3.2000000000000e+00|-7.9751360000002e+00|+1.2376620243603e-01|+2.4653296270987e+00
+0000000000000000064|+0000000000000000003|+0000000000000000000|+3.1900000000000e+00|-8.0555221000003e+00|+1.2389791660038e-01|+2.5269475718998e+00
+0000000000000000064|+0000000000000000003|+0000000000000000000|+3.1800000000000e+00|-8.0207452000002e+00|+1.2410275109824e-01|+2.6436411804002e+00
+0000000000000000064|+0000000000000000003|+0000000000000000000|+3.1700000000000e+00|-8.0488924000003e+00|+1.2382331932702e-01|+2.6223589615988e+00
+0000000000000000064|+0000000000000000003|+0000000000000000000|+3.1600000000000e+00|-8.0679784000002e+00|+1.2378889359038e-01|+2.6645135323992e+00
+0000000000000000064|+0000000000000000003|+0000000000000000000|+3.1500000000000e+00|-8.0133790000003e+00|+1.2345743768249e-01|+2.6565889243989e+00
+0000000000000000064|+0000000000000000003|+0000000000000000000|+3.1400000000000e+00|-8.1656868000003e+00|+1.2379798817355e-01|+2.7510077755998e+00
+0000000000000000064|+0000000000000000003|+0000000000000000000|+3.1300000000000e+00|-8.1020295000003e+00|+1.2309581710047e-01|+2.6530123774996e+00
+0000000000000000064|+0000000000000000003|+0000000000000000000|+3.1200000000000e+00|-8.1733696000002e+00|+1.2303477360540e-01|+2.6729438336013e+00
+0000000000000000064|+0000000000000000003|+0000000000000000000|+3.1100000000000e+00|-8.1454039000001e+00|+1.2300315463715e-01|+2.7326459198999e+00
+0000000000000000064|+0000000000000000003|+0000000000000000000|+3.1000000000000e+00|-8.2348690000003e+00|+1.2225782160164e-01|+2.5730185798993e+00
+0000000000000000064|+0000000000000000003|+0000000000000000000|+3.0900000000000e+00|-8.1016492000003e+00|+1.2205973690432e-01|+2.6242707055999e+00
+0000000000000000064|+0000000000000000003|+0000000000000000000|+3.0800000000000e+00|-8.2876320000002e+00|+1.2257564062580e-01|+2.7562558400000e+00
+0000000000000000064|+0000000000000000003|+0000000000000000000|+3.0700000000000e+00|-8.3072273000002e+00|+1.2304901128100e-01|+2.9339582279004e+00
+0000000000000000064|+0000000000000000003|+0000000000000000000|+3.0600000000000e+00|-8.2946002000002e+00|+1.2259947976995e-01|+2.8824188511012e+00
+0000000000000000064|+0000000000000000003|+0000000000000000000|+3.0500000000000e+00|-8.3307905000004e+00|+1.2261934532281e-01|+2.9380372958991e+00
+0000000000000000064|+0000000000000000003|+0000000000000000000|+3.0400000000000e+00|-8.4425488000003e+00|+1.2253214148676e-01|+2.9411459591001e+00
+0000000000000000064|+0000000000000000003|+0000000000000000000|+3.0300000000000e+00|-8.3935057000003e+00|+1.2174809095288e-01|+2.8122331839000e+00
+0000000000000000064|+0000000000000000003|+0000000000000000000|+3.0200000000000e+00|-8.4478566000001e+00|+1.2184017434735e-01|+2.8817715111016e+00
+0000000000000000064|+0000000000000000003|+0000000000000000000|+3.0100000000000e+00|-8.5024998000003e+00|+1.2199387364708e-01|+2.9688022395993e+00
+0000000000000000064|+0000000000000000003|+0000000000000000000|+3.0000000000000e+00|-8.5446100000002e+00|+1.2144872158236e-01|+2.8721488831012e+00
+0000000000000000064|+0000000000000000003|+0000000000000000000|+2.9900000000000e+00|-8.5383602000003e+00|+1.2176518222656e-01|+3.0249183196002e+00
+0000000000000000064|+0000000000000000003|+0000000000000000000|+2.9800000000000e+00|-8.5564888000002e+00|+1.2165498504824e-01|+3.0546166064010e+00
+0000000000000000064|+0000000000000000003|+0000000000000000000|+2.9700000000000e+00|-8.5697545000003e+00|+1.2074743425498e-01|+2.8673579774998e+00
+0000000000000000064|+0000000000000000003|+0000000000000000000|+2.9600000000000e+00|-8.5995672000004e+00|+1.2078090850484e-01|+2.9322237550993e+00
+0000000000000000064|+0000000000000000003|+0000000000000000000|+2.9500000000000e+00|-8.6226800000003e+00|+1.2087213334355e-01|+3.0162838399999e+00
+0000000000000000064|+0000000000000000003|+0000000000000000000|+2.9400000000000e+00|-8.7154132000003e+00|+1.2067859288045e-01|+2.9982125115994e+00
+0000000000000000064|+0000000000000000003|+0000000000000000000|+2.9300000000000e+00|-8.7899071000005e+00|+1.2089197551455e-01|+3.1007530390980e+00
+0000000000000000064|+0000000000000000003|+0000000000000000000|+2.9200000000000e+00|-8.7228456000003e+00|+1.2038470924697e-01|+3.0493034076002e+00
+0000000000000000064|+0000000000000000003|+0000000000000000000|+2.9100000000000e+00|-8.8359718000002e+00|+1.2018834836734e-01|+3.0237323196011e+00
+0000000000000000064|+0000000000000000003|+0000000000000000000|+2.9000000000000e+00|-8.7463920000002e+00|+1.2031915520043e-01|+3.1614717696000e+00
+0000000000000000064|+0000000000000000003|+0000000000000000000|+2.8900000000000e+00|-8.8753508000005e+00|+1.2054752413737e-01|+3.2534045615984e+00
+0000000000000000064|+0000000000000000003|+0000000000000000000|+2.8800000000000e+00|-8.8604320000003e+00|+1.2042872820551e-01|+3.2959874775004e+00
+0000000000000000064|+0000000000000000003|+0000000000000000000|+2.8700000000000e+00|-8.9184797000003e+00|+1.1978928815768e-01|+3.1619115638998e+00
+0000000000000000064|+0000000000000000003|+0000000000000000000|+2.8600000000000e+00|-8.9599762000003e+00|+1.1960117598282e-01|+3.1645284111003e+00
+0000000000000000064|+0000000000000000003|+0000000000000000000|+2.8500000000000e+00|-8.8853590000003e+00|+1.1945376663944e-01|+3.2200038524022e+00
+0000000000000000064|+0000000000000000003|+0000000000000000000|+2.8400000000000e+00|-8.9944344000001e+00|+1.1927240769405e-01|+3.2013306844024e+00
+0000000000000000064|+0000000000000000003|+0000000000000000000|+2.8300000000000e+00|-9.0546119000004e+00|+1.1924011907549e-01|+3.2443019750989e+00
+0000000000000000064|+0000000000000000003|+0000000000000000000|+2.8200000000000e+00|-9.1654012000003e+00|+1.1943263059830e-01|+3.3374625244005e+00
+0000000000000000064|+0000000000000000003|+0000000000000000000|+2.8100000000000e+00|-9.0648904000003e+00|+1.1922972983467e-01|+3.3878404544011e+00
+0000000000000000064|+0000000000000000003|+0000000000000000000|+2.8000000000000e+00|-9.1281360000002e+00|+1.1921259430453e-01|+3.4366624956014e+00
+0000000000000000064|+0000000000000000003|+0000000000000000000|+2.7900000000000e+00|-9.1854499000005e+00|+1.1906893971057e-01|+3.4496655238989e+00
+0000000000000000064|+0000000000000000003|+0000000000000000000|+2.7800000000000e+00|-9.2444553000004e+00|+1.1899609847207e-01|+3.4841582617750e+00
+0000000000000000064|+0000000000000000003|+0000000000000000000|+2.7700000000000e+00|-9.2820025000005e+00|+1.1879880200673e-01|+3.4884194374984e+00
+0000000000000000064|+0000000000000000003|+0000000000000000000|+2.7600000000000e+00|-9.2680720000003e+00|+1.1890947214809e-01|+3.6075151599997e+00
+0000000000000000064|+0000000000000000003|+0000000000000000000|+2.7500000000000e+00|-9.3747950000004e+00|+1.1819430870503e-01|+3.4253606556016e+00
+0000000000000000064|+0000000000000000003|+0000000000000000000|+2.7400000000000e+00|-9.2685922000006e+00|+1.1824560854172e-01|+3.5604340590972e+00
+0000000000000000064|+0000000000000000003|+0000000000000000000|+2.7300000000000e+00|-9.4321726000003e+00|+1.1825785821367e-01|+3.5859053756010e+00
+0000000000000000064|+0000000000000000003|+0000000000000000000|+2.7200000000000e+00|-9.3142160000002e+00|+1.1772191192549e-01|+3.5407600975032e+00
+0000000000000000064|+0000000000000000003|+0000000000000000000|+2.7100000000000e+00|-9.3200204000005e+00|+1.1726506876557e-01|+3.4748923823999e+00
+0000000000000000064|+0000000000000000003|+0000000000000000000|+2.7000000000000e+00|-9.4103860000005e+00|+1.1731336102750e-01|+3.5394296476000e+00
+0000000000000000064|+0000000000000000003|+0000000000000000000|+2.6900000000000e+00|-9.4482194000005e+00|+1.1789323439459e-01|+3.7974237723980e+00
+0000000000000000064|+0000000000000000003|+0000000000000000000|+2.6800000000000e+00|-9.5540700000003e+00|+1.1712397958988e-01|+3.5923424375012e+00
+0000000000000000064|+0000000000000000003|+0000000000000000000|+2.6700000000000e+00|-9.7105531000005e+00|+1.1723659902916e-01|+3.6560030751002e+00
+0000000000000000064|+0000000000000000003|+0000000000000000000|+2.6600000000000e+00|-9.5937018000003e+00|+1.1704895056749e-01|+3.7242949070996e+00
+0000000000000000064|+0000000000000000003|+0000000000000000000|+2.6500000000000e+00|-9.5750020000003e+00|+1.1698844756936e-01|+3.7985798576025e+00
+0000000000000000064|+0000000000000000003|+0000000000000000000|+2.6400000000000e+00|-9.6726904000005e+00|+1.1648145227223e-01|+3.6802422878998e+00
+0000000000000000064|+0000000000000000003|+0000000000000000000|+2.6300000000000e+00|-9.7448065000003e+00|+1.1678472959408e-01|+3.8433764974999e+00
+0000000000000000064|+0000000000000000003|+0000000000000000000|+2.6200000000000e+00|-9.8772678000003e+00|+1.1673818390855e-01|+3.8671939839012e+00
+0000000000000000064|+0000000000000000003|+0000000000000000000|+2.6100000000000e+00|-9.8719951000005e+00|+1.1650924649018e-01|+3.8819987318996e+00
+0000000000000000064|+0000000000000000003|+0000000000000000000|+2.6000000000000e+00|-9.8851680000004e+00|+1.1679056470786e-01|+4.0658702976020e+00
+0000000000000000064|+0000000000000000003|+0000000000000000000|+2.5900000000000e+00|-9.9423305000003e+00|+1.1635533314522e-01|+3.9864433975032e+00
+0000000000000000064|+0000000000000000003|+0000000000000000000|+2.5800000000000e+00|-9.9298626210529e+00|+1.1607235512990e-01|+3.9864488161893e+00
+0000000000000000064|+0000000000000000003|+0000000000000000000|+2.5700000000000e+00|-9.9138473000005e+00|+1.1585481653164e-01|+4.0108669679007e+00
+0000000000000000064|+0000000000000000003|+0000000000000000000|+2.5600000000000e+00|-1.0070195200001e+01|+1.1584006476625e-01|+4.0399303310992e+00
+0000000000000000064|+0000000000000000003|+0000000000000000000|+2.5500000000000e+00|-1.0057379500001e+01|+1.1545836353494e-01|+4.0056422518971e+00
+0000000000000000064|+0000000000000000003|+0000000000000000000|+2.5400000000000e+00|-1.0137050600001e+01|+1.1565109129098e-01|+4.1400994278967e+00
+0000000000000000064|+0000000000000000003|+0000000000000000000|+2.5300000000000e+00|-1.0106549650000e+01|+1.1522527291836e-01|+4.0972031609757e+00
+0000000000000000064|+0000000000000000003|+0000000000000000000|+2.5200000000000e+00|-1.0187370400001e+01|+1.1495214214976e-01|+4.0650293595983e+00
+0000000000000000064|+0000000000000000003|+0000000000000000000|+2.5100000000000e+00|-1.0242622300001e+01|+1.1519588725861e-01|+4.2314681270995e+00
+0000000000000000064|+0000000000000000003|+0000000000000000000|+2.5000000000000e+00|-1.0206925000000e+01|+1.1493857290742e-01|+4.2525171271021e+00
+0000000000000000064|+0000000000000000003|+0000000000000000000|+2.4900000000000e+00|-1.0276340500001e+01|+1.1429803218044e-01|+4.0901355974992e+00
+0000000000000000064|+0000000000000000003|+0000000000000000000|+2.4800000000000e+00|-1.0313834400001e+01|+1.1459638968742e-01|+4.2878322790987e+00
+0000000000000000064|+0000000000000000003|+0000000000000000000|+2.4700000000000e+00|-1.0475527900001e+01|+1.1422004482926e-01|+4.1853802351009e+00
+0000000000000000064|+0000000000000000003|+0000000000000000000|+2.4600000000000e+00|-1.0503609400001e+01|+1.1397611349168e-01|+4.1862771479006e+00
+0000000000000000064|+0000000000000000003|+0000000000000000000|+2.4500000000000e+00|-1.0449802500000e+01|+1.1391367732274e-01|+4.2895903975032e+00
+0000000000000000064|+0000000000000000003|+0000000000000000000|+2.4400000000000e+00|-1.0554893200001e+01|+1.1420220257756e-01|+4.4635933190981e+00
+0000000000000000064|+0000000000000000003|+0000000000000000000|+2.4300000000000e+00|-1.0612431400001e+01|+1.1370051477955e-01|+4.3551854395983e+00
+0000000000000000064|+0000000000000000003|+0000000000000000000|+2.4200000000000e+00|-1.0614213180001e+01|+1.1388178144570e-01|+4.5337129459596e+00
+0000000000000000064|+0000000000000000003|+0000000000000000000|+2.4100000000000e+00|-1.0765932000000e+01|+1.1397693292971e-01|+4.6191569600039e+00
+0000000000000000064|+0000000000000000003|+0000000000000000000|+2.4000000000000e+00|-1.0709488000001e+01|+1.1387128727116e-01|+4.7137088155982e+00
+0000000000000000064|+0000000000000000003|+0000000000000000000|+2.3900000000000e+00|-1.0760015800001e+01|+1.1328588318987e-01|+4.5740869116003e+00
+0000000000000000064|+0000000000000000003|+0000000000000000000|+2.3800000000000e+00|-1.0854803600000e+01|+1.1348526567576e-01|+4.7280813116035e+00
+0000000000000000064|+0000000000000000003|+0000000000000000000|+2.3700000000000e+00|-1.0946106400001e+01|+1.1362775941713e-01|+4.8634466815963e+00
+0000000000000000064|+0000000000000000003|+0000000000000000000|+2.3600000000000e+00|-1.0862036800001e+01|+1.1302825399945e-01|+4.7735348655995e+00
+0000000000000000064|+0000000000000000003|+0000000000000000000|+2.3500000000000e+00|-1.0928319500001e+01|+1.1257259922869e-01|+4.6775332831004e+00
+0000000000000000064|+0000000000000000003|+0000000000000000000|+2.3400000000000e+00|-1.1026375600000e+01|+1.1270560280334e-01|+4.8088077244008e+00
+0000000000000000064|+0000000000000000003|+0000000000000000000|+2.3300000000000e+00|-1.1000883950001e+01|+1.1248540186565e-01|+4.8490382507768e+00
+0000000000000000064|+0000000000000000003|+0000000000000000000|+2.3200000000000e+00|-1.1050326000001e+01|+1.1214756433998e-01|+4.8085293693728e+00
+0000000000000000064|+0000000000000000003|+0000000000000000000|+2.3100000000000e+00|-1.1109728200001e+01|+1.1235178477694e-01|+4.9911246715944e+00
+0000000000000000064|+0000000000000000003|+0000000000000000000|+2.3000000000000e+00|-1.1151910000001e+01|+1.1202129936911e-01|+4.9576131100021e+00
+0000000000000000064|+0000000000000000003|+0000000000000000000|+2.2900000000000e+00|-1.1182644500001e+01|+1.1206060635705e-01|+5.0866652974965e+00
+0000000000000000064|+0000000000000000003|+0000000000000000000|+2.2800000000000e+00|-1.1349184000001e+01|+1.1202081119341e-01|+5.1242561599999e+00
+0000000000000000064|+0000000000000000003|+0000000000000000000|+2.2700000000000e+00|-1.1334595100001e+01|+1.1171585067274e-01|+5.1276565830989e+00
+0000000000000000064|+0000000000000000003|+0000000000000000000|+2.2600000000000e+00|-1.1405605200001e+01|+1.1158307650746e-01|+5.1685157595990e+00
+0000000000000000064|+0000000000000000003|+0000000000000000000|+2.2500000000000e+00|-1.1331872500001e+01|+1.1096963347164e-01|+5.0634208679002e+00
+0000000000000000064|+0000000000000000003|+0000000000000000000|+2.2400000000000e+00|-1.1542060800001e+01|+1.1182025230608e-01|+5.4789079036027e+00
+0000000000000000064|+0000000000000000003|+0000000000000000000|+2.2300000000000e+00|-1.1627117900001e+01|+1.1098980325549e-01|+5.2055284870999e+00
+0000000000000000064|+0000000000000000003|+0000000000000000000|+2.2200000000000e+00|-1.1562549400001e+01|+1.1109020987795e-01|+5.4153775270951e+00
+0000000000000000064|+0000000000000000003|+0000000000000000000|+2.2100000000000e+00|-1.1668340300001e+01|+1.1099630908595e-01|+5.4631260751027e+00
+0000000000000000064|+0000000000000000003|+0000000000000000000|+2.2000000000000e+00|-1.1722272000001e+01|+1.1060914606904e-01|+5.4013634623998e+00
+0000000000000000064|+0000000000000000003|+0000000000000000000|+2.1900000000000e+00|-1.1770588300001e+01|+1.1022360024467e-01|+5.3423996351025e+00
+0000000000000000064|+0000000000000000003|+0000000000000000000|+2.1800000000000e+00|-1.1828180600001e+01|+1.1042839468550e-01|+5.5522841911031e+00
+0000000000000000064|+0000000000000000003|+0000000000000000000|+2.1700000000000e+00|-1.1882304200001e+01|+1.1029357503199e-01|+5.6085204924012e+00
+0000000000000000064|+0000000000000000003|+0000000000000000000|+2.1600000000000e+00|-1.1909300800001e+01|+1.1026615433936e-01|+5.7291665756012e+00
+0000000000000000064|+0000000000000000003|+0000000000000000000|+2.1500000000000e+00|-1.2002394500001e+01|+1.1006920855627e-01|+5.7404095870965e+00
+0000000000000000064|+0000000000000000003|+0000000000000000000|+2.1400000000000e+00|-1.2109466000001e+01|+1.0980650767963e-01|+5.7141183900000e+00
+0000000000000000064|+0000000000000000003|+0000000000000000000|+2.1300000000000e+00|-1.2118327900001e+01|+1.1002919421712e-01|+5.9688533911029e+00
+0000000000000000064|+0000000000000000003|+0000000000000000000|+2.1200000000000e+00|-1.2188092800001e+01|+1.0927555549052e-01|+5.7228489663984e+00
+0000000000000000064|+0000000000000000003|+0000000000000000000|+2.1100000000000e+00|-1.2271682400001e+01|+1.0983152927477e-01|+6.1104502143968e+00
+0000000000000000064|+0000000000000000003|+0000000000000000000|+2.1000000000000e+00|-1.2239818000001e+01|+1.0903054131105e-01|+5.8868671035973e+00
+0000000000000000064|+0000000000000000003|+0000000000000000000|+2.0900000000000e+00|-1.2411622200001e+01|+1.0901675324140e-01|+5.9555298235992e+00
+0000000000000000064|+0000000000000000003|+0000000000000000000|+2.0800000000000e+00|-1.2326443200001e+01|+1.0874607805096e-01|+6.0203095758977e+00
+0000000000000000064|+0000000000000000003|+0000000000000000000|+2.0700000000000e+00|-1.2378026200001e+01|+1.0898900814211e-01|+6.2805774043972e+00
+0000000000000000064|+0000000000000000003|+0000000000000000000|+2.0600000000000e+00|-1.2550363400001e+01|+1.0883964154641e-01|+6.2859555678970e+00
+0000000000000000064|+0000000000000000003|+0000000000000000000|+2.0500000000000e+00|-1.2599964000001e+01|+1.0828978925882e-01|+6.1451830336051e+00
+0000000000000000064|+0000000000000000003|+0000000000000000000|+2.0400000000000e+00|-1.2643747600001e+01|+1.0792231799504e-01|+6.1003880438999e+00
+0000000000000000064|+0000000000000000003|+0000000000000000000|+2.0300000000000e+00|-1.2666536600001e+01|+1.0769823320199e-01|+6.1405096315990e+00
+0000000000000000064|+0000000000000000003|+0000000000000000000|+2.0200000000000e+00|-1.2674885600001e+01|+1.0832029301695e-01|+6.6360789615976e+00
+0000000000000000064|+0000000000000000003|+0000000000000000000|+2.0100000000000e+00|-1.2891943000001e+01|+1.0823338260623e-01|+6.6582835099977e+00
+0000000000000000064|+0000000000000000003|+0000000000000000000|+2.0000000000000e+00|-1.2896020000001e+01|+1.0785602490437e-01|+6.6313870399013e+00
+0000000000000000064|+0000000000000000003|+0000000000000000000|+1.9900000000000e+00|-1.2978079500001e+01|+1.0738320578823e-01|+6.5133757974987e+00
+0000000000000000064|+0000000000000000003|+0000000000000000000|+1.9800000000000e+00|-1.3124239600001e+01|+1.0783276034769e-01|+6.8670083996036e+00
+0000000000000000064|+0000000000000000003|+0000000000000000000|+1.9700000000000e+00|-1.3067512700001e+01|+1.0710568565125e-01|+6.6793288518975e+00
+0000000000000000064|+0000000000000000003|+0000000000000000000|+1.9600000000000e+00|-1.3198907600001e+01|+1.0706755033108e-01|+6.7766766406307e+00
+0000000000000000064|+0000000000000000003|+0000000000000000000|+1.9500000000000e+00|-1.3111748500001e+01|+1.0700363310433e-01|+6.9739423071043e+00
+0000000000000000064|+0000000000000000003|+0000000000000000000|+1.9400000000000e+00|-1.3308797000001e+01|+1.0674513435491e-01|+6.9175194974951e+00
+0000000000000000064|+0000000000000000003|+0000000000000000000|+1.9300000000000e+00|-1.3394584300001e+01|+1.0649649081907e-01|+6.9242493399007e+00
+0000000000000000064|+0000000000000000003|+0000000000000000000|+1.9200000000000e+00|-1.3467212800001e+01|+1.0637525429076e-01|+7.0118768944007e+00
+0000000000000000064|+0000000000000000003|+0000000000000000000|+1.9100000000000e+00|-1.3521211450001e+01|+1.0648565353901e-01|+7.2462627209750e+00
+0000000000000000064|+0000000000000000003|+0000000000000000000|+1.9000000000000e+00|-1.3625954000001e+01|+1.0592363060499e-01|+7.0630534044020e+00
+0000000000000000064|+0000000000000000003|+0000000000000000000|+1.8900000000000e+00|-1.3655095150001e+01|+1.0587915150382e-01|+7.2239318617764e+00
+0000000000000000064|+0000000000000000003|+0000000000000000000|+1.8800000000000e+00|-1.3704980800001e+01|+1.0599002151726e-01|+7.4700794544013e+00
+0000000000000000064|+0000000000000000003|+0000000000000000000|+1.8700000000000e+00|-1.3901674500001e+01|+1.0644451939803e-01|+7.8517816775010e+00
+0000000000000000064|+0000000000000000003|+0000000000000000000|+1.8600000000000e+00|-1.3852050400001e+01|+1.0559740843056e-01|+7.5766453103942e+00
+0000000000000000064|+0000000000000000003|+0000000000000000000|+1.8500000000000e+00|-1.3942992500001e+01|+1.0509777857452e-01|+7.4360405974965e+00
+0000000000000000064|+0000000000000000003|+0000000000000000000|+1.8400000000000e+00|-1.4041860000001e+01|+1.0539065315018e-01|+7.7811224375102e+00
+0000000000000000064|+0000000000000000003|+0000000000000000000|+1.8300000000000e+00|-1.4017747300001e+01|+1.0513337079824e-01|+7.8553333838996e+00
+0000000000000000064|+0000000000000000003|+0000000000000000000|+1.8200000000000e+00|-1.4217425800001e+01|+1.0514280619196e-01|+7.9770942439010e+00
+0000000000000000064|+0000000000000000003|+0000000000000000000|+1.8100000000000e+00|-1.4257448784616e+01|+1.0473237137118e-01|+7.9215362658444e+00
+0000000000000000064|+0000000000000000003|+0000000000000000000|+1.8000000000000e+00|-1.4400580000001e+01|+1.0472548719928e-01|+8.0686003899961e+00
+0000000000000000064|+0000000000000000003|+0000000000000000000|+1.7900000000000e+00|-1.4393631700001e+01|+1.0417983154481e-01|+7.9519736670979e+00
+0000000000000000064|+0000000000000000003|+0000000000000000000|+1.7800000000000e+00|-1.4526334200001e+01|+1.0412622725957e-01|+8.0782082079004e+00
+0000000000000000064|+0000000000000000003|+0000000000000000000|+1.7700000000000e+00|-1.4650491700001e+01|+1.0421433391556e-01|+8.3066944359008e+00
+0000000000000000064|+0000000000000000003|+0000000000000000000|+1.7600000000000e+00|-1.4744139200001e+01|+1.0367704080066e-01|+8.1381889111006e+00
+0000000000000000064|+0000000000000000003|+0000000000000000000|+1.7500000000000e+00|-1.4759685000001e+01|+1.0381946153365e-01|+8.4716991675986e+00
+0000000000000000064|+0000000000000000003|+0000000000000000000|+1.7400000000000e+00|-1.4840173600001e+01|+1.0357839553396e-01|+8.5124222704001e+00
+0000000000000000064|+0000000000000000003|+0000000000000000000|+1.7300000000000e+00|-1.5006746900001e+01|+1.0345475730829e-01|+8.5858174591047e+00
+0000000000000000064|+0000000000000000003|+0000000000000000000|+1.7200000000000e+00|-1.5027947600001e+01|+1.0325277034648e-01|+8.6913922510964e+00
+0000000000000000064|+0000000000000000003|+0000000000000000000|+1.7100000000000e+00|-1.5106660678262e+01|+1.0307335955406e-01|+8.7815603503006e+00
+0000000000000000064|+0000000000000000003|+0000000000000000000|+1.7000000000000e+00|-1.5173121500001e+01|+1.0303588335599e-01|+8.9823562789747e+00
+0000000000000000064|+0000000000000000003|+0000000000000000000|+1.6900000000000e+00|-1.5266325600001e+01|+1.0254765321740e-01|+8.8475913023974e+00
+0000000000000000064|+0000000000000000003|+0000000000000000000|+1.6800000000000e+00|-1.5382115200001e+01|+1.0260853728511e-01|+9.0960307504128e+00
+0000000000000000064|+0000000000000000003|+0000000000000000000|+1.6700000000000e+00|-1.5432342000001e+01|+1.0224451627944e-01|+9.0777532400032e+00
+0000000000000000064|+0000000000000000003|+0000000000000000000|+1.6600000000000e+00|-1.5576679000001e+01|+1.0223327278975e-01|+9.2642915775035e+00
+0000000000000000064|+0000000000000000003|+0000000000000000000|+1.6500000000000e+00|-1.5593062000001e+01|+1.0212092716380e-01|+9.4574312816048e+00
+0000000000000000064|+0000000000000000003|+0000000000000000000|+1.6400000000000e+00|-1.5842850800001e+01|+1.0208925456131e-01|+9.5737140991024e+00
+0000000000000000064|+0000000000000000003|+0000000000000000000|+1.6300000000000e+00|-1.5872040500001e+01|+1.0170978506700e-01|+9.5626605775043e+00
+0000000000000000064|+0000000000000000003|+0000000000000000000|+1.6200000000000e+00|-1.5898507600001e+01|+1.0090255950135e-01|+9.2240136795918e+00
+0000000000000000064|+0000000000000000003|+0000000000000000000|+1.6100000000000e+00|-1.6018797400001e+01|+1.0101211113740e-01|+9.5343538843962e+00
+0000000000000000064|+0000000000000000003|+0000000000000000000|+1.6000000000000e+00|-1.6130288000001e+01|+1.0139789079135e-01|+1.0076789155107e+01
+0000000000000000064|+0000000000000000003|+0000000000000000000|+1.5900000000000e+00|-1.6188098200001e+01|+1.0116170704083e-01|+1.0168743279607e+01
+0000000000000000064|+0000000000000000003|+0000000000000000000|+1.5800000000000e+00|-1.6338188200001e+01|+1.0075563491308e-01|+1.0067493435908e+01
+0000000000000000064|+0000000000000000003|+0000000000000000000|+1.5700000000000e+00|-1.6465805800001e+01|+1.0093837310451e-01|+1.0460484396398e+01
+0000000000000000064|+0000000000000000003|+0000000000000000000|+1.5600000000000e+00|-1.6487436400001e+01|+1.0068605756815e-01|+1.0571286743912e+01
+0000000000000000064|+0000000000000000003|+0000000000000000000|+1.5500000000000e+00|-1.6659522000001e+01|+1.0025282779602e-01|+1.0436622302391e+01
+0000000000000000064|+0000000000000000003|+0000000000000000000|+1.5400000000000e+00|-1.6725892600001e+01|+9.9963368264705e-02|+1.0490336763894e+01
+0000000000000000064|+0000000000000000003|+0000000000000000000|+1.5300000000000e+00|-1.6846321000001e+01|+1.0016830165158e-01|+1.0932539509996e+01
+0000000000000000064|+0000000000000000003|+0000000000000000000|+1.5200000000000e+00|-1.6893384000001e+01|+9.9769168289370e-02|+1.0911951110015e+01
+0000000000000000064|+0000000000000000003|+0000000000000000000|+1.5100000000000e+00|-1.7072347433335e+01|+9.9757440522908e-02|+1.1142613580780e+01
+0000000000000000064|+0000000000000000003|+0000000000000000000|+1.5000000000000e+00|-1.7164465000001e+01|+9.9500917933685e-02|+1.1221212783904e+01
+0000000000000000064|+0000000000000000003|+0000000000000000000|+1.4900000000000e+00|-1.7347816600001e+01|+9.9581644609190e-02|+1.1543117964399e+01
+0000000000000000064|+0000000000000000003|+0000000000000000000|+1.4800000000000e+00|-1.7349371600002e+01|+9.9108828917035e-02|+1.1495027011088e+01
+0000000000000000064|+0000000000000000003|+0000000000000000000|+1.4700000000000e+00|-1.7506072000001e+01|+9.8398794656047e-02|+1.1124818240008e+01
+0000000000000000064|+0000000000000000003|+0000000000000000000|+1.4600000000000e+00|-1.7617391900001e+01|+9.8770701586715e-02|+1.1777710214777e+01
+0000000000000000064|+0000000000000000003|+0000000000000000000|+1.4500000000000e+00|-1.7716548750001e+01|+9.8330867590454e-02|+1.1696043074382e+01
+0000000000000000064|+0000000000000000003|+0000000000000000000|+1.4400000000000e+00|-1.7815936000002e+01|+9.8230000782324e-02|+1.1934188639996e+01
+0000000000000000064|+0000000000000000003|+0000000000000000000|+1.4300000000000e+00|-1.7877928100002e+01|+9.8047657567826e-02|+1.2126940691093e+01
+0000000000000000064|+0000000000000000003|+0000000000000000000|+1.4200000000000e+00|-1.8102607866668e+01|+9.7827494204337e-02|+1.2173632629291e+01
+0000000000000000064|+0000000000000000003|+0000000000000000000|+1.4100000000000e+00|-1.8169090150001e+01|+9.7547677540832e-02|+1.2276827762790e+01
+0000000000000000064|+0000000000000000003|+0000000000000000000|+1.4000000000000e+00|-1.8353391375001e+01|+9.7453886182663e-02|+1.2483854151070e+01
+0000000000000000064|+0000000000000000003|+0000000000000000000|+1.3900000000000e+00|-1.8496072900001e+01|+9.7482011281796e-02|+1.2850463827914e+01
+0000000000000000064|+0000000000000000003|+0000000000000000000|+1.3800000000000e+00|-1.8610447175001e+01|+9.7022386834486e-02|+1.2750265188803e+01
+0000000000000000064|+0000000000000000003|+0000000000000000000|+1.3700000000000e+00|-1.8737950000002e+01|+9.6746274539718e-02|+1.2828635000001e+01
+0000000000000000064|+0000000000000000003|+0000000000000000000|+1.3600000000000e+00|-1.8842607200002e+01|+9.6552784847860e-02|+1.3013156567097e+01
+0000000000000000064|+0000000000000000003|+0000000000000000000|+1.3500000000000e+00|-1.8972395500002e+01|+9.6297639068599e-02|+1.3119531271092e+01
+0000000000000000064|+0000000000000000003|+0000000000000000000|+1.3400000000000e+00|-1.9120758800002e+01|+9.6237669294944e-02|+1.3424933967605e+01
+0000000000000000064|+0000000000000000003|+0000000000000000000|+1.3300000000000e+00|-1.9253505100002e+01|+9.5916545028944e-02|+1.3467959939103e+01
+0000000000000000064|+0000000000000000003|+0000000000000000000|+1.3200000000000e+00|-1.9387679200002e+01|+9.5769063183967e-02|+1.3703068396394e+01
+0000000000000000064|+0000000000000000003|+0000000000000000000|+1.3100000000000e+00|-1.9542696700002e+01|+9.5606235555578e-02|+1.3912621375097e+01
+0000000000000000064|+0000000000000000003|+0000000000000000000|+1.3000000000000e+00|-1.9677600000002e+01|+9.5345136601244e-02|+1.4033716000012e+01
+0000000000000000064|+0000000000000000003|+0000000000000000000|+1.2900000000000e+00|-1.9853394700002e+01|+9.4919668673319e-02|+1.3939995255106e+01
+0000000000000000064|+0000000000000000003|+0000000000000000000|+1.2800000000000e+00|-1.9972008533335e+01|+9.5005217762601e-02|+1.4481638859324e+01
+0000000000000000064|+0000000000000000003|+0000000000000000000|+1.2700000000000e+00|-2.0084046200002e+01|+9.4950968347168e-02|+1.4880717676393e+01
+0000000000000000064|+0000000000000000003|+0000000000000000000|+1.2600000000000e+00|-2.0245232200002e+01|+9.4522765734686e-02|+1.4807007619107e+01
+0000000000000000064|+0000000000000000003|+0000000000000000000|+1.2500000000000e+00|-2.0414962500002e+01|+9.4653063712215e-02|+1.5401191919110e+01
+0000000000000000064|+0000000000000000003|+0000000000000000000|+1.2400000000000e+00|-2.0567307600002e+01|+9.3759733343581e-02|+1.4774078859906e+01
+0000000000000000064|+0000000000000000003|+0000000000000000000|+1.2300000000000e+00|-2.0740960900002e+01|+9.3758437889256e-02|+1.5219957831089e+01
+0000000000000000064|+0000000000000000003|+0000000000000000000|+1.2200000000000e+00|-2.0857634600002e+01|+9.3805062677169e-02|+1.5787949635104e+01
+0000000000000000064|+0000000000000000003|+0000000000000000000|+1.2100000000000e+00|-2.1100571700002e+01|+9.3516488403791e-02|+1.5841062047097e+01
+0000000000000000064|+0000000000000000003|+0000000000000000000|+1.2000000000000e+00|-2.1174340000002e+01|+9.2789534464902e-02|+1.5473027197513e+01
+0000000000000000064|+0000000000000000003|+0000000000000000000|+1.1900000000000e+00|-2.1314808400002e+01|+9.2841345252356e-02|+1.6059538430391e+01
+0000000000000000064|+0000000000000000003|+0000000000000000000|+1.1800000000000e+00|-2.1457858600002e+01|+9.2691555817633e-02|+1.6394987307101e+01
+0000000000000000064|+0000000000000000003|+0000000000000000000|+1.1700000000000e+00|-2.1719497000002e+01|+9.2610305199597e-02|+1.6733361189999e+01
+0000000000000000064|+0000000000000000003|+0000000000000000000|+1.1600000000000e+00|-2.1801667680002e+01|+9.2190952548817e-02|+1.6775626960496e+01
+0000000000000000064|+0000000000000000003|+0000000000000000000|+1.1500000000000e+00|-2.2015304500002e+01|+9.1937412289600e-02|+1.6936729771110e+01
+0000000000000000064|+0000000000000000003|+0000000000000000000|+1.1400000000000e+00|-2.2202907400002e+01|+9.1703655630235e-02|+1.7155956111900e+01
+0000000000000000064|+0000000000000000003|+0000000000000000000|+1.1300000000000e+00|-2.2349472987502e+01|+9.1474172662779e-02|+1.7426557007795e+01
+0000000000000000064|+0000000000000000003|+0000000000000000000|+1.1200000000000e+00|-2.2548317600002e+01|+9.1125235197509e-02|+1.7486978138965e+01
+0000000000000000064|+0000000000000000003|+0000000000000000000|+1.1100000000000e+00|-2.2716467650002e+01|+9.0931009099995e-02|+1.7807756366783e+01
+0000000000000000064|+0000000000000000003|+0000000000000000000|+1.1000000000000e+00|-2.2926660800002e+01|+9.0938431963696e-02|+1.8405278844416e+01
+0000000000000000064|+0000000000000000003|+0000000000000000000|+1.0900000000000e+00|-2.3037380900002e+01|+9.0308401429036e-02|+1.8144241139891e+01
+0000000000000000064|+0000000000000000003|+0000000000000000000|+1.0800000000000e+00|-2.3288872000002e+01|+9.0077149144726e-02|+1.8363196439992e+01
+0000000000000000064|+0000000000000000003|+0000000000000000000|+1.0700000000000e+00|-2.3482603000002e+01|+9.0403438204564e-02|+1.9524201590024e+01
+0000000000000000064|+0000000000000000003|+0000000000000000000|+1.0600000000000e+00|-2.3571825000002e+01|+8.9508179621537e-02|+1.8870590937512e+01
+0000000000000000064|+0000000000000000003|+0000000000000000000|+1.0500000000000e+00|-2.3817165250002e+01|+8.9715793253062e-02|+1.9839603767978e+01
+0000000000000000064|+0000000000000000003|+0000000000000000000|+1.0400000000000e+00|-2.3962223200002e+01|+8.9641843513799e-02|+2.0476935371125e+01
+0000000000000000064|+0000000000000000003|+0000000000000000000|+1.0300000000000e+00|-2.4173995800002e+01|+8.8772696728961e-02|+1.9736846620444e+01
+0000000000000000064|+0000000000000000003|+0000000000000000000|+1.0200000000000e+00|-2.4474778600002e+01|+8.8762951786537e-02|+2.0354155195092e+01
+0000000000000000064|+0000000000000000003|+0000000000000000000|+1.0100000000000e+00|-2.4709015400002e+01|+8.8183651836959e-02|+2.0076151948400e+01
+0000000000000000064|+0000000000000000003|+0000000000000000000|+1.0000000000000e+00|-2.4793020000002e+01|+8.8398718097594e-02|+2.1342499279611e+01
+0000000000000000064|+0000000000000000003|+0000000000000000000|+9.9000000000004e-01|-2.5025999800002e+01|+8.7768863984851e-02|+2.0987951919621e+01
+0000000000000000064|+0000000000000000003|+0000000000000000000|+9.8000000000004e-01|-2.5210268500003e+01|+8.7451691525243e-02|+2.1245598269374e+01
+0000000000000000064|+0000000000000000003|+0000000000000000000|+9.7000000000004e-01|-2.5468367800002e+01|+8.6938673581385e-02|+2.1077111852413e+01
+0000000000000000064|+0000000000000000003|+0000000000000000000|+9.6000000000004e-01|-2.5655324800002e+01|+8.6756260550638e-02|+2.1603568783152e+01
+0000000000000000064|+0000000000000000003|+0000000000000000000|+9.5000000000004e-01|-2.5872822000003e+01|+8.6809069411465e-02|+2.2572220062389e+01
+0000000000000000064|+0000000000000000003|+0000000000000000000|+9.4000000000004e-01|-2.6192965400003e+01|+8.6349822180593e-02|+2.2469527091901e+01
+0000000000000000064|+0000000000000000003|+0000000000000000000|+9.3000000000004e-01|-2.6265299800002e+01|+8.6285543046967e-02|+2.3422101260439e+01
+0000000000000000064|+0000000000000000003|+0000000000000000000|+9.2000000000004e-01|-2.6552454909094e+01|+8.5630863131937e-02|+2.2980690035581e+01
+0000000000000000064|+0000000000000000003|+0000000000000000000|+9.1000000000004e-01|-2.6733656800003e+01|+8.5543820094137e-02|+2.3816575449605e+01
+0000000000000000064|+0000000000000000003|+0000000000000000000|+9.0000000000004e-01|-2.7035104000002e+01|+8.5016722856378e-02|+2.3629148406432e+01
+0000000000000000064|+0000000000000000003|+0000000000000000000|+8.9000000000004e-01|-2.7339312650003e+01|+8.4735830309232e-02|+2.3964702641719e+01
+0000000000000000064|+0000000000000000003|+0000000000000000000|+8.8000000000004e-01|-2.7521310200002e+01|+8.4303152212062e-02|+2.4127524188304e+01
+0000000000000000064|+0000000000000000003|+0000000000000000000|+8.7000000000004e-01|-2.7774532578574e+01|+8.4020474224210e-02|+2.4552117988056e+01
+0000000000000000064|+0000000000000000003|+0000000000000000000|+8.6000000000004e-01|-2.7943702800003e+01|+8.3707435473818e-02|+2.5028064079602e+01
+0000000000000000064|+0000000000000000003|+0000000000000000000|+8.5000000000004e-01|-2.8243367500003e+01|+8.3583141976454e-02|+2.5809782297482e+01
+0000000000000000064|+0000000000000000003|+0000000000000000000|+8.4000000000004e-01|-2.8513277513047e+01|+8.2926273854024e-02|+2.5410486217783e+01
+0000000000000000064|+0000000000000000003|+0000000000000000000|+8.3000000000004e-01|-2.8798579000003e+01|+8.2641238188347e-02|+2.5876168310022e+01
+0000000000000000064|+0000000000000000003|+0000000000000000000|+8.2000000000004e-01|-2.9045998800003e+01|+8.2024295678476e-02|+2.5602920604422e+01
+0000000000000000064|+0000000000000000003|+0000000000000000000|+8.1000000000004e-01|-2.9275357900003e+01|+8.1773057584298e-02|+2.6259111011881e+01
+0000000000000000064|+0000000000000000003|+0000000000000000000|+8.0000000000004e-01|-2.9554392000003e+01|+8.1303055106875e-02|+2.6330849859905e+01
+0000000000000000064|+0000000000000000003|+0000000000000000000|+7.9000000000004e-01|-2.9852062500003e+01|+8.1196127228565e-02|+2.7332780937493e+01
+0000000000000000064|+0000000000000000003|+0000000000000000000|+7.8000000000004e-01|-3.0167131000003e+01|+8.1141709477842e-02|+2.8505627897503e+01
+0000000000000000064|+0000000000000000003|+0000000000000000000|+7.7000000000004e-01|-3.0385992900003e+01|+8.0475190479089e-02|+2.8198468607128e+01
+0000000000000000064|+0000000000000000003|+0000000000000000000|+7.6000000000004e-01|-3.0619402000003e+01|+7.9570836823850e-02|+2.7212783397502e+01
+0000000000000000064|+0000000000000000003|+0000000000000000000|+7.5000000000004e-01|-3.0954325000004e+01|+7.9406860845856e-02|+2.8146571190000e+01
+0000000000000000064|+0000000000000000003|+0000000000000000000|+7.4000000000004e-01|-3.1251918100003e+01|+7.9256298736336e-02|+2.9223717930855e+01
+0000000000000000064|+0000000000000000003|+0000000000000000000|+7.3000000000004e-01|-3.1497852800003e+01|+7.8779937779970e-02|+2.9467343110443e+01
+0000000000000000064|+0000000000000000003|+0000000000000000000|+7.2000000000004e-01|-3.1838839600004e+01|+7.8644792128162e-02|+3.0632491846998e+01
+0000000000000000064|+0000000000000000003|+0000000000000000000|+7.1000000000004e-01|-3.2093666700004e+01|+7.8059743615954e-02|+3.0590436527088e+01
+0000000000000000064|+0000000000000000003|+0000000000000000000|+7.0000000000004e-01|-3.2399643000004e+01|+7.7358026627409e-02|+3.0116139739958e+01
+0000000000000000064|+0000000000000000003|+0000000000000000000|+6.9000000000004e-01|-3.2781788500004e+01|+7.6932782472265e-02|+3.0416251777409e+01
+0000000000000000064|+0000000000000000003|+0000000000000000000|+6.8000000000004e-01|-3.3102268400004e+01|+7.6633193088015e-02|+3.1252265723096e+01
+0000000000000000064|+0000000000000000003|+0000000000000000000|+6.7000000000004e-01|-3.3349935911115e+01|+7.6050052517304e-02|+3.1289517059272e+01
+0000000000000000064|+0000000000000000003|+0000000000000000000|+6.6000000000004e-01|-3.3667004700004e+01|+7.5567600757497e-02|+3.1585604403476e+01
+0000000000000000064|+0000000000000000003|+0000000000000000000|+6.5000000000004e-01|-3.4001919750004e+01|+7.5079467318612e-02|+3.1863619797737e+01
+0000000000000000064|+0000000000000000003|+0000000000000000000|+6.4000000000004e-01|-3.4337945600004e+01|+7.4518029933847e-02|+3.1903148758355e+01
+0000000000000000064|+0000000000000000003|+0000000000000000000|+6.3000000000004e-01|-3.4711544200004e+01|+7.3859077785225e-02|+3.1539193004430e+01
+0000000000000000064|+0000000000000000003|+0000000000000000000|+6.2000000000004e-01|-3.4954798200005e+01|+7.3839314686434e-02|+3.3831989607754e+01
+0000000000000000064|+0000000000000000003|+0000000000000000000|+6.1000000000004e-01|-3.5302257700005e+01|+7.2936209990999e-02|+3.2618141335066e+01
+0000000000000000064|+0000000000000000003|+0000000000000000000|+6.0000000000004e-01|-3.5627936000004e+01|+7.2458386262538e-02|+3.3111571055456e+01
+0000000000000000064|+0000000000000000003|+0000000000000000000|+5.9000000000004e-01|-3.5904982100005e+01|+7.1857233071983e-02|+3.3224695623846e+01
+0000000000000000064|+0000000000000000003|+0000000000000000000|+5.8000000000004e-01|-3.6310051000006e+01|+7.1239275609063e-02|+3.3072054930573e+01
+0000000000000000064|+0000000000000000003|+0000000000000000000|+5.7000000000004e-01|-3.6636168100005e+01|+7.0611195718908e-02|+3.3031110651187e+01
+0000000000000000064|+0000000000000000003|+0000000000000000000|+5.6000000000004e-01|-3.6902652000005e+01|+6.9956709696858e-02|+3.3000743797402e+01
+0000000000000000064|+0000000000000000003|+0000000000000000000|+5.5000000000004e-01|-3.7281729440005e+01|+6.9319705338529e-02|+3.2867633284786e+01
+0000000000000000064|+0000000000000000003|+0000000000000000000|+5.4000000000004e-01|-3.7585901200005e+01|+6.8479544350048e-02|+3.1938970671807e+01
+0000000000000000064|+0000000000000000003|+0000000000000000000|+5.3000000000004e-01|-3.7891449800006e+01|+6.7943090518182e-02|+3.2451231164334e+01
+0000000000000000064|+0000000000000000003|+0000000000000000000|+5.2000000000004e-01|-3.8244035741182e+01|+6.7045447046071e-02|+3.1137300364956e+01
+0000000000000000064|+0000000000000000003|+0000000000000000000|+5.1000000000004e-01|-3.8550768400006e+01|+6.6569970057440e-02|+3.2027242174412e+01
+0000000000000000064|+0000000000000000003|+0000000000000000000|+5.0000000000004e-01|-3.8847817000006e+01|+6.5438967055538e-02|+2.9577573338164e+01
+0000000000000000064|+0000000000000000003|+0000000000000000000|+4.9000000000004e-01|-3.9115782500006e+01|+6.4543479542447e-02|+2.8353636937532e+01
+0000000000000000064|+0000000000000000003|+0000000000000000000|+4.8000000000004e-01|-3.9424614400006e+01|+6.3879245281492e-02|+2.8288560361732e+01
+0000000000000000064|+0000000000000000003|+0000000000000000000|+4.7000000000004e-01|-3.9717022700006e+01|+6.2887185345477e-02|+2.6423835851857e+01
+0000000000000000064|+0000000000000000003|+0000000000000000000|+4.6000000000004e-01|-4.0008818600006e+01|+6.2033092243484e-02|+2.5298396372146e+01
+0000000000000000064|+0000000000000000003|+0000000000000000000|+4.5000000000004e-01|-4.0235327500007e+01|+6.1484430856914e-02|+2.6141603297494e+01
+0000000000000000064|+0000000000000000003|+0000000000000000000|+4.4000000000004e-01|-4.0513614800007e+01|+6.0530307565181e-02|+2.4429374531065e+01
+0000000000000000064|+0000000000000000003|+0000000000000000000|+4.3000000000004e-01|-4.0707272400007e+01|+5.9552743990117e-02|+2.2702106577614e+01
+0000000000000000064|+0000000000000000003|+0000000000000000000|+4.2000000000004e-01|-4.0955856400007e+01|+5.8480517071462e-02|+2.0152092463564e+01
+0000000000000000064|+0000000000000000003|+0000000000000000000|+4.1000000000004e-01|-4.1127091600007e+01|+5.7792140429971e-02|+2.0308551262770e+01
+0000000000000000064|+0000000000000000003|+0000000000000000000|+4.0000000000004e-01|-4.1349736000007e+01|+5.6769534356333e-02|+1.8029269564441e+01
+0000000000000000064|+0000000000000000003|+0000000000000000000|+3.9000000000004e-01|-4.1480147650008e+01|+5.5896592120356e-02|+1.6988218896637e+01
+0000000000000000064|+0000000000000000003|+0000000000000000000|+3.8000000000004e-01|-4.1645489600008e+01|+5.5258838926993e-02|+1.7638872633701e+01
+0000000000000000064|+0000000000000000003|+0000000000000000000|+3.7000000000004e-01|-4.1778062900008e+01|+5.4073047647670e-02|+1.4157323970649e+01
+0000000000000000064|+0000000000000000003|+0000000000000000000|+3.6000000000004e-01|-4.1929913200008e+01|+5.3332336039723e-02|+1.4087712843106e+01
+0000000000000000064|+0000000000000000003|+0000000000000000000|+3.5000000000004e-01|-4.2055406250009e+01|+5.2229924540414e-02|+1.1081877734280e+01
+0000000000000000064|+0000000000000000003|+0000000000000000000|+3.4000000000004e-01|-4.2115359000009e+01|+5.1335510079953e-02|+9.9609736772390e+00
+0000000000000000064|+0000000000000000003|+0000000000000000000|+3.3000000000004e-01|-4.2257860600009e+01|+5.0598879949673e-02|+1.0053372607496e+01
+0000000000000000064|+0000000000000000003|+0000000000000000000|+3.2000000000004e-01|-4.2385060800009e+01|+4.9689168052780e-02|+8.6371655111944e+00
+0000000000000000064|+0000000000000000003|+0000000000000000000|+3.1000000000004e-01|-4.2442495833343e+01|+4.8828193025645e-02|+7.9330534934654e+00
+0000000000000000064|+0000000000000000003|+0000000000000000000|+3.0000000000004e-01|-4.2555973000010e+01|+4.7988699126483e-02|+7.3339735918882e+00
+0000000000000000064|+0000000000000000003|+0000000000000000000|+2.9000000000004e-01|-4.2612548500011e+01|+4.6874466521513e-02|+3.9514843774684e+00
+0000000000000000064|+0000000000000000003|+0000000000000000000|+2.8000000000004e-01|-4.2632333800011e+01|+4.6153187515151e-02|+5.1273418030773e+00
+0000000000000000064|+0000000000000000003|+0000000000000000000|+2.7000000000004e-01|-4.2679154971440e+01|+4.5309545576747e-02|+4.9948478257850e+00
+0000000000000000064|+0000000000000000003|+0000000000000000000|+2.6000000000004e-01|-4.2757568600012e+01|+4.4521775877438e-02|+5.6647226076043e+00
+0000000000000000064|+0000000000000000003|+0000000000000000000|+2.5000000000004e-01|-4.2759322500013e+01|+4.3433723452303e-02|+2.7706594555412e+00
+0000000000000000064|+0000000000000000003|+0000000000000000000|+2.4000000000004e-01|-4.2813283240013e+01|+4.2608880250341e-02|+3.4403345068676e+00
+0000000000000000064|+0000000000000000003|+0000000000000000000|+2.3000000000004e-01|-4.2835774636014e+01|+4.1675758466775e-02|+2.9248280279785e+00
+0000000000000000064|+0000000000000000003|+0000000000000000000|+2.2000000000004e-01|-4.2876026720014e+01|+4.0751499082354e-02|+2.7367812295215e+00
+0000000000000000064|+0000000000000000003|+0000000000000000000|+2.1000000000004e-01|-4.2893574000015e+01|+3.9756593032098e-02|+1.7377725284081e+00
+0000000000000000064|+0000000000000000003|+0000000000000000000|+2.0000000000004e-01|-4.2923848000016e+01|+3.8815302524393e-02|+2.0000218221382e+00
+0000000000000000064|+0000000000000000003|+0000000000000000000|+1.9000000000004e-01|-4.2931250000016e+01|+3.7799902627054e-02|+1.3839350000484e+00
+0000000000000000064|+0000000000000000003|+0000000000000000000|+1.8000000000004e-01|-4.2938794768017e+01|+3.6772364944167e-02|+9.7941267900325e-01
+0000000000000000064|+0000000000000000003|+0000000000000000000|+1.7000000000004e-01|-4.2961048225018e+01|+3.5777597636665e-02|+1.9275671889819e+00
+0000000000000000064|+0000000000000000003|+0000000000000000000|+1.6000000000004e-01|-4.2985684800019e+01|+3.4756267787580e-02|+3.1665601195942e+00
+0000000000000000064|+0000000000000000003|+0000000000000000000|+1.5000000000004e-01|-4.2980087363657e+01|+3.3598921095800e-02|+1.8103553763477e+00
+0000000000000000064|+0000000000000000003|+0000000000000000000|+1.4000000000004e-01|-4.2990007400022e+01|+3.2409041355359e-02|+1.9429764098493e-01
+0000000000000000064|+0000000000000000003|+0000000000000000000|+1.3000000000004e-01|-4.2994802350024e+01|+3.1190575294329e-02|-1.2885967799830e+00
+0000000000000000064|+0000000000000000003|+0000000000000000000|+1.2000000000004e-01|-4.3014172365243e+01|+3.0053776410304e-02|+2.0618647151754e+00
+0000000000000000064|+0000000000000000003|+0000000000000000000|+1.1000000000004e-01|-4.3028426286985e+01|+2.8770595712030e-02|+1.9435650827025e+00
+0000000000000000064|+0000000000000000003|+0000000000000000000|+1.0000000000004e-01|-4.3035314680031e+01|+2.7392671245781e-02|-6.9744664871791e-02
+0000000000000000064|+0000000000000000003|+0000000000000000000|+9.0000000000041e-02|-4.3045881625034e+01|+2.6025807323495e-02|+2.2987382089154e+00
+0000000000000000064|+0000000000000000003|+0000000000000000000|+8.0000000000041e-02|-4.3056873000038e+01|+2.4532854129702e-02|+2.1027525866365e+00
+0000000000000000064|+0000000000000000003|+0000000000000000000|+7.0000000000041e-02|-4.3068470944489e+01|+2.2953611267123e-02|+2.7271158439232e+00
+0000000000000000064|+0000000000000000003|+0000000000000000000|+6.0000000000041e-02|-4.3079748945506e+01|+2.1232001959229e-02|+7.6203814638620e-01
+0000000000000000064|+0000000000000000003|+0000000000000000000|+5.0000000000041e-02|-4.3089474480061e+01|+1.9368824220423e-02|-1.3341434166116e+00
+0000000000000000064|+0000000000000000003|+0000000000000000000|+4.0000000000041e-02|-4.3095511043555e+01|+1.7339121295060e-02|+1.4563662345431e+00
+0000000000000000064|+0000000000000000003|+0000000000000000000|+3.0000000000041e-02|-4.3100542480103e+01|+1.5006451378271e-02|-1.4507092301069e+00
+0000000000000000064|+0000000000000000003|+0000000000000000000|+2.0000000000041e-02|-4.3103210643633e+01|+1.2247288734083e-02|-5.6334889896639e+00
