#
# QHS - DATA
#
# ----------------------------------------
#
# Size                 = +0000000000000000010
# Model                = Periodic-1D
# Algorithm            = SSE
# Start-Temperature    = +0.0000000000000e+00
# End-Temperature      = +4.0000000000000e+00
# Temperature-Step     = +1.0000000000000e-02
#
# Size              | Model-Index        | Algorithm-Index    | Temperature        | AverageEnergy      | StdDvOfEnergy      | AverageCHeat      
# ------------------------------------------------------------------------------------------------------
+0000000000000000010|+0000000000000000001|+0000000000000000000|+4.0000000000000e+00|-4.8628000000001e-01|+3.7528256196649e-02|+1.3357323510000e-01
+0000000000000000010|+0000000000000000001|+0000000000000000000|+3.9900000000000e+00|-5.2258460000001e-01|+3.7591261722375e-02|+1.2999314840000e-01
+0000000000000000010|+0000000000000000001|+0000000000000000000|+3.9800000000000e+00|-5.0354679999999e-01|+3.7375494736280e-02|+1.2712828440001e-01
+0000000000000000010|+0000000000000000001|+0000000000000000000|+3.9700000000000e+00|-5.1323000000001e-01|+3.7553104381327e-02|+1.3567899999999e-01
+0000000000000000010|+0000000000000000001|+0000000000000000000|+3.9600000000000e+00|-4.7811800000001e-01|+3.7093989041486e-02|+1.2530079749999e-01
+0000000000000000010|+0000000000000000001|+0000000000000000000|+3.9500000000000e+00|-5.0346150000000e-01|+3.7300145836038e-02|+1.3125746310001e-01
+0000000000000000010|+0000000000000000001|+0000000000000000000|+3.9400000000000e+00|-4.9688220000001e-01|+3.7247514199792e-02|+1.3300200310000e-01
+0000000000000000010|+0000000000000000001|+0000000000000000000|+3.9300000000000e+00|-4.9375610000001e-01|+3.7218285905612e-02|+1.3500646710000e-01
+0000000000000000010|+0000000000000000001|+0000000000000000000|+3.9200000000000e+00|-5.2063440000001e-01|+3.7400639787834e-02|+1.3964187510000e-01
+0000000000000000010|+0000000000000000001|+0000000000000000000|+3.9100000000000e+00|-4.9513820000000e-01|+3.7137664402892e-02|+1.3603335960000e-01
+0000000000000000010|+0000000000000000001|+0000000000000000000|+3.9000000000000e+00|-4.8751700000001e-01|+3.6993879928798e-02|+1.3364803910000e-01
+0000000000000000010|+0000000000000000001|+0000000000000000000|+3.8900000000000e+00|-4.8195730000000e-01|+3.6996556398079e-02|+1.3787043510000e-01
+0000000000000000010|+0000000000000000001|+0000000000000000000|+3.8800000000000e+00|-5.2973680000001e-01|+3.7119844360626e-02|+1.3431766040001e-01
+0000000000000000010|+0000000000000000001|+0000000000000000000|+3.8700000000000e+00|-4.9003940000000e-01|+3.6959402500420e-02|+1.3935833560000e-01
+0000000000000000010|+0000000000000000001|+0000000000000000000|+3.8600000000000e+00|-5.0307999999999e-01|+3.7017540247680e-02|+1.4159600000001e-01
+0000000000000000010|+0000000000000000001|+0000000000000000000|+3.8500000000000e+00|-5.2867950000001e-01|+3.7106754671518e-02|+1.4217031110000e-01
+0000000000000000010|+0000000000000000001|+0000000000000000000|+3.8400000000000e+00|-5.4300800000001e-01|+3.7156174632555e-02|+1.4372299750000e-01
+0000000000000000010|+0000000000000000001|+0000000000000000000|+3.8300000000000e+00|-5.1708250000001e-01|+3.6931467239288e-02|+1.4196993750000e-01
+0000000000000000010|+0000000000000000001|+0000000000000000000|+3.8200000000000e+00|-5.0481200000001e-01|+3.6784302480223e-02|+1.4056044000000e-01
+0000000000000000010|+0000000000000000001|+0000000000000000000|+3.8100000000000e+00|-5.0913800000001e-01|+3.6868706796546e-02|+1.4651595999999e-01
+0000000000000000010|+0000000000000000001|+0000000000000000000|+3.8000000000000e+00|-5.4239400000000e-01|+3.6895551534687e-02|+1.4199160310001e-01
+0000000000000000010|+0000000000000000001|+0000000000000000000|+3.7900000000000e+00|-5.3688909999999e-01|+3.6917386319611e-02|+1.4743433590001e-01
+0000000000000000010|+0000000000000000001|+0000000000000000000|+3.7800000000000e+00|-5.2932980000001e-01|+3.6634147233934e-02|+1.3776201190000e-01
+0000000000000000010|+0000000000000000001|+0000000000000000000|+3.7700000000000e+00|-5.3134390000000e-01|+3.6580572159539e-02|+1.3733143510001e-01
+0000000000000000010|+0000000000000000001|+0000000000000000000|+3.7600000000000e+00|-5.2881160000001e-01|+3.6673658733416e-02|+1.4570336377500e-01
+0000000000000000010|+0000000000000000001|+0000000000000000000|+3.7500000000000e+00|-5.3123750000000e-01|+3.6611753937937e-02|+1.4476261110000e-01
+0000000000000000010|+0000000000000000001|+0000000000000000000|+3.7400000000000e+00|-5.3803940000001e-01|+3.6563316529226e-02|+1.4335246390001e-01
+0000000000000000010|+0000000000000000001|+0000000000000000000|+3.7300000000000e+00|-5.2793940000000e-01|+3.6424335056542e-02|+1.4172323160000e-01
+0000000000000000010|+0000000000000000001|+0000000000000000000|+3.7200000000000e+00|-5.4381560000002e-01|+3.6609346070937e-02|+1.5016966709999e-01
+0000000000000000010|+0000000000000000001|+0000000000000000000|+3.7100000000000e+00|-5.2220310000001e-01|+3.6486687231138e-02|+1.5250388123333e-01
+0000000000000000010|+0000000000000000001|+0000000000000000000|+3.7000000000000e+00|-5.2984366666668e-01|+3.6483105047653e-02|+1.5328100478888e-01
+0000000000000000010|+0000000000000000001|+0000000000000000000|+3.6900000000000e+00|-5.3805080000000e-01|+3.6421657120080e-02|+1.5082417760001e-01
+0000000000000000010|+0000000000000000001|+0000000000000000000|+3.6800000000000e+00|-5.3471200000000e-01|+3.6300167640421e-02|+1.4827237750001e-01
+0000000000000000010|+0000000000000000001|+0000000000000000000|+3.6700000000000e+00|-5.5230230000001e-01|+3.6436471091257e-02|+1.5390174390000e-01
+0000000000000000010|+0000000000000000001|+0000000000000000000|+3.6600000000000e+00|-4.9710080000001e-01|+3.5791566044027e-02|+1.3733554560000e-01
+0000000000000000010|+0000000000000000001|+0000000000000000000|+3.6500000000000e+00|-5.2774800000000e-01|+3.6199369390696e-02|+1.5397656960001e-01
+0000000000000000010|+0000000000000000001|+0000000000000000000|+3.6400000000000e+00|-5.5982040000001e-01|+3.6332314174571e-02|+1.5557482789999e-01
+0000000000000000010|+0000000000000000001|+0000000000000000000|+3.6300000000000e+00|-5.6451860000002e-01|+3.6457806338145e-02|+1.6439259159999e-01
+0000000000000000010|+0000000000000000001|+0000000000000000000|+3.6200000000000e+00|-5.4577146666669e-01|+3.6280600548340e-02|+1.6298424728888e-01
+0000000000000000010|+0000000000000000001|+0000000000000000000|+3.6100000000000e+00|-5.5709240000001e-01|+3.6121692012551e-02|+1.5426201439999e-01
+0000000000000000010|+0000000000000000001|+0000000000000000000|+3.6000000000000e+00|-5.6656400000002e-01|+3.6298558124567e-02|+1.6473034212222e-01
+0000000000000000010|+0000000000000000001|+0000000000000000000|+3.5900000000000e+00|-5.4981270000001e-01|+3.6247103457280e-02|+1.6979877910000e-01
+0000000000000000010|+0000000000000000001|+0000000000000000000|+3.5800000000000e+00|-5.5313140000001e-01|+3.6085131889848e-02|+1.6306099110000e-01
+0000000000000000010|+0000000000000000001|+0000000000000000000|+3.5700000000000e+00|-5.9929550000002e-01|+3.6443559265927e-02|+1.7383557749999e-01
+0000000000000000010|+0000000000000000001|+0000000000000000000|+3.5600000000000e+00|-5.7249359999999e-01|+3.6105320893403e-02|+1.6542743640001e-01
+0000000000000000010|+0000000000000000001|+0000000000000000000|+3.5500000000000e+00|-5.4864533333333e-01|+3.5948915221534e-02|+1.6657502862223e-01
+0000000000000000010|+0000000000000000001|+0000000000000000000|+3.5400000000000e+00|-5.5225880000002e-01|+3.5840802989026e-02|+1.6273667159999e-01
+0000000000000000010|+0000000000000000001|+0000000000000000000|+3.5300000000000e+00|-5.5350295000002e-01|+3.5819273947454e-02|+1.6451904977500e-01
+0000000000000000010|+0000000000000000001|+0000000000000000000|+3.5200000000000e+00|-5.7369920000001e-01|+3.5925363145884e-02|+1.6832429590001e-01
+0000000000000000010|+0000000000000000001|+0000000000000000000|+3.5100000000000e+00|-5.7626930000000e-01|+3.5888355371804e-02|+1.6889045510000e-01
+0000000000000000010|+0000000000000000001|+0000000000000000000|+3.5000000000000e+00|-5.7846000000001e-01|+3.5802431261696e-02|+1.6671420640001e-01
+0000000000000000010|+0000000000000000001|+0000000000000000000|+3.4900000000000e+00|-5.7660950000000e-01|+3.5768748273965e-02|+1.6874959750002e-01
+0000000000000000010|+0000000000000000001|+0000000000000000000|+3.4800000000000e+00|-5.6838560000000e-01|+3.5807757870658e-02|+1.7692984160001e-01
+0000000000000000010|+0000000000000000001|+0000000000000000000|+3.4700000000000e+00|-5.6314250000002e-01|+3.5670319120187e-02|+1.7385243749999e-01
+0000000000000000010|+0000000000000000001|+0000000000000000000|+3.4600000000000e+00|-5.6756680000001e-01|+3.5677822016656e-02|+1.7658590360000e-01
+0000000000000000010|+0000000000000000001|+0000000000000000000|+3.4500000000000e+00|-5.7046550000000e-01|+3.5534730166920e-02|+1.7078779990001e-01
+0000000000000000010|+0000000000000000001|+0000000000000000000|+3.4400000000000e+00|-5.8120800000001e-01|+3.5634960147474e-02|+1.7728151000001e-01
+0000000000000000010|+0000000000000000001|+0000000000000000000|+3.4300000000000e+00|-5.7962550000002e-01|+3.5598428000160e-02|+1.7918537749999e-01
+0000000000000000010|+0000000000000000001|+0000000000000000000|+3.4200000000000e+00|-5.9297960000002e-01|+3.5462354750620e-02|+1.7069681560000e-01
+0000000000000000010|+0000000000000000001|+0000000000000000000|+3.4100000000000e+00|-5.9863290000000e-01|+3.5615512663417e-02|+1.8206248390001e-01
+0000000000000000010|+0000000000000000001|+0000000000000000000|+3.4000000000000e+00|-5.9971200000001e-01|+3.5577536843048e-02|+1.8315957760001e-01
+0000000000000000010|+0000000000000000001|+0000000000000000000|+3.3900000000000e+00|-5.8974770000000e-01|+3.5486110198727e-02|+1.8422535510001e-01
+0000000000000000010|+0000000000000000001|+0000000000000000000|+3.3800000000000e+00|-5.9844600000001e-01|+3.5612949806606e-02|+1.9334111000001e-01
+0000000000000000010|+0000000000000000001|+0000000000000000000|+3.3700000000000e+00|-6.1832840000001e-01|+3.5646170516938e-02|+1.9340289760000e-01
+0000000000000000010|+0000000000000000001|+0000000000000000000|+3.3600000000000e+00|-5.9072960000002e-01|+3.5341517809179e-02|+1.8637758040000e-01
+0000000000000000010|+0000000000000000001|+0000000000000000000|+3.3500000000000e+00|-5.8545050000001e-01|+3.5285928404668e-02|+1.8832373910001e-01
+0000000000000000010|+0000000000000000001|+0000000000000000000|+3.3400000000000e+00|-5.8883200000002e-01|+3.5170308503589e-02|+1.8390495999998e-01
+0000000000000000010|+0000000000000000001|+0000000000000000000|+3.3300000000000e+00|-5.7865160000000e-01|+3.5207322498843e-02|+1.9320276960001e-01
+0000000000000000010|+0000000000000000001|+0000000000000000000|+3.3200000000000e+00|-6.2086640000001e-01|+3.5459037258045e-02|+2.0058239960000e-01
+0000000000000000010|+0000000000000000001|+0000000000000000000|+3.3100000000000e+00|-6.0630260000001e-01|+3.5228821613993e-02|+1.9419282840000e-01
+0000000000000000010|+0000000000000000001|+0000000000000000000|+3.3000000000000e+00|-6.1170200000001e-01|+3.5168119170354e-02|+1.9266415640000e-01
+0000000000000000010|+0000000000000000001|+0000000000000000000|+3.2900000000000e+00|-5.7555780000003e-01|+3.4925240699668e-02|+1.9197156760000e-01
+0000000000000000010|+0000000000000000001|+0000000000000000000|+3.2800000000000e+00|-6.0202720000001e-01|+3.5071010675842e-02|+1.9741585240000e-01
+0000000000000000010|+0000000000000000001|+0000000000000000000|+3.2700000000000e+00|-5.9534930000001e-01|+3.4698536396248e-02|+1.7926737189999e-01
+0000000000000000010|+0000000000000000001|+0000000000000000000|+3.2600000000000e+00|-6.0692670000001e-01|+3.4882985975311e-02|+1.9180522797500e-01
+0000000000000000010|+0000000000000000001|+0000000000000000000|+3.2500000000000e+00|-6.0676166666668e-01|+3.4893955352349e-02|+1.9670420795555e-01
+0000000000000000010|+0000000000000000001|+0000000000000000000|+3.2400000000000e+00|-6.3563960000000e-01|+3.5079636371833e-02|+2.0434251590001e-01
+0000000000000000010|+0000000000000000001|+0000000000000000000|+3.2300000000000e+00|-6.2873950000002e-01|+3.5076448311319e-02|+2.1053717750000e-01
+0000000000000000010|+0000000000000000001|+0000000000000000000|+3.2200000000000e+00|-6.2869690000001e-01|+3.4908698920457e-02|+2.0355599397502e-01
+0000000000000000010|+0000000000000000001|+0000000000000000000|+3.2100000000000e+00|-6.2249540000001e-01|+3.4809108625505e-02|+2.0305689240000e-01
+0000000000000000010|+0000000000000000001|+0000000000000000000|+3.2000000000000e+00|-6.1324800000003e-01|+3.4646444069461e-02|+1.9923504789999e-01
+0000000000000000010|+0000000000000000001|+0000000000000000000|+3.1900000000000e+00|-6.2597670000001e-01|+3.4834543509968e-02|+2.1239719510000e-01
+0000000000000000010|+0000000000000000001|+0000000000000000000|+3.1800000000000e+00|-6.1414220000002e-01|+3.4564994484338e-02|+2.0205109589999e-01
+0000000000000000010|+0000000000000000001|+0000000000000000000|+3.1700000000000e+00|-6.1870940000002e-01|+3.4497067240564e-02|+2.0031820760000e-01
+0000000000000000010|+0000000000000000001|+0000000000000000000|+3.1600000000000e+00|-6.3048560000002e-01|+3.4542894423815e-02|+2.0415276440000e-01
+0000000000000000010|+0000000000000000001|+0000000000000000000|+3.1500000000000e+00|-6.5094500000001e-01|+3.4748677856269e-02|+2.1647991000000e-01
+0000000000000000010|+0000000000000000001|+0000000000000000000|+3.1400000000000e+00|-6.4040820000002e-01|+3.4651315806272e-02|+2.1755998310002e-01
+0000000000000000010|+0000000000000000001|+0000000000000000000|+3.1300000000000e+00|-6.5034500000002e-01|+3.4547594991974e-02|+2.1165775000000e-01
+0000000000000000010|+0000000000000000001|+0000000000000000000|+3.1200000000000e+00|-6.4658240000002e-01|+3.4634398053870e-02|+2.2362740960000e-01
+0000000000000000010|+0000000000000000001|+0000000000000000000|+3.1100000000000e+00|-6.4579610000004e-01|+3.4524092377902e-02|+2.2068751989997e-01
+0000000000000000010|+0000000000000000001|+0000000000000000000|+3.1000000000000e+00|-6.6190700000001e-01|+3.4788535562104e-02|+2.3926119910001e-01
+0000000000000000010|+0000000000000000001|+0000000000000000000|+3.0900000000000e+00|-6.7024730000003e-01|+3.4635870526623e-02|+2.3032555909999e-01
+0000000000000000010|+0000000000000000001|+0000000000000000000|+3.0800000000000e+00|-6.4270880000003e-01|+3.4308069362799e-02|+2.2028547039998e-01
+0000000000000000010|+0000000000000000001|+0000000000000000000|+3.0700000000000e+00|-6.4757890000001e-01|+3.4322221283228e-02|+2.2450142710000e-01
+0000000000000000010|+0000000000000000001|+0000000000000000000|+3.0600000000000e+00|-6.7401560000002e-01|+3.4516731235289e-02|+2.3499169240001e-01
+0000000000000000010|+0000000000000000001|+0000000000000000000|+3.0500000000000e+00|-6.7242700000002e-01|+3.4346786503856e-02|+2.2788878040001e-01
+0000000000000000010|+0000000000000000001|+0000000000000000000|+3.0400000000000e+00|-6.5550986666669e-01|+3.4187671923684e-02|+2.2658958665555e-01
+0000000000000000010|+0000000000000000001|+0000000000000000000|+3.0300000000000e+00|-6.6438050000000e-01|+3.4228147750526e-02|+2.3161307750002e-01
+0000000000000000010|+0000000000000000001|+0000000000000000000|+3.0200000000000e+00|-6.7314420000002e-01|+3.4170689729713e-02|+2.2940849590001e-01
+0000000000000000010|+0000000000000000001|+0000000000000000000|+3.0100000000000e+00|-6.4812890000003e-01|+3.4050166207823e-02|+2.3367410790000e-01
+0000000000000000010|+0000000000000000001|+0000000000000000000|+3.0000000000000e+00|-6.9884000000003e-01|+3.4226267824303e-02|+2.3518696159999e-01
+0000000000000000010|+0000000000000000001|+0000000000000000000|+2.9900000000000e+00|-6.6150640000003e-01|+3.4058181364361e-02|+2.3998983040000e-01
+0000000000000000010|+0000000000000000001|+0000000000000000000|+2.9800000000000e+00|-6.6881280000003e-01|+3.4175507797090e-02|+2.5172551039999e-01
+0000000000000000010|+0000000000000000001|+0000000000000000000|+2.9700000000000e+00|-6.9548240000000e-01|+3.4095651022835e-02|+2.4185615360002e-01
+0000000000000000010|+0000000000000000001|+0000000000000000000|+2.9600000000000e+00|-6.4624320000003e-01|+3.3684365291510e-02|+2.3196107359999e-01
+0000000000000000010|+0000000000000000001|+0000000000000000000|+2.9500000000000e+00|-7.0163500000003e-01|+3.4052471859785e-02|+2.4702390999998e-01
+0000000000000000010|+0000000000000000001|+0000000000000000000|+2.9400000000000e+00|-6.7217180000003e-01|+3.3734567482522e-02|+2.3750373909999e-01
+0000000000000000010|+0000000000000000001|+0000000000000000000|+2.9300000000000e+00|-6.8454375000003e-01|+3.3814293621617e-02|+2.4487273437500e-01
+0000000000000000010|+0000000000000000001|+0000000000000000000|+2.9200000000000e+00|-6.9293240000004e-01|+3.3726275108086e-02|+2.4044335909998e-01
+0000000000000000010|+0000000000000000001|+0000000000000000000|+2.9100000000000e+00|-7.0364810000000e-01|+3.3828200013425e-02|+2.5031717190002e-01
+0000000000000000010|+0000000000000000001|+0000000000000000000|+2.9000000000000e+00|-6.9646700000003e-01|+3.3745265684044e-02|+2.5166902710000e-01
+0000000000000000010|+0000000000000000001|+0000000000000000000|+2.8900000000000e+00|-6.7466500000003e-01|+3.3578177919309e-02|+2.5131774999999e-01
+0000000000000000010|+0000000000000000001|+0000000000000000000|+2.8800000000000e+00|-6.7427840000002e-01|+3.3471427886749e-02|+2.4839924760000e-01
+0000000000000000010|+0000000000000000001|+0000000000000000000|+2.8700000000000e+00|-6.8423630000003e-01|+3.3563526690570e-02|+2.5801193990000e-01
+0000000000000000010|+0000000000000000001|+0000000000000000000|+2.8600000000000e+00|-7.0457280000002e-01|+3.3479126281008e-02|+2.4968456960000e-01
+0000000000000000010|+0000000000000000001|+0000000000000000000|+2.8500000000000e+00|-7.0385600000002e-01|+3.3602494786727e-02|+2.6582429440000e-01
+0000000000000000010|+0000000000000000001|+0000000000000000000|+2.8400000000000e+00|-7.0352000000003e-01|+3.3389683557303e-02|+2.5411600000000e-01
+0000000000000000010|+0000000000000000001|+0000000000000000000|+2.8300000000000e+00|-7.2600190000002e-01|+3.3690925028301e-02|+2.7719959510002e-01
+0000000000000000010|+0000000000000000001|+0000000000000000000|+2.8200000000000e+00|-7.1386940000002e-01|+3.3315192356920e-02|+2.5587229110002e-01
+0000000000000000010|+0000000000000000001|+0000000000000000000|+2.8100000000000e+00|-7.1213910000003e-01|+3.3347139851849e-02|+2.6507952790001e-01
+0000000000000000010|+0000000000000000001|+0000000000000000000|+2.8000000000000e+00|-7.0776400000002e-01|+3.3336039074559e-02|+2.7169190310002e-01
+0000000000000000010|+0000000000000000001|+0000000000000000000|+2.7900000000000e+00|-7.2497495000003e-01|+3.3315231201363e-02|+2.6981363097499e-01
+0000000000000000010|+0000000000000000001|+0000000000000000000|+2.7800000000000e+00|-6.9611040000002e-01|+3.3207662458924e-02|+2.7705589760001e-01
+0000000000000000010|+0000000000000000001|+0000000000000000000|+2.7700000000000e+00|-7.3200830000003e-01|+3.3287004867402e-02|+2.7714109590000e-01
+0000000000000000010|+0000000000000000001|+0000000000000000000|+2.7600000000000e+00|-7.3565840000003e-01|+3.3270357405943e-02|+2.8061892440000e-01
+0000000000000000010|+0000000000000000001|+0000000000000000000|+2.7500000000000e+00|-7.1386083333337e-01|+3.3016446161496e-02|+2.7261484878888e-01
+0000000000000000010|+0000000000000000001|+0000000000000000000|+2.7400000000000e+00|-7.2150020000004e-01|+3.3125626896041e-02|+2.8571896709999e-01
+0000000000000000010|+0000000000000000001|+0000000000000000000|+2.7300000000000e+00|-7.5899210000003e-01|+3.3207520122000e-02|+2.8569318710001e-01
+0000000000000000010|+0000000000000000001|+0000000000000000000|+2.7200000000000e+00|-7.5208640000003e-01|+3.3274867079696e-02|+3.0079281560000e-01
+0000000000000000010|+0000000000000000001|+0000000000000000000|+2.7100000000000e+00|-7.4460170000004e-01|+3.2981297456800e-02|+2.8372454709999e-01
+0000000000000000010|+0000000000000000001|+0000000000000000000|+2.7000000000000e+00|-7.6351700000002e-01|+3.3215503549378e-02|+3.0454013590002e-01
+0000000000000000010|+0000000000000000001|+0000000000000000000|+2.6900000000000e+00|-7.3206190000002e-01|+3.2721632439104e-02|+2.7801371990002e-01
+0000000000000000010|+0000000000000000001|+0000000000000000000|+2.6800000000000e+00|-7.6917120000004e-01|+3.3036719186241e-02|+2.9959037439997e-01
+0000000000000000010|+0000000000000000001|+0000000000000000000|+2.6700000000000e+00|-7.3887020000004e-01|+3.2775988749374e-02|+2.9370543639999e-01
+0000000000000000010|+0000000000000000001|+0000000000000000000|+2.6600000000000e+00|-7.7283740000005e-01|+3.2832663499865e-02|+2.9298044789998e-01
+0000000000000000010|+0000000000000000001|+0000000000000000000|+2.6500000000000e+00|-7.5465050000004e-01|+3.2646883874080e-02|+2.8939845109998e-01
+0000000000000000010|+0000000000000000001|+0000000000000000000|+2.6400000000000e+00|-7.5446000000002e-01|+3.2469088361239e-02|+2.7972743750002e-01
+0000000000000000010|+0000000000000000001|+0000000000000000000|+2.6300000000000e+00|-7.3842420000004e-01|+3.2412588737654e-02|+2.8736180439998e-01
+0000000000000000010|+0000000000000000001|+0000000000000000000|+2.6200000000000e+00|-7.7376860000002e-01|+3.2858414996908e-02|+3.2317477910003e-01
+0000000000000000010|+0000000000000000001|+0000000000000000000|+2.6100000000000e+00|-7.5652310000004e-01|+3.2614828899184e-02|+3.1365975589999e-01
+0000000000000000010|+0000000000000000001|+0000000000000000000|+2.6000000000000e+00|-7.6372800000002e-01|+3.2532937669460e-02|+3.1023212160002e-01
+0000000000000000010|+0000000000000000001|+0000000000000000000|+2.5900000000000e+00|-7.6798430000004e-01|+3.2559756297743e-02|+3.1845646710000e-01
+0000000000000000010|+0000000000000000001|+0000000000000000000|+2.5800000000000e+00|-7.8348122857146e-01|+3.2539330830702e-02|+3.1783548634898e-01
+0000000000000000010|+0000000000000000001|+0000000000000000000|+2.5700000000000e+00|-7.8350910000003e-01|+3.2396789299519e-02|+3.1126158310001e-01
+0000000000000000010|+0000000000000000001|+0000000000000000000|+2.5600000000000e+00|-7.9477120000003e-01|+3.2542031939468e-02|+3.2869951960001e-01
+0000000000000000010|+0000000000000000001|+0000000000000000000|+2.5500000000000e+00|-7.9435350000004e-01|+3.2423770127651e-02|+3.2469911065556e-01
+0000000000000000010|+0000000000000000001|+0000000000000000000|+2.5400000000000e+00|-8.0329540000004e-01|+3.2503738956288e-02|+3.3689373989999e-01
+0000000000000000010|+0000000000000000001|+0000000000000000000|+2.5300000000000e+00|-8.0352220000004e-01|+3.2461661675870e-02|+3.4036305240000e-01
+0000000000000000010|+0000000000000000001|+0000000000000000000|+2.5200000000000e+00|-7.9384160000002e-01|+3.2319590551310e-02|+3.3762187360003e-01
+0000000000000000010|+0000000000000000001|+0000000000000000000|+2.5100000000000e+00|-8.0976130000004e-01|+3.2183342230943e-02|+3.2525492310000e-01
+0000000000000000010|+0000000000000000001|+0000000000000000000|+2.5000000000000e+00|-8.0900833333337e-01|+3.2188280634429e-02|+3.3396754932223e-01
+0000000000000000010|+0000000000000000001|+0000000000000000000|+2.4900000000000e+00|-8.3069870000003e-01|+3.2269323417222e-02|+3.4170598310001e-01
+0000000000000000010|+0000000000000000001|+0000000000000000000|+2.4800000000000e+00|-8.0455040000004e-01|+3.2177418405017e-02|+3.5079704960001e-01
+0000000000000000010|+0000000000000000001|+0000000000000000000|+2.4700000000000e+00|-8.4136660000005e-01|+3.2210128992002e-02|+3.4760627159999e-01
+0000000000000000010|+0000000000000000001|+0000000000000000000|+2.4600000000000e+00|-8.1627680000004e-01|+3.1956612615970e-02|+3.3928031359998e-01
+0000000000000000010|+0000000000000000001|+0000000000000000000|+2.4500000000000e+00|-8.4812100000004e-01|+3.2154524227218e-02|+3.5571910360001e-01
+0000000000000000010|+0000000000000000001|+0000000000000000000|+2.4400000000000e+00|-8.3596800000005e-01|+3.2118941068086e-02|+3.6540415999999e-01
+0000000000000000010|+0000000000000000001|+0000000000000000000|+2.4300000000000e+00|-8.3940320000003e-01|+3.2009639686918e-02|+3.6078442240002e-01
+0000000000000000010|+0000000000000000001|+0000000000000000000|+2.4200000000000e+00|-8.3939430000003e-01|+3.1989748619120e-02|+3.6730459277503e-01
+0000000000000000010|+0000000000000000001|+0000000000000000000|+2.4100000000000e+00|-8.2640250000004e-01|+3.1785276891701e-02|+3.5904993750003e-01
+0000000000000000010|+0000000000000000001|+0000000000000000000|+2.4000000000000e+00|-8.6832800000005e-01|+3.2110896583708e-02|+3.8647195909999e-01
+0000000000000000010|+0000000000000000001|+0000000000000000000|+2.3900000000000e+00|-8.4332320000005e-01|+3.1951837284025e-02|+3.8823474559999e-01
+0000000000000000010|+0000000000000000001|+0000000000000000000|+2.3800000000000e+00|-8.7063930000004e-01|+3.1914666241741e-02|+3.8173842477500e-01
+0000000000000000010|+0000000000000000001|+0000000000000000000|+2.3700000000000e+00|-8.7848240000004e-01|+3.1869878791839e-02|+3.8257272960001e-01
+0000000000000000010|+0000000000000000001|+0000000000000000000|+2.3600000000000e+00|-8.7324240000006e-01|+3.1919469775348e-02|+3.9978716440000e-01
+0000000000000000010|+0000000000000000001|+0000000000000000000|+2.3500000000000e+00|-8.8092150000004e-01|+3.1751479874665e-02|+3.8667108390003e-01
+0000000000000000010|+0000000000000000001|+0000000000000000000|+2.3400000000000e+00|-8.6580920000005e-01|+3.1648064403967e-02|+3.9064297560000e-01
+0000000000000000010|+0000000000000000001|+0000000000000000000|+2.3300000000000e+00|-8.5757660000006e-01|+3.1603126849664e-02|+3.9850135960000e-01
+0000000000000000010|+0000000000000000001|+0000000000000000000|+2.3200000000000e+00|-8.7195760000007e-01|+3.1540705572182e-02|+3.9466123509999e-01
+0000000000000000010|+0000000000000000001|+0000000000000000000|+2.3100000000000e+00|-8.6192780000006e-01|+3.1482128844829e-02|+4.0182905559999e-01
+0000000000000000010|+0000000000000000001|+0000000000000000000|+2.3000000000000e+00|-8.9291400000006e-01|+3.1522967530706e-02|+4.0307730093330e-01
+0000000000000000010|+0000000000000000001|+0000000000000000000|+2.2900000000000e+00|-8.7836830000004e-01|+3.1415066183185e-02|+4.0647842710002e-01
+0000000000000000010|+0000000000000000001|+0000000000000000000|+2.2800000000000e+00|-8.9813480000006e-01|+3.1479680689813e-02|+4.1569803190000e-01
+0000000000000000010|+0000000000000000001|+0000000000000000000|+2.2700000000000e+00|-8.9594270000006e-01|+3.1381099304694e-02|+4.1490407989998e-01
+0000000000000000010|+0000000000000000001|+0000000000000000000|+2.2600000000000e+00|-9.0459960000005e-01|+3.1308221208487e-02|+4.1245826840000e-01
+0000000000000000010|+0000000000000000001|+0000000000000000000|+2.2500000000000e+00|-9.1247375000005e-01|+3.1274480509183e-02|+4.1518761097502e-01
+0000000000000000010|+0000000000000000001|+0000000000000000000|+2.2400000000000e+00|-9.0636800000005e-01|+3.1140228095475e-02|+4.1173151000001e-01
+0000000000000000010|+0000000000000000001|+0000000000000000000|+2.2300000000000e+00|-9.1578020000006e-01|+3.1321220040275e-02|+4.4079257239999e-01
+0000000000000000010|+0000000000000000001|+0000000000000000000|+2.2200000000000e+00|-8.9767670000005e-01|+3.1063476083375e-02|+4.2723566477502e-01
+0000000000000000010|+0000000000000000001|+0000000000000000000|+2.2100000000000e+00|-9.3557760000005e-01|+3.1194856116717e-02|+4.3766320639999e-01
+0000000000000000010|+0000000000000000001|+0000000000000000000|+2.2000000000000e+00|-9.3035000000007e-01|+3.1041902772266e-02|+4.3145943750000e-01
+0000000000000000010|+0000000000000000001|+0000000000000000000|+2.1900000000000e+00|-9.2452490000006e-01|+3.0979027661363e-02|+4.3709103589998e-01
+0000000000000000010|+0000000000000000001|+0000000000000000000|+2.1800000000000e+00|-9.4554450000007e-01|+3.1151962970762e-02|+4.6128072437498e-01
+0000000000000000010|+0000000000000000001|+0000000000000000000|+2.1700000000000e+00|-9.5024936666674e-01|+3.1082572059654e-02|+4.6152086612221e-01
+0000000000000000010|+0000000000000000001|+0000000000000000000|+2.1600000000000e+00|-9.5325680000006e-01|+3.0958593720935e-02|+4.5532238710002e-01
+0000000000000000010|+0000000000000000001|+0000000000000000000|+2.1500000000000e+00|-9.4870750000007e-01|+3.1001788682825e-02|+4.7494359749999e-01
+0000000000000000010|+0000000000000000001|+0000000000000000000|+2.1400000000000e+00|-9.8561060000007e-01|+3.1003297724013e-02|+4.6988313590000e-01
+0000000000000000010|+0000000000000000001|+0000000000000000000|+2.1300000000000e+00|-9.5376305000006e-01|+3.0791508483590e-02|+4.6809639477501e-01
+0000000000000000010|+0000000000000000001|+0000000000000000000|+2.1200000000000e+00|-9.5795320000007e-01|+3.0984101137734e-02|+5.0470016789998e-01
+0000000000000000010|+0000000000000000001|+0000000000000000000|+2.1100000000000e+00|-9.7140365000008e-01|+3.0730936535887e-02|+4.7579760377499e-01
+0000000000000000010|+0000000000000000001|+0000000000000000000|+2.1000000000000e+00|-9.4841000000007e-01|+3.0485522365500e-02|+4.6509759000000e-01
+0000000000000000010|+0000000000000000001|+0000000000000000000|+2.0900000000000e+00|-9.8438530000007e-01|+3.0758884292359e-02|+4.9856419110001e-01
+0000000000000000010|+0000000000000000001|+0000000000000000000|+2.0800000000000e+00|-1.0031568000001e+00|+3.0884092872880e-02|+5.2023667589994e-01
+0000000000000000010|+0000000000000000001|+0000000000000000000|+2.0700000000000e+00|-9.4901330000006e-01|+3.0361587082025e-02|+4.8493088390003e-01
+0000000000000000010|+0000000000000000001|+0000000000000000000|+2.0600000000000e+00|-9.8477840000008e-01|+3.0430267577001e-02|+4.9025411039998e-01
+0000000000000000010|+0000000000000000001|+0000000000000000000|+2.0500000000000e+00|-9.9209300000008e-01|+3.0546967847228e-02|+5.1670402839998e-01
+0000000000000000010|+0000000000000000001|+0000000000000000000|+2.0400000000000e+00|-1.0223660000001e+00|+3.0628785827332e-02|+5.2735977750003e-01
+0000000000000000010|+0000000000000000001|+0000000000000000000|+2.0300000000000e+00|-1.0299873000001e+00|+3.0527907583031e-02|+5.2239201190001e-01
+0000000000000000010|+0000000000000000001|+0000000000000000000|+2.0200000000000e+00|-1.0037708000001e+00|+3.0218921748301e-02|+5.0321098840000e-01
+0000000000000000010|+0000000000000000001|+0000000000000000000|+2.0100000000000e+00|-1.0158116000001e+00|+3.0335468916732e-02|+5.2837929439998e-01
+0000000000000000010|+0000000000000000001|+0000000000000000000|+2.0000000000000e+00|-1.0090600000001e+00|+3.0167943286215e-02|+5.2050447910003e-01
+0000000000000000010|+0000000000000000001|+0000000000000000000|+1.9900000000000e+00|-1.0168076000001e+00|+3.0293882643049e-02|+5.4994278240002e-01
+0000000000000000010|+0000000000000000001|+0000000000000000000|+1.9800000000000e+00|-1.0448435000001e+00|+3.0304775824853e-02|+5.5200639437504e-01
+0000000000000000010|+0000000000000000001|+0000000000000000000|+1.9700000000000e+00|-1.0439906000001e+00|+3.0124931848273e-02|+5.3919095960001e-01
+0000000000000000010|+0000000000000000001|+0000000000000000000|+1.9600000000000e+00|-1.0277648000001e+00|+3.0218787088456e-02|+5.7695198560003e-01
+0000000000000000010|+0000000000000000001|+0000000000000000000|+1.9500000000000e+00|-1.0472840000001e+00|+3.0080861991643e-02|+5.6028242559999e-01
+0000000000000000010|+0000000000000000001|+0000000000000000000|+1.9400000000000e+00|-1.0537696000001e+00|+3.0066385166217e-02|+5.6984221439997e-01
+0000000000000000010|+0000000000000000001|+0000000000000000000|+1.9300000000000e+00|-1.0524931000001e+00|+2.9871409395193e-02|+5.5459395110002e-01
+0000000000000000010|+0000000000000000001|+0000000000000000000|+1.9200000000000e+00|-1.0868864000001e+00|+3.0246301923170e-02|+6.1324085110003e-01
+0000000000000000010|+0000000000000000001|+0000000000000000000|+1.9100000000000e+00|-1.0821190500001e+00|+2.9953400949401e-02|+5.8367854297500e-01
+0000000000000000010|+0000000000000000001|+0000000000000000000|+1.9000000000000e+00|-1.0764650000001e+00|+2.9887826929996e-02|+5.9186847750001e-01
+0000000000000000010|+0000000000000000001|+0000000000000000000|+1.8900000000000e+00|-1.0696902500001e+00|+2.9681964187960e-02|+5.7741787437500e-01
+0000000000000000010|+0000000000000000001|+0000000000000000000|+1.8800000000000e+00|-1.0768316000001e+00|+2.9729853443008e-02|+5.9792739510001e-01
+0000000000000000010|+0000000000000000001|+0000000000000000000|+1.8700000000000e+00|-1.0773474000001e+00|+2.9723396330169e-02|+6.1319447960001e-01
+0000000000000000010|+0000000000000000001|+0000000000000000000|+1.8600000000000e+00|-1.1077452800001e+00|+2.9708460982171e-02|+6.1123763609596e-01
+0000000000000000010|+0000000000000000001|+0000000000000000000|+1.8500000000000e+00|-1.1265180000001e+00|+2.9703880918523e-02|+6.1746232159998e-01
+0000000000000000010|+0000000000000000001|+0000000000000000000|+1.8400000000000e+00|-1.1132724000001e+00|+2.9658149789303e-02|+6.3408484977499e-01
+0000000000000000010|+0000000000000000001|+0000000000000000000|+1.8300000000000e+00|-1.1365394000001e+00|+2.9650281910069e-02|+6.3771564760001e-01
+0000000000000000010|+0000000000000000001|+0000000000000000000|+1.8200000000000e+00|-1.1394267000001e+00|+2.9567572519015e-02|+6.3934990077502e-01
+0000000000000000010|+0000000000000000001|+0000000000000000000|+1.8100000000000e+00|-1.1425526000001e+00|+2.9496505057454e-02|+6.4300474839996e-01
+0000000000000000010|+0000000000000000001|+0000000000000000000|+1.8000000000000e+00|-1.1370800000001e+00|+2.9471358357843e-02|+6.5987563999998e-01
+0000000000000000010|+0000000000000000001|+0000000000000000000|+1.7900000000000e+00|-1.1614092000001e+00|+2.9521564197902e-02|+6.7427156959997e-01
+0000000000000000010|+0000000000000000001|+0000000000000000000|+1.7800000000000e+00|-1.1420580000001e+00|+2.9330091719796e-02|+6.6873478999997e-01
+0000000000000000010|+0000000000000000001|+0000000000000000000|+1.7700000000000e+00|-1.1550559000001e+00|+2.9350739354872e-02|+6.8446123332228e-01
+0000000000000000010|+0000000000000000001|+0000000000000000000|+1.7600000000000e+00|-1.1772032000001e+00|+2.9287895832157e-02|+6.7958193760002e-01
+0000000000000000010|+0000000000000000001|+0000000000000000000|+1.7500000000000e+00|-1.1683325000001e+00|+2.9233782954845e-02|+6.9410748389997e-01
+0000000000000000010|+0000000000000000001|+0000000000000000000|+1.7400000000000e+00|-1.2022154000001e+00|+2.9233151785544e-02|+6.9463015589997e-01
+0000000000000000010|+0000000000000000001|+0000000000000000000|+1.7300000000000e+00|-1.1902024500001e+00|+2.9144223613410e-02|+7.0465370577499e-01
+0000000000000000010|+0000000000000000001|+0000000000000000000|+1.7200000000000e+00|-1.1977420000001e+00|+2.9167277719263e-02|+7.2550497750002e-01
+0000000000000000010|+0000000000000000001|+0000000000000000000|+1.7100000000000e+00|-1.2202247000001e+00|+2.9275271271191e-02|+7.5509517510001e-01
+0000000000000000010|+0000000000000000001|+0000000000000000000|+1.7000000000000e+00|-1.1933520000001e+00|+2.8937015231269e-02|+7.2455804640005e-01
+0000000000000000010|+0000000000000000001|+0000000000000000000|+1.6900000000000e+00|-1.2175437000001e+00|+2.9069345063852e-02|+7.5864792709993e-01
+0000000000000000010|+0000000000000000001|+0000000000000000000|+1.6800000000000e+00|-1.2028208000001e+00|+2.8735917935691e-02|+7.2135951640002e-01
+0000000000000000010|+0000000000000000001|+0000000000000000000|+1.6700000000000e+00|-1.2444406000001e+00|+2.8960561919995e-02|+7.6484884759998e-01
+0000000000000000010|+0000000000000000001|+0000000000000000000|+1.6600000000000e+00|-1.2303769000001e+00|+2.8808585846177e-02|+7.6429474377499e-01
+0000000000000000010|+0000000000000000001|+0000000000000000000|+1.6500000000000e+00|-1.2608450000001e+00|+2.8916449552167e-02|+7.9169151000004e-01
+0000000000000000010|+0000000000000000001|+0000000000000000000|+1.6400000000000e+00|-1.2364120000001e+00|+2.8806905290310e-02|+8.0674911000007e-01
+0000000000000000010|+0000000000000000001|+0000000000000000000|+1.6300000000000e+00|-1.2604344500001e+00|+2.8696735555434e-02|+7.9216178977494e-01
+0000000000000000010|+0000000000000000001|+0000000000000000000|+1.6200000000000e+00|-1.2888236000001e+00|+2.8898394981929e-02|+8.4302811160000e-01
+0000000000000000010|+0000000000000000001|+0000000000000000000|+1.6100000000000e+00|-1.2815197000001e+00|+2.8639659676083e-02|+8.1525948709997e-01
+0000000000000000010|+0000000000000000001|+0000000000000000000|+1.6000000000000e+00|-1.3023946666668e+00|+2.8706167820946e-02|+8.4210359332222e-01
+0000000000000000010|+0000000000000000001|+0000000000000000000|+1.5900000000000e+00|-1.3056014000001e+00|+2.8671250999830e-02|+8.5782922839995e-01
+0000000000000000010|+0000000000000000001|+0000000000000000000|+1.5800000000000e+00|-1.3000896000001e+00|+2.8463612618948e-02|+8.3993778559996e-01
+0000000000000000010|+0000000000000000001|+0000000000000000000|+1.5700000000000e+00|-1.3312945500001e+00|+2.8535880755868e-02|+8.6292270077507e-01
+0000000000000000010|+0000000000000000001|+0000000000000000000|+1.5600000000000e+00|-1.2873056000001e+00|+2.8183755364173e-02|+8.3590138240007e-01
+0000000000000000010|+0000000000000000001|+0000000000000000000|+1.5500000000000e+00|-1.3235826250001e+00|+2.8299145627901e-02|+8.6620708524372e-01
+0000000000000000010|+0000000000000000001|+0000000000000000000|+1.5400000000000e+00|-1.3243898000001e+00|+2.8121331460192e-02|+8.5079344310015e-01
+0000000000000000010|+0000000000000000001|+0000000000000000000|+1.5300000000000e+00|-1.3549115000001e+00|+2.8457933189411e-02|+9.3968779750000e-01
+0000000000000000010|+0000000000000000001|+0000000000000000000|+1.5200000000000e+00|-1.3466488000001e+00|+2.8270259470032e-02|+9.2813812390000e-01
+0000000000000000010|+0000000000000000001|+0000000000000000000|+1.5100000000000e+00|-1.3470572000001e+00|+2.8063699212937e-02|+9.0604280160002e-01
+0000000000000000010|+0000000000000000001|+0000000000000000000|+1.5000000000000e+00|-1.3926200000001e+00|+2.8123065164371e-02|+9.1970979360006e-01
+0000000000000000010|+0000000000000000001|+0000000000000000000|+1.4900000000000e+00|-1.3899206500001e+00|+2.8074833913139e-02|+9.3923383077496e-01
+0000000000000000010|+0000000000000000001|+0000000000000000000|+1.4800000000000e+00|-1.3923556000001e+00|+2.7882990801427e-02|+9.1907779909989e-01
+0000000000000000010|+0000000000000000001|+0000000000000000000|+1.4700000000000e+00|-1.4002285000001e+00|+2.8023773315988e-02|+9.8070131972208e-01
+0000000000000000010|+0000000000000000001|+0000000000000000000|+1.4600000000000e+00|-1.4072812000001e+00|+2.7936681868684e-02|+9.8478651159994e-01
+0000000000000000010|+0000000000000000001|+0000000000000000000|+1.4500000000000e+00|-1.4322550000001e+00|+2.7930099409828e-02|+9.9802839000002e-01
+0000000000000000010|+0000000000000000001|+0000000000000000000|+1.4400000000000e+00|-1.4418185600001e+00|+2.7927468977270e-02|+1.0235515841240e+00
+0000000000000000010|+0000000000000000001|+0000000000000000000|+1.4300000000000e+00|-1.4713960000001e+00|+2.8027359055109e-02|+1.0638401600001e+00
+0000000000000000010|+0000000000000000001|+0000000000000000000|+1.4200000000000e+00|-1.4733304000001e+00|+2.7942452736117e-02|+1.0736444656000e+00
+0000000000000000010|+0000000000000000001|+0000000000000000000|+1.4100000000000e+00|-1.4861969000001e+00|+2.7835492271668e-02|+1.0697821318999e+00
+0000000000000000010|+0000000000000000001|+0000000000000000000|+1.4000000000000e+00|-1.5164740000001e+00|+2.7847759883077e-02|+1.0873154119000e+00
+0000000000000000010|+0000000000000000001|+0000000000000000000|+1.3900000000000e+00|-1.4866080333334e+00|+2.7639005377994e-02|+1.0853460493222e+00
+0000000000000000010|+0000000000000000001|+0000000000000000000|+1.3800000000000e+00|-1.4943410000001e+00|+2.7609966928617e-02|+1.1080391975000e+00
+0000000000000000010|+0000000000000000001|+0000000000000000000|+1.3700000000000e+00|-1.5219295500001e+00|+2.7552355052892e-02|+1.1084874387752e+00
+0000000000000000010|+0000000000000000001|+0000000000000000000|+1.3600000000000e+00|-1.5072060000001e+00|+2.7411495237647e-02|+1.1155650743749e+00
+0000000000000000010|+0000000000000000001|+0000000000000000000|+1.3500000000000e+00|-1.5370737500001e+00|+2.7531988958260e-02|+1.1683383193750e+00
+0000000000000000010|+0000000000000000001|+0000000000000000000|+1.3400000000000e+00|-1.5409777000001e+00|+2.7396620099742e-02|+1.1640049209749e+00
+0000000000000000010|+0000000000000000001|+0000000000000000000|+1.3300000000000e+00|-1.5523238000001e+00|+2.7256415690898e-02|+1.1525741403999e+00
+0000000000000000010|+0000000000000000001|+0000000000000000000|+1.3200000000000e+00|-1.5735068000001e+00|+2.7231895370098e-02|+1.1696457198999e+00
+0000000000000000010|+0000000000000000001|+0000000000000000000|+1.3100000000000e+00|-1.5854446000001e+00|+2.7192806620618e-02|+1.1897998044000e+00
+0000000000000000010|+0000000000000000001|+0000000000000000000|+1.3000000000000e+00|-1.5861600000001e+00|+2.7146881971235e-02|+1.2170337600001e+00
+0000000000000000010|+0000000000000000001|+0000000000000000000|+1.2900000000000e+00|-1.6018839500001e+00|+2.7143193672072e-02|+1.2471381399752e+00
+0000000000000000010|+0000000000000000001|+0000000000000000000|+1.2800000000000e+00|-1.6105152000001e+00|+2.7005514296847e-02|+1.2394954044000e+00
+0000000000000000010|+0000000000000000001|+0000000000000000000|+1.2700000000000e+00|-1.6225046666668e+00|+2.7045388852267e-02|+1.2884978622222e+00
+0000000000000000010|+0000000000000000001|+0000000000000000000|+1.2600000000000e+00|-1.6344254000001e+00|+2.6882785726192e-02|+1.2703092692332e+00
+0000000000000000010|+0000000000000000001|+0000000000000000000|+1.2500000000000e+00|-1.6695208333335e+00|+2.6949923519577e-02|+1.3122281197222e+00
+0000000000000000010|+0000000000000000001|+0000000000000000000|+1.2400000000000e+00|-1.6552400000002e+00|+2.6856602606257e-02|+1.3394589999999e+00
+0000000000000000010|+0000000000000000001|+0000000000000000000|+1.2300000000000e+00|-1.6914402500001e+00|+2.6901830641561e-02|+1.3754310943751e+00
+0000000000000000010|+0000000000000000001|+0000000000000000000|+1.2200000000000e+00|-1.6903767000001e+00|+2.6721008600721e-02|+1.3619654797750e+00
+0000000000000000010|+0000000000000000001|+0000000000000000000|+1.2100000000000e+00|-1.7085131000002e+00|+2.6642665894716e-02|+1.3696508279000e+00
+0000000000000000010|+0000000000000000001|+0000000000000000000|+1.2000000000000e+00|-1.7174000000001e+00|+2.6594801979885e-02|+1.3966997500000e+00
+0000000000000000010|+0000000000000000001|+0000000000000000000|+1.1900000000000e+00|-1.7325741500002e+00|+2.6525343756705e-02|+1.4112504637750e+00
+0000000000000000010|+0000000000000000001|+0000000000000000000|+1.1800000000000e+00|-1.7516639000001e+00|+2.6527136800688e-02|+1.4501743589750e+00
+0000000000000000010|+0000000000000000001|+0000000000000000000|+1.1700000000000e+00|-1.7598530000002e+00|+2.6379428126136e-02|+1.4420471899998e+00
+0000000000000000010|+0000000000000000001|+0000000000000000000|+1.1600000000000e+00|-1.7719842000001e+00|+2.6324050612684e-02|+1.4665292649749e+00
+0000000000000000010|+0000000000000000001|+0000000000000000000|+1.1500000000000e+00|-1.7865751666668e+00|+2.6303703653053e-02|+1.5036634647889e+00
+0000000000000000010|+0000000000000000001|+0000000000000000000|+1.1400000000000e+00|-1.8271892000002e+00|+2.6286990777356e-02|+1.5207541915998e+00
+0000000000000000010|+0000000000000000001|+0000000000000000000|+1.1300000000000e+00|-1.8175605000002e+00|+2.6279962157985e-02|+1.5873052775001e+00
+0000000000000000010|+0000000000000000001|+0000000000000000000|+1.1200000000000e+00|-1.8421168000002e+00|+2.6141622274781e-02|+1.5704639279000e+00
+0000000000000000010|+0000000000000000001|+0000000000000000000|+1.1100000000000e+00|-1.8753425000002e+00|+2.6202805360692e-02|+1.6301869374999e+00
+0000000000000000010|+0000000000000000001|+0000000000000000000|+1.1000000000000e+00|-1.8707950000002e+00|+2.6115419550744e-02|+1.6624750975001e+00
+0000000000000000010|+0000000000000000001|+0000000000000000000|+1.0900000000000e+00|-1.8886779000002e+00|+2.5882489251040e-02|+1.6115677838999e+00
+0000000000000000010|+0000000000000000001|+0000000000000000000|+1.0800000000000e+00|-1.8928838000002e+00|+2.5914614145158e-02|+1.6895457747751e+00
+0000000000000000010|+0000000000000000001|+0000000000000000000|+1.0700000000000e+00|-1.9256965500002e+00|+2.5835287001256e-02|+1.6931240927748e+00
+0000000000000000010|+0000000000000000001|+0000000000000000000|+1.0600000000000e+00|-1.9406474000002e+00|+2.5738949843404e-02|+1.7062892958999e+00
+0000000000000000010|+0000000000000000001|+0000000000000000000|+1.0500000000000e+00|-1.9633715000002e+00|+2.5760635086908e-02|+1.7677093111001e+00
+0000000000000000010|+0000000000000000001|+0000000000000000000|+1.0400000000000e+00|-1.9710952000002e+00|+2.5643707563992e-02|+1.7801412431001e+00
+0000000000000000010|+0000000000000000001|+0000000000000000000|+1.0300000000000e+00|-1.9922969333335e+00|+2.5572878884147e-02|+1.8022448211557e+00
+0000000000000000010|+0000000000000000001|+0000000000000000000|+1.0200000000000e+00|-2.0170037000002e+00|+2.5497232212609e-02|+1.8195834507748e+00
+0000000000000000010|+0000000000000000001|+0000000000000000000|+1.0100000000000e+00|-2.0283451000002e+00|+2.5586451514049e-02|+1.9335180799000e+00
+0000000000000000010|+0000000000000000001|+0000000000000000000|+1.0000000000000e+00|-2.0546250000002e+00|+2.5434372444936e-02|+1.9138011093749e+00
+0000000000000000010|+0000000000000000001|+0000000000000000000|+9.9000000000004e-01|-2.0595440000002e+00|+2.5232026155678e-02|+1.8895686399999e+00
+0000000000000000010|+0000000000000000001|+0000000000000000000|+9.8000000000004e-01|-2.0885070000002e+00|+2.5282075852886e-02|+1.9725713774998e+00
+0000000000000000010|+0000000000000000001|+0000000000000000000|+9.7000000000004e-01|-2.1202555000002e+00|+2.5187271714850e-02|+1.9786420775000e+00
+0000000000000000010|+0000000000000000001|+0000000000000000000|+9.6000000000004e-01|-2.1216896000002e+00|+2.5173917087640e-02|+2.0614206523998e+00
+0000000000000000010|+0000000000000000001|+0000000000000000000|+9.5000000000004e-01|-2.1595315000002e+00|+2.5013979041040e-02|+2.0274912471001e+00
+0000000000000000010|+0000000000000000001|+0000000000000000000|+9.4000000000004e-01|-2.1675089000002e+00|+2.4887511865729e-02|+2.0436902607749e+00
+0000000000000000010|+0000000000000000001|+0000000000000000000|+9.3000000000004e-01|-2.1800204000002e+00|+2.4736925757014e-02|+2.0419980015998e+00
+0000000000000000010|+0000000000000000001|+0000000000000000000|+9.2000000000004e-01|-2.2112556000002e+00|+2.4770247581796e-02|+2.1274609351003e+00
+0000000000000000010|+0000000000000000001|+0000000000000000000|+9.1000000000004e-01|-2.2167120000002e+00|+2.4642038923634e-02|+2.1488777600000e+00
+0000000000000000010|+0000000000000000001|+0000000000000000000|+9.0000000000004e-01|-2.2425590000002e+00|+2.4633714399994e-02|+2.2213443598998e+00
+0000000000000000010|+0000000000000000001|+0000000000000000000|+8.9000000000004e-01|-2.2602451000002e+00|+2.4415909717998e-02|+2.1766850119002e+00
+0000000000000000010|+0000000000000000001|+0000000000000000000|+8.8000000000004e-01|-2.3031896000003e+00|+2.4497096607954e-02|+2.2903802510997e+00
+0000000000000000010|+0000000000000000001|+0000000000000000000|+8.7000000000004e-01|-2.2993898000003e+00|+2.4370020142663e-02|+2.3291264283998e+00
+0000000000000000010|+0000000000000000001|+0000000000000000000|+8.6000000000004e-01|-2.3372420000002e+00|+2.4300514538675e-02|+2.3587499100000e+00
+0000000000000000010|+0000000000000000001|+0000000000000000000|+8.5000000000004e-01|-2.3668790000002e+00|+2.4062692103152e-02|+2.2874814524001e+00
+0000000000000000010|+0000000000000000001|+0000000000000000000|+8.4000000000004e-01|-2.4029078000002e+00|+2.4108589541468e-02|+2.3996841279754e+00
+0000000000000000010|+0000000000000000001|+0000000000000000000|+8.3000000000004e-01|-2.4157787500003e+00|+2.3957215305027e-02|+2.4079131093747e+00
+0000000000000000010|+0000000000000000001|+0000000000000000000|+8.2000000000004e-01|-2.4389912000002e+00|+2.3886069560818e-02|+2.4611836144005e+00
+0000000000000000010|+0000000000000000001|+0000000000000000000|+8.1000000000004e-01|-2.4487517000003e+00|+2.3793144749033e-02|+2.5180344150995e+00
+0000000000000000010|+0000000000000000001|+0000000000000000000|+8.0000000000004e-01|-2.4903880000003e+00|+2.3771634988125e-02|+2.5906731397751e+00
+0000000000000000010|+0000000000000000001|+0000000000000000000|+7.9000000000004e-01|-2.5105434000003e+00|+2.3639245573089e-02|+2.6105611483995e+00
+0000000000000000010|+0000000000000000001|+0000000000000000000|+7.8000000000004e-01|-2.5293971000003e+00|+2.3457966366883e-02|+2.5957952769751e+00
+0000000000000000010|+0000000000000000001|+0000000000000000000|+7.7000000000004e-01|-2.5806679000003e+00|+2.3434895658493e-02|+2.6636530070998e+00
+0000000000000000010|+0000000000000000001|+0000000000000000000|+7.6000000000004e-01|-2.5882874000003e+00|+2.3341817802948e-02|+2.7367751367751e+00
+0000000000000000010|+0000000000000000001|+0000000000000000000|+7.5000000000004e-01|-2.6328050000003e+00|+2.3240324211691e-02|+2.7573028124001e+00
+0000000000000000010|+0000000000000000001|+0000000000000000000|+7.4000000000004e-01|-2.6675014000003e+00|+2.3129281719654e-02|+2.7851547278995e+00
+0000000000000000010|+0000000000000000001|+0000000000000000000|+7.3000000000004e-01|-2.6845476000003e+00|+2.3026271931283e-02|+2.8463915056002e+00
+0000000000000000010|+0000000000000000001|+0000000000000000000|+7.2000000000004e-01|-2.6946668000003e+00|+2.2891845346240e-02|+2.8929045157752e+00
+0000000000000000010|+0000000000000000001|+0000000000000000000|+7.1000000000004e-01|-2.7358950000003e+00|+2.2780269163552e-02|+2.9188697499996e+00
+0000000000000000010|+0000000000000000001|+0000000000000000000|+7.0000000000004e-01|-2.7605420000003e+00|+2.2654297789702e-02|+2.9577131963996e+00
+0000000000000000010|+0000000000000000001|+0000000000000000000|+6.9000000000004e-01|-2.7937973000003e+00|+2.2605574001757e-02|+3.0600474911001e+00
+0000000000000000010|+0000000000000000001|+0000000000000000000|+6.8000000000004e-01|-2.8333556000003e+00|+2.2517849545410e-02|+3.1214243510996e+00
+0000000000000000010|+0000000000000000001|+0000000000000000000|+6.7000000000004e-01|-2.8576198250003e+00|+2.2253738180092e-02|+3.0345023797441e+00
+0000000000000000010|+0000000000000000001|+0000000000000000000|+6.6000000000004e-01|-2.8856297000003e+00|+2.2193947670011e-02|+3.1467055979759e+00
+0000000000000000010|+0000000000000000001|+0000000000000000000|+6.5000000000004e-01|-2.9156981666670e+00|+2.2001518150721e-02|+3.1242133354559e+00
+0000000000000000010|+0000000000000000001|+0000000000000000000|+6.4000000000004e-01|-2.9503200000003e+00|+2.1905958989828e-02|+3.1983049843757e+00
+0000000000000000010|+0000000000000000001|+0000000000000000000|+6.3000000000004e-01|-2.9704207250004e+00|+2.1723423172592e-02|+3.2054275119432e+00
+0000000000000000010|+0000000000000000001|+0000000000000000000|+6.2000000000004e-01|-3.0041585000004e+00|+2.1581917069674e-02|+3.2381565943752e+00
+0000000000000000010|+0000000000000000001|+0000000000000000000|+6.1000000000004e-01|-3.0188743500004e+00|+2.1470659763136e-02|+3.3402793977751e+00
+0000000000000000010|+0000000000000000001|+0000000000000000000|+6.0000000000004e-01|-3.0729980000004e+00|+2.1238854914883e-02|+3.2406658110999e+00
+0000000000000000010|+0000000000000000001|+0000000000000000000|+5.9000000000004e-01|-3.1118558000004e+00|+2.1179071771653e-02|+3.3728449756001e+00
+0000000000000000010|+0000000000000000001|+0000000000000000000|+5.8000000000004e-01|-3.1399345000004e+00|+2.0941105738762e-02|+3.3106377993757e+00
+0000000000000000010|+0000000000000000001|+0000000000000000000|+5.7000000000004e-01|-3.1717280000004e+00|+2.0901640020754e-02|+3.4948098399992e+00
+0000000000000000010|+0000000000000000001|+0000000000000000000|+5.6000000000004e-01|-3.2198176000004e+00|+2.0778066163059e-02|+3.5515011184008e+00
+0000000000000000010|+0000000000000000001|+0000000000000000000|+5.5000000000004e-01|-3.2413537500004e+00|+2.0409946951906e-02|+3.3305726193749e+00
+0000000000000000010|+0000000000000000001|+0000000000000000000|+5.4000000000004e-01|-3.2714768000004e+00|+2.0294604213984e-02|+3.4351860735999e+00
+0000000000000000010|+0000000000000000001|+0000000000000000000|+5.3000000000004e-01|-3.3070404000004e+00|+2.0151175004507e-02|+3.4979033776000e+00
+0000000000000000010|+0000000000000000001|+0000000000000000000|+5.2000000000004e-01|-3.3499584000005e+00|+2.0056088963142e-02|+3.6245799936005e+00
+0000000000000000010|+0000000000000000001|+0000000000000000000|+5.1000000000004e-01|-3.3804581000005e+00|+1.9783080777346e-02|+3.5151013038989e+00
+0000000000000000010|+0000000000000000001|+0000000000000000000|+5.0000000000004e-01|-3.4052400000005e+00|+1.9577854414578e-02|+3.5196821695992e+00
+0000000000000000010|+0000000000000000001|+0000000000000000000|+4.9000000000004e-01|-3.4616536000005e+00|+1.9377065284162e-02|+3.4698911103998e+00
+0000000000000000010|+0000000000000000001|+0000000000000000000|+4.8000000000004e-01|-3.4973720000005e+00|+1.9194472666362e-02|+3.4946650243731e+00
+0000000000000000010|+0000000000000000001|+0000000000000000000|+4.7000000000004e-01|-3.5337331000005e+00|+1.9001660543407e-02|+3.5057284471007e+00
+0000000000000000010|+0000000000000000001|+0000000000000000000|+4.6000000000004e-01|-3.5587980000005e+00|+1.8758475843236e-02|+3.4565463100012e+00
+0000000000000000010|+0000000000000000001|+0000000000000000000|+4.5000000000004e-01|-3.5809850000006e+00|+1.8567572362910e-02|+3.5099231100002e+00
+0000000000000000010|+0000000000000000001|+0000000000000000000|+4.4000000000004e-01|-3.6221380000006e+00|+1.8309550460333e-02|+3.4004153975005e+00
+0000000000000000010|+0000000000000000001|+0000000000000000000|+4.3000000000004e-01|-3.6668149000006e+00|+1.8167894728167e-02|+3.5081855551003e+00
+0000000000000000010|+0000000000000000001|+0000000000000000000|+4.2000000000004e-01|-3.7039418000006e+00|+1.7958514399729e-02|+3.5096617358985e+00
+0000000000000000010|+0000000000000000001|+0000000000000000000|+4.1000000000004e-01|-3.7120371000006e+00|+1.7766181842031e-02|+3.6235652838983e+00
+0000000000000000010|+0000000000000000001|+0000000000000000000|+4.0000000000004e-01|-3.7741080000006e+00|+1.7531245674258e-02|+3.5218450271019e+00
+0000000000000000010|+0000000000000000001|+0000000000000000000|+3.9000000000004e-01|-3.7997597000007e+00|+1.7238557785183e-02|+3.3824805670981e+00
+0000000000000000010|+0000000000000000001|+0000000000000000000|+3.8000000000004e-01|-3.8379984666673e+00|+1.7006210209952e-02|+3.3475292834557e+00
+0000000000000000010|+0000000000000000001|+0000000000000000000|+3.7000000000004e-01|-3.8724397000007e+00|+1.6765536135378e-02|+3.3071457039014e+00
+0000000000000000010|+0000000000000000001|+0000000000000000000|+3.6000000000004e-01|-3.9137952800008e+00|+1.6537760691758e-02|+3.2849960543929e+00
+0000000000000000010|+0000000000000000001|+0000000000000000000|+3.5000000000004e-01|-3.9416660000008e+00|+1.6318133244698e-02|+3.3303293424000e+00
+0000000000000000010|+0000000000000000001|+0000000000000000000|+3.4000000000004e-01|-3.9763795000008e+00|+1.6026132156238e-02|+3.1673291693745e+00
+0000000000000000010|+0000000000000000001|+0000000000000000000|+3.3000000000004e-01|-4.0032093500008e+00|+1.5778287780803e-02|+3.1518421769741e+00
+0000000000000000010|+0000000000000000001|+0000000000000000000|+3.2000000000004e-01|-4.0350549333342e+00|+1.5519338650606e-02|+3.0960966111565e+00
+0000000000000000010|+0000000000000000001|+0000000000000000000|+3.1000000000004e-01|-4.0690684333342e+00|+1.5288924990806e-02|+3.1307732381222e+00
+0000000000000000010|+0000000000000000001|+0000000000000000000|+3.0000000000004e-01|-4.0909670000009e+00|+1.4984124028066e-02|+2.9747233879023e+00
+0000000000000000010|+0000000000000000001|+0000000000000000000|+2.9000000000004e-01|-4.1185076000009e+00|+1.4714691739538e-02|+2.9207824464046e+00
+0000000000000000010|+0000000000000000001|+0000000000000000000|+2.8000000000004e-01|-4.1482654000010e+00|+1.4399255222803e-02|+2.6997941219734e+00
+0000000000000000010|+0000000000000000001|+0000000000000000000|+2.7000000000004e-01|-4.1711384000010e+00|+1.4157135806864e-02|+2.7824026069281e+00
+0000000000000000010|+0000000000000000001|+0000000000000000000|+2.6000000000004e-01|-4.2117622000010e+00|+1.3865570114568e-02|+2.6226319524371e+00
+0000000000000000010|+0000000000000000001|+0000000000000000000|+2.5000000000004e-01|-4.2324143750011e+00|+1.3558923708969e-02|+2.4825069326976e+00
+0000000000000000010|+0000000000000000001|+0000000000000000000|+2.4000000000004e-01|-4.2615776000012e+00|+1.3263339380979e-02|+2.3647079023984e+00
+0000000000000000010|+0000000000000000001|+0000000000000000000|+2.3000000000004e-01|-4.2818835000012e+00|+1.3011182860553e-02|+2.5124063974955e+00
+0000000000000000010|+0000000000000000001|+0000000000000000000|+2.2000000000004e-01|-4.3104740000013e+00|+1.2694056130275e-02|+2.3331651100005e+00
+0000000000000000010|+0000000000000000001|+0000000000000000000|+2.1000000000004e-01|-4.3275145750013e+00|+1.2365571231308e-02|+2.1574274526796e+00
+0000000000000000010|+0000000000000000001|+0000000000000000000|+2.0000000000004e-01|-4.3480600000014e+00|+1.2026782112805e-02|+1.9169559100092e+00
+0000000000000000010|+0000000000000000001|+0000000000000000000|+1.9000000000004e-01|-4.3732058250015e+00|+1.1735877064571e-02|+1.9739963209453e+00
+0000000000000000010|+0000000000000000001|+0000000000000000000|+1.8000000000004e-01|-4.3886198000016e+00|+1.1396809054755e-02|+1.8145405879064e+00
+0000000000000000010|+0000000000000000001|+0000000000000000000|+1.7000000000004e-01|-4.4076967000016e+00|+1.1056584245892e-02|+1.6626250799093e+00
+0000000000000000010|+0000000000000000001|+0000000000000000000|+1.6000000000004e-01|-4.4158832000018e+00|+1.0692753335470e-02|+1.4333629670913e+00
+0000000000000000010|+0000000000000000001|+0000000000000000000|+1.5000000000004e-01|-4.4393810000019e+00|+1.0372887175844e-02|+1.5534727483984e+00
+0000000000000000010|+0000000000000000001|+0000000000000000000|+1.4000000000004e-01|-4.4431166000020e+00|+1.0023566723950e-02|+1.6623521838912e+00
+0000000000000000010|+0000000000000000001|+0000000000000000000|+1.3000000000004e-01|-4.4705337000022e+00|+9.5929859665548e-03|+8.2795213993057e-01
+0000000000000000010|+0000000000000000001|+0000000000000000000|+1.2000000000004e-01|-4.4739836000024e+00|+9.2301966580468e-03|+1.0418107591143e+00
+0000000000000000010|+0000000000000000001|+0000000000000000000|+1.1000000000004e-01|-4.4892251000026e+00|+8.8162724049919e-03|+6.9207467194280e-01
+0000000000000000010|+0000000000000000001|+0000000000000000000|+1.0000000000004e-01|-4.4960945000029e+00|+8.4278705855792e-03|+1.0609547069513e+00
+0000000000000000010|+0000000000000000001|+0000000000000000000|+9.0000000000041e-02|-4.5035300000032e+00|+7.9730562190784e-03|+6.5617099997496e-01
+0000000000000000010|+0000000000000000001|+0000000000000000000|+8.0000000000041e-02|-4.5107616000036e+00|+7.5455761058041e-03|+1.3186443696063e+00
+0000000000000000010|+0000000000000000001|+0000000000000000000|+7.0000000000041e-02|-4.5120277000041e+00|+7.0248052593785e-03|+5.2808212906224e-01
+0000000000000000010|+0000000000000000001|+0000000000000000000|+6.0000000000041e-02|-4.5174368000048e+00|+6.4919329571415e-03|+1.0099500169335e-01
+0000000000000000010|+0000000000000000001|+0000000000000000000|+5.0000000000041e-02|-4.5170303333391e+00|+5.9222268378067e-03|-6.3552901430995e-02
+0000000000000000010|+0000000000000000001|+0000000000000000000|+4.0000000000041e-02|-4.5159542666738e+00|+5.2835153535329e-03|-9.4421330721482e-01
+0000000000000000010|+0000000000000000001|+0000000000000000000|+3.0000000000041e-02|-4.5156786000096e+00|+4.5900745559001e-03|+2.1824166911949e-01
+0000000000000000010|+0000000000000000001|+0000000000000000000|+2.0000000000041e-02|-4.5157054454689e+00|+3.7449781554195e-03|-1.9879981339915e-01
+0000000000000000010|+0000000000000000001|+0000000000000000000|+1.0000000000041e-02|-4.5153069304635e+00|+2.6488040853763e-03|+1.5453590556376e-02
