#
# QHS - DATA
#
# ----------------------------------------
#
# Size                 = +0000000000000000016
# Model                = Periodic-2D
# Algorithm            = SSE
# Start-Temperature    = +0.0000000000000e+00
# End-Temperature      = +4.0000000000000e+00
# Temperature-Step     = +1.0000000000000e-02
#
# Size              | Model-Index        | Algorithm-Index    | Temperature        | AverageEnergy      | StdDvOfEnergy      | AverageCHeat      
# ------------------------------------------------------------------------------------------------------
+0000000000000000016|+0000000000000000003|+0000000000000000000|+4.0000000000000e+00|-1.5740400000000e+00|+6.7039579640416e-02|+4.1514987989993e-01
+0000000000000000016|+0000000000000000003|+0000000000000000000|+3.9900000000000e+00|-1.5920797000000e+00|+6.6999831554473e-02|+4.1537975910005e-01
+0000000000000000016|+0000000000000000003|+0000000000000000000|+3.9800000000000e+00|-1.5785068000000e+00|+6.6851321756248e-02|+4.1438764439995e-01
+0000000000000000016|+0000000000000000003|+0000000000000000000|+3.9700000000000e+00|-1.6541269000000e+00|+6.7050349043837e-02|+4.2041466710000e-01
+0000000000000000016|+0000000000000000003|+0000000000000000000|+3.9600000000000e+00|-1.6080292000000e+00|+6.6951289498495e-02|+4.3187388709995e-01
+0000000000000000016|+0000000000000000003|+0000000000000000000|+3.9500000000000e+00|-1.6477565000000e+00|+6.7178568049425e-02|+4.4970029909997e-01
+0000000000000000016|+0000000000000000003|+0000000000000000000|+3.9400000000000e+00|-1.6236076000000e+00|+6.6713229632683e-02|+4.2419834840006e-01
+0000000000000000016|+0000000000000000003|+0000000000000000000|+3.9300000000000e+00|-1.6121512000000e+00|+6.6686375268854e-02|+4.3318669439994e-01
+0000000000000000016|+0000000000000000003|+0000000000000000000|+3.9200000000000e+00|-1.6218360000000e+00|+6.7133334403776e-02|+4.7810429750002e-01
+0000000000000000016|+0000000000000000003|+0000000000000000000|+3.9100000000000e+00|-1.6459700000000e+00|+6.6943769135988e-02|+4.6405099999993e-01
+0000000000000000016|+0000000000000000003|+0000000000000000000|+3.9000000000000e+00|-1.6037500000000e+00|+6.6282133232634e-02|+4.2565375000004e-01
+0000000000000000016|+0000000000000000003|+0000000000000000000|+3.8900000000000e+00|-1.6787090000000e+00|+6.6530497267332e-02|+4.3671838999992e-01
+0000000000000000016|+0000000000000000003|+0000000000000000000|+3.8800000000000e+00|-1.6288278666667e+00|+6.6201199002878e-02|+4.2922685545560e-01
+0000000000000000016|+0000000000000000003|+0000000000000000000|+3.8700000000000e+00|-1.6599070000000e+00|+6.6431111161774e-02|+4.5020478999992e-01
+0000000000000000016|+0000000000000000003|+0000000000000000000|+3.8600000000000e+00|-1.6389218000000e+00|+6.6262681334536e-02|+4.4946176310000e-01
+0000000000000000016|+0000000000000000003|+0000000000000000000|+3.8500000000000e+00|-1.6745495000000e+00|+6.6146199412171e-02|+4.3864436310003e-01
+0000000000000000016|+0000000000000000003|+0000000000000000000|+3.8400000000000e+00|-1.6889344000000e+00|+6.6185613161688e-02|+4.4728361440002e-01
+0000000000000000016|+0000000000000000003|+0000000000000000000|+3.8300000000000e+00|-1.6242921000000e+00|+6.6076014288501e-02|+4.6322436310000e-01
+0000000000000000016|+0000000000000000003|+0000000000000000000|+3.8200000000000e+00|-1.6554447333333e+00|+6.5750781870279e-02|+4.3471472265562e-01
+0000000000000000016|+0000000000000000003|+0000000000000000000|+3.8100000000000e+00|-1.6509586000000e+00|+6.5852692693785e-02|+4.5406703639998e-01
+0000000000000000016|+0000000000000000003|+0000000000000000000|+3.8000000000000e+00|-1.6148740000000e+00|+6.5577518994791e-02|+4.4759614710000e-01
+0000000000000000016|+0000000000000000003|+0000000000000000000|+3.7900000000000e+00|-1.6509318000000e+00|+6.5498655106475e-02|+4.3994518360001e-01
+0000000000000000016|+0000000000000000003|+0000000000000000000|+3.7800000000000e+00|-1.7005384000000e+00|+6.5632910151098e-02|+4.4822696160001e-01
+0000000000000000016|+0000000000000000003|+0000000000000000000|+3.7700000000000e+00|-1.6919160000000e+00|+6.5812929058488e-02|+4.7636736000008e-01
+0000000000000000016|+0000000000000000003|+0000000000000000000|+3.7600000000000e+00|-1.6765104000000e+00|+6.5297393017047e-02|+4.4205186840004e-01
+0000000000000000016|+0000000000000000003|+0000000000000000000|+3.7500000000000e+00|-1.7111125000000e+00|+6.5801060528619e-02|+4.8901646309998e-01
+0000000000000000016|+0000000000000000003|+0000000000000000000|+3.7400000000000e+00|-1.7164452000001e+00|+6.5706899485546e-02|+4.8829991959992e-01
+0000000000000000016|+0000000000000000003|+0000000000000000000|+3.7300000000000e+00|-1.7032220000000e+00|+6.5724341358254e-02|+5.0309804000001e-01
+0000000000000000016|+0000000000000000003|+0000000000000000000|+3.7200000000000e+00|-1.7085304000000e+00|+6.5227492610148e-02|+4.6437956760007e-01
+0000000000000000016|+0000000000000000003|+0000000000000000000|+3.7100000000000e+00|-1.7204597000000e+00|+6.5528044069876e-02|+4.9927319509999e-01
+0000000000000000016|+0000000000000000003|+0000000000000000000|+3.7000000000000e+00|-1.7278303333333e+00|+6.5374447447704e-02|+4.9239866612229e-01
+0000000000000000016|+0000000000000000003|+0000000000000000000|+3.6900000000000e+00|-1.7383897000001e+00|+6.5485158509328e-02|+5.0999284309996e-01
+0000000000000000016|+0000000000000000003|+0000000000000000000|+3.6800000000000e+00|-1.7538216000000e+00|+6.5220827617969e-02|+4.9025625497497e-01
+0000000000000000016|+0000000000000000003|+0000000000000000000|+3.6700000000000e+00|-1.7587502000001e+00|+6.5031052750068e-02|+4.8047991639992e-01
+0000000000000000016|+0000000000000000003|+0000000000000000000|+3.6600000000000e+00|-1.7396260000000e+00|+6.5064700459905e-02|+4.9888679000008e-01
+0000000000000000016|+0000000000000000003|+0000000000000000000|+3.6500000000000e+00|-1.7268485000001e+00|+6.4900319902579e-02|+4.9640128789998e-01
+0000000000000000016|+0000000000000000003|+0000000000000000000|+3.6400000000000e+00|-1.7337240000000e+00|+6.4780198726132e-02|+4.9282919000003e-01
+0000000000000000016|+0000000000000000003|+0000000000000000000|+3.6300000000000e+00|-1.7878775500000e+00|+6.4905198209744e-02|+5.0031793177503e-01
+0000000000000000016|+0000000000000000003|+0000000000000000000|+3.6200000000000e+00|-1.7711040000000e+00|+6.4665790372985e-02|+4.9151935999998e-01
+0000000000000000016|+0000000000000000003|+0000000000000000000|+3.6100000000000e+00|-1.7268562000000e+00|+6.4301367540970e-02|+4.7794086359998e-01
+0000000000000000016|+0000000000000000003|+0000000000000000000|+3.6000000000000e+00|-1.8021520000000e+00|+6.4835546282081e-02|+5.2041124760005e-01
+0000000000000000016|+0000000000000000003|+0000000000000000000|+3.5900000000000e+00|-1.7783343000000e+00|+6.4525694105251e-02|+5.0645698710012e-01
+0000000000000000016|+0000000000000000003|+0000000000000000000|+3.5800000000000e+00|-1.7809180000000e+00|+6.4427602712866e-02|+5.0632959000010e-01
+0000000000000000016|+0000000000000000003|+0000000000000000000|+3.5700000000000e+00|-1.7786227000001e+00|+6.4359005184662e-02|+5.1055640789996e-01
+0000000000000000016|+0000000000000000003|+0000000000000000000|+3.5600000000000e+00|-1.7841616000000e+00|+6.4315946655615e-02|+5.1521731039999e-01
+0000000000000000016|+0000000000000000003|+0000000000000000000|+3.5500000000000e+00|-1.8491200000000e+00|+6.4366046339294e-02|+5.1270463999994e-01
+0000000000000000016|+0000000000000000003|+0000000000000000000|+3.5400000000000e+00|-1.7713558000000e+00|+6.4277561303065e-02|+5.3634952709994e-01
+0000000000000000016|+0000000000000000003|+0000000000000000000|+3.5300000000000e+00|-1.7512014000000e+00|+6.4182227782309e-02|+5.4311673560005e-01
+0000000000000000016|+0000000000000000003|+0000000000000000000|+3.5200000000000e+00|-1.7845440000001e+00|+6.4158507353374e-02|+5.4214790999997e-01
+0000000000000000016|+0000000000000000003|+0000000000000000000|+3.5100000000000e+00|-1.7841601000000e+00|+6.4136564539644e-02|+5.5100799990005e-01
+0000000000000000016|+0000000000000000003|+0000000000000000000|+3.5000000000000e+00|-1.8602350000000e+00|+6.4567536124198e-02|+5.8568781589996e-01
+0000000000000000016|+0000000000000000003|+0000000000000000000|+3.4900000000000e+00|-1.8227795000001e+00|+6.4104808746992e-02|+5.5899829749994e-01
+0000000000000000016|+0000000000000000003|+0000000000000000000|+3.4800000000000e+00|-1.8485044000000e+00|+6.4028016003945e-02|+5.5481019910004e-01
+0000000000000000016|+0000000000000000003|+0000000000000000000|+3.4700000000000e+00|-1.8277340000000e+00|+6.3763653707091e-02|+5.4412315999996e-01
+0000000000000000016|+0000000000000000003|+0000000000000000000|+3.4600000000000e+00|-1.8622802000000e+00|+6.3843153920362e-02|+5.5397086310000e-01
+0000000000000000016|+0000000000000000003|+0000000000000000000|+3.4500000000000e+00|-1.8881140000001e+00|+6.3947401544682e-02|+5.6917614559989e-01
+0000000000000000016|+0000000000000000003|+0000000000000000000|+3.4400000000000e+00|-1.8438696000001e+00|+6.3757188511793e-02|+5.7318267189996e-01
+0000000000000000016|+0000000000000000003|+0000000000000000000|+3.4300000000000e+00|-1.8730835000001e+00|+6.3376868460412e-02|+5.3528559749996e-01
+0000000000000000016|+0000000000000000003|+0000000000000000000|+3.4200000000000e+00|-1.8582868000000e+00|+6.3665297388010e-02|+5.8251314839997e-01
+0000000000000000016|+0000000000000000003|+0000000000000000000|+3.4100000000000e+00|-1.9030492000000e+00|+6.3622733626129e-02|+5.7662702560004e-01
+0000000000000000016|+0000000000000000003|+0000000000000000000|+3.4000000000000e+00|-1.8377640000000e+00|+6.3126326372905e-02|+5.5336922840002e-01
+0000000000000000016|+0000000000000000003|+0000000000000000000|+3.3900000000000e+00|-1.8827992000000e+00|+6.3470298033973e-02|+5.8980252160010e-01
+0000000000000000016|+0000000000000000003|+0000000000000000000|+3.3800000000000e+00|-1.9120190000001e+00|+6.3405884797758e-02|+5.8615049749995e-01
+0000000000000000016|+0000000000000000003|+0000000000000000000|+3.3700000000000e+00|-1.8502404000000e+00|+6.3040158952726e-02|+5.7597867360012e-01
+0000000000000000016|+0000000000000000003|+0000000000000000000|+3.3600000000000e+00|-1.8805840000001e+00|+6.3184808537316e-02|+5.9527757749991e-01
+0000000000000000016|+0000000000000000003|+0000000000000000000|+3.3500000000000e+00|-1.8748955000000e+00|+6.2963346696398e-02|+5.8444784710004e-01
+0000000000000000016|+0000000000000000003|+0000000000000000000|+3.3400000000000e+00|-1.9534672000000e+00|+6.3413958713113e-02|+6.2432319359997e-01
+0000000000000000016|+0000000000000000003|+0000000000000000000|+3.3300000000000e+00|-1.8688546000000e+00|+6.3030265730408e-02|+6.1871649560014e-01
+0000000000000000016|+0000000000000000003|+0000000000000000000|+3.3200000000000e+00|-1.9497744000000e+00|+6.3097573586389e-02|+6.1473051359998e-01
+0000000000000000016|+0000000000000000003|+0000000000000000000|+3.3100000000000e+00|-1.9016664000000e+00|+6.2838823468336e-02|+6.1232672640010e-01
+0000000000000000016|+0000000000000000003|+0000000000000000000|+3.3000000000000e+00|-1.9366630000000e+00|+6.2939836310104e-02|+6.2619656790012e-01
+0000000000000000016|+0000000000000000003|+0000000000000000000|+3.2900000000000e+00|-1.9157639000000e+00|+6.2701563067015e-02|+6.1788651190005e-01
+0000000000000000016|+0000000000000000003|+0000000000000000000|+3.2800000000000e+00|-2.0203016000001e+00|+6.3206882089675e-02|+6.5813829909998e-01
+0000000000000000016|+0000000000000000003|+0000000000000000000|+3.2700000000000e+00|-1.9775875000000e+00|+6.2720196863482e-02|+6.2729343750005e-01
+0000000000000000016|+0000000000000000003|+0000000000000000000|+3.2600000000000e+00|-1.9591696000001e+00|+6.2594445522783e-02|+6.3135939839996e-01
+0000000000000000016|+0000000000000000003|+0000000000000000000|+3.2500000000000e+00|-2.0034675000001e+00|+6.2586076221777e-02|+6.3005755989993e-01
+0000000000000000016|+0000000000000000003|+0000000000000000000|+3.2400000000000e+00|-1.9429444000000e+00|+6.2467728586546e-02|+6.4806518390001e-01
+0000000000000000016|+0000000000000000003|+0000000000000000000|+3.2300000000000e+00|-1.9932324000000e+00|+6.2587549323265e-02|+6.6040654560001e-01
+0000000000000000016|+0000000000000000003|+0000000000000000000|+3.2200000000000e+00|-1.9999998000000e+00|+6.2312909255355e-02|+6.3897075190007e-01
+0000000000000000016|+0000000000000000003|+0000000000000000000|+3.2100000000000e+00|-2.0154247000001e+00|+6.2205201181801e-02|+6.3484319509985e-01
+0000000000000000016|+0000000000000000003|+0000000000000000000|+3.2000000000000e+00|-1.9884480000001e+00|+6.2314391944991e-02|+6.7030446789991e-01
+0000000000000000016|+0000000000000000003|+0000000000000000000|+3.1900000000000e+00|-2.0097415000001e+00|+6.2112883953758e-02|+6.5301737749992e-01
+0000000000000000016|+0000000000000000003|+0000000000000000000|+3.1800000000000e+00|-2.0016724000000e+00|+6.2013123300267e-02|+6.5732276760010e-01
+0000000000000000016|+0000000000000000003|+0000000000000000000|+3.1700000000000e+00|-1.9892406000001e+00|+6.1946427282907e-02|+6.6712460760000e-01
+0000000000000000016|+0000000000000000003|+0000000000000000000|+3.1600000000000e+00|-2.0499692000001e+00|+6.1883904007930e-02|+6.5438666310000e-01
+0000000000000000016|+0000000000000000003|+0000000000000000000|+3.1500000000000e+00|-2.1042235000000e+00|+6.2322304640236e-02|+7.0632486390005e-01
+0000000000000000016|+0000000000000000003|+0000000000000000000|+3.1400000000000e+00|-2.0556459000001e+00|+6.1820473507373e-02|+6.7337007077491e-01
+0000000000000000016|+0000000000000000003|+0000000000000000000|+3.1300000000000e+00|-2.0980999000000e+00|+6.1731654359632e-02|+6.6317998710006e-01
+0000000000000000016|+0000000000000000003|+0000000000000000000|+3.1200000000000e+00|-2.0540596000000e+00|+6.1814289278457e-02|+7.0241377297502e-01
+0000000000000000016|+0000000000000000003|+0000000000000000000|+3.1100000000000e+00|-2.0416924000000e+00|+6.1461522534457e-02|+6.7635225440012e-01
+0000000000000000016|+0000000000000000003|+0000000000000000000|+3.1000000000000e+00|-2.0619800000001e+00|+6.1260211143179e-02|+6.5892235999994e-01
+0000000000000000016|+0000000000000000003|+0000000000000000000|+3.0900000000000e+00|-2.0234347000001e+00|+6.1309607276332e-02|+6.9254693109997e-01
+0000000000000000016|+0000000000000000003|+0000000000000000000|+3.0800000000000e+00|-2.0524732000001e+00|+6.1627753760230e-02|+7.3941483589998e-01
+0000000000000000016|+0000000000000000003|+0000000000000000000|+3.0700000000000e+00|-2.0955415000001e+00|+6.1596083674453e-02|+7.3673659750001e-01
+0000000000000000016|+0000000000000000003|+0000000000000000000|+3.0600000000000e+00|-2.0983366000001e+00|+6.1562369046669e-02|+7.4699398789994e-01
+0000000000000000016|+0000000000000000003|+0000000000000000000|+3.0500000000000e+00|-2.1070900000001e+00|+6.1131856086437e-02|+7.0310955999996e-01
+0000000000000000016|+0000000000000000003|+0000000000000000000|+3.0400000000000e+00|-2.1182296000001e+00|+6.1294104728725e-02|+7.3650642677501e-01
+0000000000000000016|+0000000000000000003|+0000000000000000000|+3.0300000000000e+00|-2.1464095000001e+00|+6.1024822887345e-02|+7.0722317749998e-01
+0000000000000000016|+0000000000000000003|+0000000000000000000|+3.0200000000000e+00|-2.0828438000001e+00|+6.0791814542352e-02|+7.1296908389997e-01
+0000000000000000016|+0000000000000000003|+0000000000000000000|+3.0100000000000e+00|-2.1304259000001e+00|+6.1093256835464e-02|+7.5358395189993e-01
+0000000000000000016|+0000000000000000003|+0000000000000000000|+3.0000000000000e+00|-2.0927500000000e+00|+6.1327292842868e-02|+8.1426193750007e-01
+0000000000000000016|+0000000000000000003|+0000000000000000000|+2.9900000000000e+00|-2.1257247000001e+00|+6.0797060495862e-02|+7.4755455910001e-01
+0000000000000000016|+0000000000000000003|+0000000000000000000|+2.9800000000000e+00|-2.1621278000001e+00|+6.0939928762171e-02|+7.7134978789998e-01
+0000000000000000016|+0000000000000000003|+0000000000000000000|+2.9700000000000e+00|-2.1569842000001e+00|+6.0673072339101e-02|+7.5301758040002e-01
+0000000000000000016|+0000000000000000003|+0000000000000000000|+2.9600000000000e+00|-2.1981472000001e+00|+6.0913560806295e-02|+7.8917009759995e-01
+0000000000000000016|+0000000000000000003|+0000000000000000000|+2.9500000000000e+00|-2.1928400000001e+00|+6.0776998097881e-02|+7.8895295999995e-01
+0000000000000000016|+0000000000000000003|+0000000000000000000|+2.9400000000000e+00|-2.1539956000000e+00|+6.0463463924631e-02|+7.7536001240008e-01
+0000000000000000016|+0000000000000000003|+0000000000000000000|+2.9300000000000e+00|-2.2191661000001e+00|+6.0751982144573e-02|+8.1098042709985e-01
+0000000000000000016|+0000000000000000003|+0000000000000000000|+2.9200000000000e+00|-2.2192116000001e+00|+6.0811996347205e-02|+8.3706992709989e-01
+0000000000000000016|+0000000000000000003|+0000000000000000000|+2.9100000000000e+00|-2.2124704000001e+00|+6.0391030048870e-02|+7.9697088640003e-01
+0000000000000000016|+0000000000000000003|+0000000000000000000|+2.9000000000000e+00|-2.2531820000001e+00|+6.0479908477283e-02|+8.1335406359990e-01
+0000000000000000016|+0000000000000000003|+0000000000000000000|+2.8900000000000e+00|-2.2601069000001e+00|+6.0297162962642e-02|+8.0244895589992e-01
+0000000000000000016|+0000000000000000003|+0000000000000000000|+2.8800000000000e+00|-2.2545568000001e+00|+6.0335383590467e-02|+8.2788642790006e-01
+0000000000000000016|+0000000000000000003|+0000000000000000000|+2.8700000000000e+00|-2.2737677000001e+00|+6.0210017481847e-02|+8.2107631590002e-01
+0000000000000000016|+0000000000000000003|+0000000000000000000|+2.8600000000000e+00|-2.2795121000000e+00|+6.0306437645061e-02|+8.5158476477517e-01
+0000000000000000016|+0000000000000000003|+0000000000000000000|+2.8500000000000e+00|-2.3022370000001e+00|+6.0372156821792e-02|+8.7201636759990e-01
+0000000000000000016|+0000000000000000003|+0000000000000000000|+2.8400000000000e+00|-2.2832140000002e+00|+5.9938404885836e-02|+8.3294527749985e-01
+0000000000000000016|+0000000000000000003|+0000000000000000000|+2.8300000000000e+00|-2.2773148000001e+00|+5.9986796911909e-02|+8.6101196640007e-01
+0000000000000000016|+0000000000000000003|+0000000000000000000|+2.8200000000000e+00|-2.2666330000001e+00|+5.9949973470078e-02|+8.7828757749998e-01
+0000000000000000016|+0000000000000000003|+0000000000000000000|+2.8100000000000e+00|-2.3165216000000e+00|+5.9929669194803e-02|+8.7671575040011e-01
+0000000000000000016|+0000000000000000003|+0000000000000000000|+2.8000000000000e+00|-2.3173466666668e+00|+5.9771990584231e-02|+8.7178127888887e-01
+0000000000000000016|+0000000000000000003|+0000000000000000000|+2.7900000000000e+00|-2.3757031000001e+00|+5.9978831335613e-02|+9.0219716790003e-01
+0000000000000000016|+0000000000000000003|+0000000000000000000|+2.7800000000000e+00|-2.3319534000002e+00|+5.9608636030123e-02|+8.8058475909974e-01
+0000000000000000016|+0000000000000000003|+0000000000000000000|+2.7700000000000e+00|-2.3136241000001e+00|+5.9402865402536e-02|+8.7512371109997e-01
+0000000000000000016|+0000000000000000003|+0000000000000000000|+2.7600000000000e+00|-2.2835668000001e+00|+5.9420942111598e-02|+9.0872563509986e-01
+0000000000000000016|+0000000000000000003|+0000000000000000000|+2.7500000000000e+00|-2.3674725000001e+00|+5.9516339589580e-02|+9.1343539990000e-01
+0000000000000000016|+0000000000000000003|+0000000000000000000|+2.7400000000000e+00|-2.3384584000001e+00|+5.9441167690320e-02|+9.3260361440010e-01
+0000000000000000016|+0000000000000000003|+0000000000000000000|+2.7300000000000e+00|-2.3504128000001e+00|+5.9298724325488e-02|+9.2624935039988e-01
+0000000000000000016|+0000000000000000003|+0000000000000000000|+2.7200000000000e+00|-2.4031568000001e+00|+5.9148395284471e-02|+9.0360640390016e-01
+0000000000000000016|+0000000000000000003|+0000000000000000000|+2.7100000000000e+00|-2.4490283000001e+00|+5.9372854112470e-02|+9.4374616710017e-01
+0000000000000000016|+0000000000000000003|+0000000000000000000|+2.7000000000000e+00|-2.3916250000001e+00|+5.9080986723622e-02|+9.3892343750000e-01
+0000000000000000016|+0000000000000000003|+0000000000000000000|+2.6900000000000e+00|-2.3937296000001e+00|+5.8979016338400e-02|+9.4286045439990e-01
+0000000000000000016|+0000000000000000003|+0000000000000000000|+2.6800000000000e+00|-2.4076192000001e+00|+5.8979719615405e-02|+9.5931376639996e-01
+0000000000000000016|+0000000000000000003|+0000000000000000000|+2.6700000000000e+00|-2.4627154000001e+00|+5.8882209501003e-02|+9.4435729560005e-01
+0000000000000000016|+0000000000000000003|+0000000000000000000|+2.6600000000000e+00|-2.3745054000001e+00|+5.8630852067991e-02|+9.5767796390006e-01
+0000000000000000016|+0000000000000000003|+0000000000000000000|+2.6500000000000e+00|-2.4423780000001e+00|+5.8525715770526e-02|+9.3654212960003e-01
+0000000000000000016|+0000000000000000003|+0000000000000000000|+2.6400000000000e+00|-2.4163048000001e+00|+5.8086788532763e-02|+8.9507737509995e-01
+0000000000000000016|+0000000000000000003|+0000000000000000000|+2.6300000000000e+00|-2.5091644000001e+00|+5.8821072945329e-02|+1.0057430256001e+00
+0000000000000000016|+0000000000000000003|+0000000000000000000|+2.6200000000000e+00|-2.4648564000001e+00|+5.8334182737274e-02|+9.6256659160012e-01
+0000000000000000016|+0000000000000000003|+0000000000000000000|+2.6100000000000e+00|-2.4593009500001e+00|+5.8436213192542e-02|+1.0049353139751e+00
+0000000000000000016|+0000000000000000003|+0000000000000000000|+2.6000000000000e+00|-2.4720330000001e+00|+5.8492046610140e-02|+1.0329124329749e+00
+0000000000000000016|+0000000000000000003|+0000000000000000000|+2.5900000000000e+00|-2.5009996000001e+00|+5.8396917049380e-02|+1.0287562864000e+00
+0000000000000000016|+0000000000000000003|+0000000000000000000|+2.5800000000000e+00|-2.4606358000001e+00|+5.8132652247266e-02|+1.0219086598999e+00
+0000000000000000016|+0000000000000000003|+0000000000000000000|+2.5700000000000e+00|-2.5288531000001e+00|+5.8148008493424e-02|+1.0218739511000e+00
+0000000000000000016|+0000000000000000003|+0000000000000000000|+2.5600000000000e+00|-2.5257472000001e+00|+5.7884380928925e-02|+1.0004809756001e+00
+0000000000000000016|+0000000000000000003|+0000000000000000000|+2.5500000000000e+00|-2.5340755000001e+00|+5.8282361584764e-02|+1.0923563798999e+00
+0000000000000000016|+0000000000000000003|+0000000000000000000|+2.5400000000000e+00|-2.5552494000002e+00|+5.8058299666766e-02|+1.0685655278999e+00
+0000000000000000016|+0000000000000000003|+0000000000000000000|+2.5300000000000e+00|-2.5442810000002e+00|+5.7739774825190e-02|+1.0402367100000e+00
+0000000000000000016|+0000000000000000003|+0000000000000000000|+2.5200000000000e+00|-2.5018732000001e+00|+5.7661033225113e-02|+1.0676338919001e+00
+0000000000000000016|+0000000000000000003|+0000000000000000000|+2.5100000000000e+00|-2.5574365000001e+00|+5.7544386021429e-02|+1.0493621775002e+00
+0000000000000000016|+0000000000000000003|+0000000000000000000|+2.5000000000000e+00|-2.6050000000001e+00|+5.7692441808128e-02|+1.0829360000000e+00
+0000000000000000016|+0000000000000000003|+0000000000000000000|+2.4900000000000e+00|-2.5951741000001e+00|+5.7533081130003e-02|+1.0830890919002e+00
+0000000000000000016|+0000000000000000003|+0000000000000000000|+2.4800000000000e+00|-2.6132592000001e+00|+5.7602648149794e-02|+1.1147973884000e+00
+0000000000000000016|+0000000000000000003|+0000000000000000000|+2.4700000000000e+00|-2.6382406000001e+00|+5.7638802622089e-02|+1.1379532796002e+00
+0000000000000000016|+0000000000000000003|+0000000000000000000|+2.4600000000000e+00|-2.6256502000002e+00|+5.7672507936982e-02|+1.1763428030999e+00
+0000000000000000016|+0000000000000000003|+0000000000000000000|+2.4500000000000e+00|-2.6482145000002e+00|+5.7474613455144e-02|+1.1564986358999e+00
+0000000000000000016|+0000000000000000003|+0000000000000000000|+2.4400000000000e+00|-2.6511612000002e+00|+5.7292054066051e-02|+1.1474870470997e+00
+0000000000000000016|+0000000000000000003|+0000000000000000000|+2.4300000000000e+00|-2.6808706000002e+00|+5.7275046221697e-02|+1.1594630235999e+00
+0000000000000000016|+0000000000000000003|+0000000000000000000|+2.4200000000000e+00|-2.6528400000001e+00|+5.6954893568773e-02|+1.1364460000002e+00
+0000000000000000016|+0000000000000000003|+0000000000000000000|+2.4100000000000e+00|-2.6821081000002e+00|+5.7105676246040e-02|+1.1817015919000e+00
+0000000000000000016|+0000000000000000003|+0000000000000000000|+2.4000000000000e+00|-2.7228880000001e+00|+5.6897666633989e-02|+1.1519576631000e+00
+0000000000000000016|+0000000000000000003|+0000000000000000000|+2.3900000000000e+00|-2.6702506000002e+00|+5.6785349361523e-02|+1.1800625883998e+00
+0000000000000000016|+0000000000000000003|+0000000000000000000|+2.3800000000000e+00|-2.7225426000001e+00|+5.6719200941959e-02|+1.1736122271002e+00
+0000000000000000016|+0000000000000000003|+0000000000000000000|+2.3700000000000e+00|-2.7189649000001e+00|+5.6973140852816e-02|+1.2555315271001e+00
+0000000000000000016|+0000000000000000003|+0000000000000000000|+2.3600000000000e+00|-2.7451272000002e+00|+5.6789504980847e-02|+1.2368488796000e+00
+0000000000000000016|+0000000000000000003|+0000000000000000000|+2.3500000000000e+00|-2.7820115000001e+00|+5.6936902488399e-02|+1.2815101519002e+00
+0000000000000000016|+0000000000000000003|+0000000000000000000|+2.3400000000000e+00|-2.7994042000002e+00|+5.6731044436381e-02|+1.2620150831000e+00
+0000000000000000016|+0000000000000000003|+0000000000000000000|+2.3300000000000e+00|-2.7907659000002e+00|+5.6505230949168e-02|+1.2493753537664e+00
+0000000000000000016|+0000000000000000003|+0000000000000000000|+2.3200000000000e+00|-2.7708784000001e+00|+5.6449712394701e-02|+1.2771395356002e+00
+0000000000000000016|+0000000000000000003|+0000000000000000000|+2.3100000000000e+00|-2.8015831000002e+00|+5.6514795737870e-02|+1.3088904798999e+00
+0000000000000000016|+0000000000000000003|+0000000000000000000|+2.3000000000000e+00|-2.8203730000002e+00|+5.6369036632855e-02|+1.3014456598997e+00
+0000000000000000016|+0000000000000000003|+0000000000000000000|+2.2900000000000e+00|-2.8546229000001e+00|+5.6578785031771e-02|+1.3636851999002e+00
+0000000000000000016|+0000000000000000003|+0000000000000000000|+2.2800000000000e+00|-2.8966444000001e+00|+5.6519839348843e-02|+1.3653006071000e+00
+0000000000000000016|+0000000000000000003|+0000000000000000000|+2.2700000000000e+00|-2.8781805000002e+00|+5.6154956724749e-02|+1.3268583774998e+00
+0000000000000000016|+0000000000000000003|+0000000000000000000|+2.2600000000000e+00|-2.8541924000002e+00|+5.5926762375926e-02|+1.3204684923999e+00
+0000000000000000016|+0000000000000000003|+0000000000000000000|+2.2500000000000e+00|-2.9061100000002e+00|+5.6045239081233e-02|+1.3567999344002e+00
+0000000000000000016|+0000000000000000003|+0000000000000000000|+2.2400000000000e+00|-2.8975328000002e+00|+5.5873966092459e-02|+1.3563068991001e+00
+0000000000000000016|+0000000000000000003|+0000000000000000000|+2.2300000000000e+00|-2.9205330000002e+00|+5.5984112693501e-02|+1.4048715899999e+00
+0000000000000000016|+0000000000000000003|+0000000000000000000|+2.2200000000000e+00|-2.9220448000002e+00|+5.5722903934393e-02|+1.3798343743999e+00
+0000000000000000016|+0000000000000000003|+0000000000000000000|+2.2100000000000e+00|-2.9367154000002e+00|+5.5834374866045e-02|+1.4335324123999e+00
+0000000000000000016|+0000000000000000003|+0000000000000000000|+2.2000000000000e+00|-2.9237040000002e+00|+5.5723523965654e-02|+1.4495572975999e+00
+0000000000000000016|+0000000000000000003|+0000000000000000000|+2.1900000000000e+00|-2.9822368000002e+00|+5.5612928209646e-02|+1.4332033216003e+00
+0000000000000000016|+0000000000000000003|+0000000000000000000|+2.1800000000000e+00|-3.0020240000002e+00|+5.5468287583404e-02|+1.4266097600000e+00
+0000000000000000016|+0000000000000000003|+0000000000000000000|+2.1700000000000e+00|-3.0157012000002e+00|+5.5340443999902e-02|+1.4267691504003e+00
+0000000000000000016|+0000000000000000003|+0000000000000000000|+2.1600000000000e+00|-3.0112264000002e+00|+5.5255407112752e-02|+1.4455371159000e+00
+0000000000000000016|+0000000000000000003|+0000000000000000000|+2.1500000000000e+00|-3.0907965000002e+00|+5.5367020036748e-02|+1.4725345799000e+00
+0000000000000000016|+0000000000000000003|+0000000000000000000|+2.1400000000000e+00|-3.0571660000002e+00|+5.5370381067448e-02|+1.5270743899999e+00
+0000000000000000016|+0000000000000000003|+0000000000000000000|+2.1300000000000e+00|-3.0741895000002e+00|+5.5296347579336e-02|+1.5397692775002e+00
+0000000000000000016|+0000000000000000003|+0000000000000000000|+2.1200000000000e+00|-3.1156900000002e+00|+5.5423640129269e-02|+1.5907494375002e+00
+0000000000000000016|+0000000000000000003|+0000000000000000000|+2.1100000000000e+00|-3.1096986000002e+00|+5.5286685647423e-02|+1.5996171324000e+00
+0000000000000000016|+0000000000000000003|+0000000000000000000|+2.1000000000000e+00|-3.1165810000002e+00|+5.5013024006366e-02|+1.5683631679000e+00
+0000000000000000016|+0000000000000000003|+0000000000000000000|+2.0900000000000e+00|-3.1341615000002e+00|+5.5061509322510e-02|+1.6126619775001e+00
+0000000000000000016|+0000000000000000003|+0000000000000000000|+2.0800000000000e+00|-3.1557992000002e+00|+5.4862643150776e-02|+1.5930158767750e+00
+0000000000000000016|+0000000000000000003|+0000000000000000000|+2.0700000000000e+00|-3.1637998000002e+00|+5.4735278534268e-02|+1.5980409404003e+00
+0000000000000000016|+0000000000000000003|+0000000000000000000|+2.0600000000000e+00|-3.1591436000002e+00|+5.4652793197041e-02|+1.6209009564002e+00
+0000000000000000016|+0000000000000000003|+0000000000000000000|+2.0500000000000e+00|-3.2175795000002e+00|+5.4746779079687e-02|+1.6592654398999e+00
+0000000000000000016|+0000000000000000003|+0000000000000000000|+2.0400000000000e+00|-3.1526596000002e+00|+5.4371877469505e-02|+1.6360603398999e+00
+0000000000000000016|+0000000000000000003|+0000000000000000000|+2.0300000000000e+00|-3.2457128000003e+00|+5.4645110564464e-02|+1.7057191423996e+00
+0000000000000000016|+0000000000000000003|+0000000000000000000|+2.0200000000000e+00|-3.2710041000002e+00|+5.4610721499252e-02|+1.7284821129754e+00
+0000000000000000016|+0000000000000000003|+0000000000000000000|+2.0100000000000e+00|-3.2902906000003e+00|+5.4386711689493e-02|+1.7035969563996e+00
+0000000000000000016|+0000000000000000003|+0000000000000000000|+2.0000000000000e+00|-3.2958600000002e+00|+5.4493152197353e-02|+1.7750867151002e+00
+0000000000000000016|+0000000000000000003|+0000000000000000000|+1.9900000000000e+00|-3.2941654000002e+00|+5.4204384483860e-02|+1.7430937884000e+00
+0000000000000000016|+0000000000000000003|+0000000000000000000|+1.9800000000000e+00|-3.3081562000003e+00|+5.3982629755058e-02|+1.7212987838997e+00
+0000000000000000016|+0000000000000000003|+0000000000000000000|+1.9700000000000e+00|-3.3694511500003e+00|+5.4294031310172e-02|+1.8237140229746e+00
+0000000000000000016|+0000000000000000003|+0000000000000000000|+1.9600000000000e+00|-3.3499092000002e+00|+5.3952664543810e-02|+1.7857578071002e+00
+0000000000000000016|+0000000000000000003|+0000000000000000000|+1.9500000000000e+00|-3.3944057500003e+00|+5.4027927115313e-02|+1.8325204087748e+00
+0000000000000000016|+0000000000000000003|+0000000000000000000|+1.9400000000000e+00|-3.3906259333336e+00|+5.3915327055207e-02|+1.8513932781220e+00
+0000000000000000016|+0000000000000000003|+0000000000000000000|+1.9300000000000e+00|-3.4217786000002e+00|+5.3679656127872e-02|+1.8169992796000e+00
+0000000000000000016|+0000000000000000003|+0000000000000000000|+1.9200000000000e+00|-3.4400896000002e+00|+5.3680705399711e-02|+1.8577277756002e+00
+0000000000000000016|+0000000000000000003|+0000000000000000000|+1.9100000000000e+00|-3.5062220000003e+00|+5.3884787416330e-02|+1.9341343599997e+00
+0000000000000000016|+0000000000000000003|+0000000000000000000|+1.9000000000000e+00|-3.4403560000002e+00|+5.3606353946569e-02|+1.9381888623999e+00
+0000000000000000016|+0000000000000000003|+0000000000000000000|+1.8900000000000e+00|-3.4764202000002e+00|+5.3480312468099e-02|+1.9339167142668e+00
+0000000000000000016|+0000000000000000003|+0000000000000000000|+1.8800000000000e+00|-3.4786596000003e+00|+5.3247581056998e-02|+1.9155538510994e+00
+0000000000000000016|+0000000000000000003|+0000000000000000000|+1.8700000000000e+00|-3.5193309000002e+00|+5.3438057254423e-02|+2.0052775951000e+00
+0000000000000000016|+0000000000000000003|+0000000000000000000|+1.8600000000000e+00|-3.5110936000003e+00|+5.3329387691621e-02|+2.0310896624000e+00
+0000000000000000016|+0000000000000000003|+0000000000000000000|+1.8500000000000e+00|-3.5575882500003e+00|+5.3241231235450e-02|+2.0341604509749e+00
+0000000000000000016|+0000000000000000003|+0000000000000000000|+1.8400000000000e+00|-3.6190296000002e+00|+5.2932319012794e-02|+1.9602102039002e+00
+0000000000000000016|+0000000000000000003|+0000000000000000000|+1.8300000000000e+00|-3.6190177000003e+00|+5.3267787693214e-02|+2.1227663438999e+00
+0000000000000000016|+0000000000000000003|+0000000000000000000|+1.8200000000000e+00|-3.6299547000002e+00|+5.3118284744638e-02|+2.1272136927753e+00
+0000000000000000016|+0000000000000000003|+0000000000000000000|+1.8100000000000e+00|-3.6499564000003e+00|+5.2874290178367e-02|+2.0963001263998e+00
+0000000000000000016|+0000000000000000003|+0000000000000000000|+1.8000000000000e+00|-3.6519940000003e+00|+5.3040099430631e-02|+2.2086787110999e+00
+0000000000000000016|+0000000000000000003|+0000000000000000000|+1.7900000000000e+00|-3.6969519000003e+00|+5.2846771711588e-02|+2.1807921478995e+00
+0000000000000000016|+0000000000000000003|+0000000000000000000|+1.7800000000000e+00|-3.6859492000003e+00|+5.2730301159467e-02|+2.2096567803998e+00
+0000000000000000016|+0000000000000000003|+0000000000000000000|+1.7700000000000e+00|-3.7909612000003e+00|+5.3053241920333e-02|+2.3216983663997e+00
+0000000000000000016|+0000000000000000003|+0000000000000000000|+1.7600000000000e+00|-3.7430192000003e+00|+5.2513981432262e-02|+2.2296974911005e+00
+0000000000000000016|+0000000000000000003|+0000000000000000000|+1.7500000000000e+00|-3.7709725000003e+00|+5.2636574867917e-02|+2.3197118870996e+00
+0000000000000000016|+0000000000000000003|+0000000000000000000|+1.7400000000000e+00|-3.7982753200002e+00|+5.2471519525399e-02|+2.3123435380765e+00
+0000000000000000016|+0000000000000000003|+0000000000000000000|+1.7300000000000e+00|-3.8241434500002e+00|+5.2497856232644e-02|+2.3728573947756e+00
+0000000000000000016|+0000000000000000003|+0000000000000000000|+1.7200000000000e+00|-3.8422000000003e+00|+5.2242087350807e-02|+2.3394550000003e+00
+0000000000000000016|+0000000000000000003|+0000000000000000000|+1.7100000000000e+00|-3.8718716500003e+00|+5.2217964165802e-02|+2.3814269617753e+00
+0000000000000000016|+0000000000000000003|+0000000000000000000|+1.7000000000000e+00|-3.9090100000004e+00|+5.2005130471421e-02|+2.3520119099995e+00
+0000000000000000016|+0000000000000000003|+0000000000000000000|+1.6900000000000e+00|-3.8987661000003e+00|+5.1915243068827e-02|+2.3949843238996e+00
+0000000000000000016|+0000000000000000003|+0000000000000000000|+1.6800000000000e+00|-3.9296632000003e+00|+5.2269924644666e-02|+2.5782610199005e+00
+0000000000000000016|+0000000000000000003|+0000000000000000000|+1.6700000000000e+00|-3.9393644000003e+00|+5.1798074192487e-02|+2.4701435376000e+00
+0000000000000000016|+0000000000000000003|+0000000000000000000|+1.6600000000000e+00|-3.9872833000004e+00|+5.1870199341357e-02|+2.5415862249747e+00
+0000000000000000016|+0000000000000000003|+0000000000000000000|+1.6500000000000e+00|-3.9601405000003e+00|+5.1539668589057e-02|+2.5074329550998e+00
+0000000000000000016|+0000000000000000003|+0000000000000000000|+1.6400000000000e+00|-4.0199618000003e+00|+5.1743619688538e-02|+2.6244077299750e+00
+0000000000000000016|+0000000000000000003|+0000000000000000000|+1.6300000000000e+00|-4.0766048000004e+00|+5.1504312084310e-02|+2.5742117183994e+00
+0000000000000000016|+0000000000000000003|+0000000000000000000|+1.6200000000000e+00|-4.0575628000003e+00|+5.1344388131762e-02|+2.6011941563999e+00
+0000000000000000016|+0000000000000000003|+0000000000000000000|+1.6100000000000e+00|-4.1163448000003e+00|+5.1407731313834e-02|+2.6687205376003e+00
+0000000000000000016|+0000000000000000003|+0000000000000000000|+1.6000000000000e+00|-4.1724960000003e+00|+5.1497393634568e-02|+2.7504570039000e+00
+0000000000000000016|+0000000000000000003|+0000000000000000000|+1.5900000000000e+00|-4.1453104000004e+00|+5.1152096831568e-02|+2.7102211263989e+00
+0000000000000000016|+0000000000000000003|+0000000000000000000|+1.5800000000000e+00|-4.1639618000004e+00|+5.1131352569003e-02|+2.7729843358997e+00
+0000000000000000016|+0000000000000000003|+0000000000000000000|+1.5700000000000e+00|-4.2354103500004e+00|+5.1024221570545e-02|+2.7678665049749e+00
+0000000000000000016|+0000000000000000003|+0000000000000000000|+1.5600000000000e+00|-4.2246748000003e+00|+5.1122264065797e-02|+2.9017721311006e+00
+0000000000000000016|+0000000000000000003|+0000000000000000000|+1.5500000000000e+00|-4.2503010000003e+00|+5.0845217666521e-02|+2.8561123035995e+00
+0000000000000000016|+0000000000000000003|+0000000000000000000|+1.5400000000000e+00|-4.3176232666670e+00|+5.0967663481069e-02|+2.9538242847890e+00
+0000000000000000016|+0000000000000000003|+0000000000000000000|+1.5300000000000e+00|-4.3278679000003e+00|+5.0547419483855e-02|+2.8562617951001e+00
+0000000000000000016|+0000000000000000003|+0000000000000000000|+1.5200000000000e+00|-4.3472184000003e+00|+5.0560522945460e-02|+2.9403291511002e+00
+0000000000000000016|+0000000000000000003|+0000000000000000000|+1.5100000000000e+00|-4.3780438000004e+00|+5.0456730101043e-02|+2.9671611355998e+00
+0000000000000000016|+0000000000000000003|+0000000000000000000|+1.5000000000000e+00|-4.4644000000004e+00|+5.0356666325169e-02|+2.9594678399995e+00
+0000000000000000016|+0000000000000000003|+0000000000000000000|+1.4900000000000e+00|-4.4783924000004e+00|+5.0465932893395e-02|+3.0956949424002e+00
+0000000000000000016|+0000000000000000003|+0000000000000000000|+1.4800000000000e+00|-4.4716788000003e+00|+5.0293087246914e-02|+3.1196732239002e+00
+0000000000000000016|+0000000000000000003|+0000000000000000000|+1.4700000000000e+00|-4.5597241000004e+00|+5.0554781306810e-02|+3.2822013591002e+00
+0000000000000000016|+0000000000000000003|+0000000000000000000|+1.4600000000000e+00|-4.5828786000004e+00|+5.0326619896765e-02|+3.2624090719003e+00
+0000000000000000016|+0000000000000000003|+0000000000000000000|+1.4500000000000e+00|-4.6019500000004e+00|+5.0284364383775e-02|+3.3340390000000e+00
+0000000000000000016|+0000000000000000003|+0000000000000000000|+1.4400000000000e+00|-4.6320256000003e+00|+5.0143061940419e-02|+3.3519653824001e+00
+0000000000000000016|+0000000000000000003|+0000000000000000000|+1.4300000000000e+00|-4.6681316666671e+00|+5.0043210389526e-02|+3.3866186388882e+00
+0000000000000000016|+0000000000000000003|+0000000000000000000|+1.4200000000000e+00|-4.6944450000004e+00|+4.9884731492124e-02|+3.4002499375003e+00
+0000000000000000016|+0000000000000000003|+0000000000000000000|+1.4100000000000e+00|-4.7147314000004e+00|+4.9699559440766e-02|+3.4053723483991e+00
+0000000000000000016|+0000000000000000003|+0000000000000000000|+1.4000000000000e+00|-4.7923390000004e+00|+5.0035004357691e-02|+3.6343053617751e+00
+0000000000000000016|+0000000000000000003|+0000000000000000000|+1.3900000000000e+00|-4.8198032000004e+00|+4.9913415447467e-02|+3.6703445056005e+00
+0000000000000000016|+0000000000000000003|+0000000000000000000|+1.3800000000000e+00|-4.8384850000004e+00|+4.9828727692848e-02|+3.7331594375002e+00
+0000000000000000016|+0000000000000000003|+0000000000000000000|+1.3700000000000e+00|-4.9051123000003e+00|+4.9670579217311e-02|+3.7237963559007e+00
+0000000000000000016|+0000000000000000003|+0000000000000000000|+1.3600000000000e+00|-4.9383056000004e+00|+4.9503110276970e-02|+3.7343388284008e+00
+0000000000000000016|+0000000000000000003|+0000000000000000000|+1.3500000000000e+00|-4.9679110000004e+00|+4.9383715582614e-02|+3.7741536603998e+00
+0000000000000000016|+0000000000000000003|+0000000000000000000|+1.3400000000000e+00|-4.9933167000004e+00|+4.9283750814642e-02|+3.8290307849751e+00
+0000000000000000016|+0000000000000000003|+0000000000000000000|+1.3300000000000e+00|-5.0927993000004e+00|+4.9300704232656e-02|+3.8949294758995e+00
+0000000000000000016|+0000000000000000003|+0000000000000000000|+1.3200000000000e+00|-5.0394880000004e+00|+4.9161841088875e-02|+3.9912334400005e+00
+0000000000000000016|+0000000000000000003|+0000000000000000000|+1.3100000000000e+00|-5.0880200500004e+00|+4.8936288944581e-02|+3.9624163689750e+00
+0000000000000000016|+0000000000000000003|+0000000000000000000|+1.3000000000000e+00|-5.1621100000005e+00|+4.8888684632935e-02|+4.0165099099992e+00
+0000000000000000016|+0000000000000000003|+0000000000000000000|+1.2900000000000e+00|-5.1711322000004e+00|+4.8735700910799e-02|+4.0613843676001e+00
+0000000000000000016|+0000000000000000003|+0000000000000000000|+1.2800000000000e+00|-5.2313813333337e+00|+4.8865197421177e-02|+4.2355464330559e+00
+0000000000000000016|+0000000000000000003|+0000000000000000000|+1.2700000000000e+00|-5.3227953000004e+00|+4.8899172927988e-02|+4.3331576479001e+00
+0000000000000000016|+0000000000000000003|+0000000000000000000|+1.2600000000000e+00|-5.3005978000004e+00|+4.8577742388560e-02|+4.3064106391001e+00
+0000000000000000016|+0000000000000000003|+0000000000000000000|+1.2500000000000e+00|-5.3349500000004e+00|+4.8461183677069e-02|+4.3608494384005e+00
+0000000000000000016|+0000000000000000003|+0000000000000000000|+1.2400000000000e+00|-5.4047782000005e+00|+4.8568387596337e-02|+4.5295258069751e+00
+0000000000000000016|+0000000000000000003|+0000000000000000000|+1.2300000000000e+00|-5.4677005000005e+00|+4.8373792553517e-02|+4.5162445774995e+00
+0000000000000000016|+0000000000000000003|+0000000000000000000|+1.2200000000000e+00|-5.5060222000005e+00|+4.8302632241653e-02|+4.6034416732333e+00
+0000000000000000016|+0000000000000000003|+0000000000000000000|+1.2100000000000e+00|-5.5400210000005e+00|+4.8079926521259e-02|+4.5974019900010e+00
+0000000000000000016|+0000000000000000003|+0000000000000000000|+1.2000000000000e+00|-5.6227840000005e+00|+4.8022302975731e-02|+4.6609506176005e+00
+0000000000000000016|+0000000000000000003|+0000000000000000000|+1.1900000000000e+00|-5.6742781000005e+00|+4.7838229230438e-02|+4.6679488199013e+00
+0000000000000000016|+0000000000000000003|+0000000000000000000|+1.1800000000000e+00|-5.6923896000005e+00|+4.7776189766579e-02|+4.7876621615999e+00
+0000000000000000016|+0000000000000000003|+0000000000000000000|+1.1700000000000e+00|-5.7460082500005e+00|+4.7883128444602e-02|+4.9987708743746e+00
+0000000000000000016|+0000000000000000003|+0000000000000000000|+1.1600000000000e+00|-5.7919708000005e+00|+4.7869408707689e-02|+5.1380984630988e+00
+0000000000000000016|+0000000000000000003|+0000000000000000000|+1.1500000000000e+00|-5.7994652500005e+00|+4.7530270752628e-02|+5.0809997837747e+00
+0000000000000000016|+0000000000000000003|+0000000000000000000|+1.1400000000000e+00|-5.8853439250005e+00|+4.7467096246973e-02|+5.1552070340613e+00
+0000000000000000016|+0000000000000000003|+0000000000000000000|+1.1300000000000e+00|-5.9653762000005e+00|+4.7329372380124e-02|+5.1825356123991e+00
+0000000000000000016|+0000000000000000003|+0000000000000000000|+1.1200000000000e+00|-5.9917008000005e+00|+4.7365041735924e-02|+5.3902450918992e+00
+0000000000000000016|+0000000000000000003|+0000000000000000000|+1.1100000000000e+00|-6.0489148000006e+00|+4.7146046769657e-02|+5.3818513775988e+00
+0000000000000000016|+0000000000000000003|+0000000000000000000|+1.1000000000000e+00|-6.1102500000005e+00|+4.7235372675500e-02|+5.6101637500000e+00
+0000000000000000016|+0000000000000000003|+0000000000000000000|+1.0900000000000e+00|-6.1308363000006e+00|+4.7006303779598e-02|+5.6317690350996e+00
+0000000000000000016|+0000000000000000003|+0000000000000000000|+1.0800000000000e+00|-6.1979176000005e+00|+4.6841855880266e-02|+5.6632797116016e+00
+0000000000000000016|+0000000000000000003|+0000000000000000000|+1.0700000000000e+00|-6.2685677000006e+00|+4.6785501486751e-02|+5.7815312878999e+00
+0000000000000000016|+0000000000000000003|+0000000000000000000|+1.0600000000000e+00|-6.3110706000006e+00|+4.6588429833610e-02|+5.8142689799002e+00
+0000000000000000016|+0000000000000000003|+0000000000000000000|+1.0500000000000e+00|-6.3789992500006e+00|+4.6500983642801e-02|+5.9168283387747e+00
+0000000000000000016|+0000000000000000003|+0000000000000000000|+1.0400000000000e+00|-6.4149980000006e+00|+4.6355300609414e-02|+6.0044306693741e+00
+0000000000000000016|+0000000000000000003|+0000000000000000000|+1.0300000000000e+00|-6.5251063500005e+00|+4.6220950819935e-02|+6.0333368179773e+00
+0000000000000000016|+0000000000000000003|+0000000000000000000|+1.0200000000000e+00|-6.5650288000006e+00|+4.6081613624402e-02|+6.1290832864005e+00
+0000000000000000016|+0000000000000000003|+0000000000000000000|+1.0100000000000e+00|-6.6166072166673e+00|+4.6018699498383e-02|+6.2859680675292e+00
+0000000000000000016|+0000000000000000003|+0000000000000000000|+1.0000000000000e+00|-6.7123200000006e+00|+4.6104442125662e-02|+6.5417502175995e+00
+0000000000000000016|+0000000000000000003|+0000000000000000000|+9.9000000000004e-01|-6.7775716000006e+00|+4.5784804364752e-02|+6.4591276144001e+00
+0000000000000000016|+0000000000000000003|+0000000000000000000|+9.8000000000004e-01|-6.8420510000006e+00|+4.5658251671903e-02|+6.5592094975018e+00
+0000000000000000016|+0000000000000000003|+0000000000000000000|+9.7000000000004e-01|-6.8777436000006e+00|+4.5521842158218e-02|+6.6839171056032e+00
+0000000000000000016|+0000000000000000003|+0000000000000000000|+9.6000000000004e-01|-6.9505696000007e+00|+4.5188997839167e-02|+6.5818862798988e+00
+0000000000000000016|+0000000000000000003|+0000000000000000000|+9.5000000000004e-01|-7.0326480000007e+00|+4.5211399838727e-02|+6.8228776543991e+00
+0000000000000000016|+0000000000000000003|+0000000000000000000|+9.4000000000004e-01|-7.1054898000007e+00|+4.5135543237409e-02|+6.9839010910988e+00
+0000000000000000016|+0000000000000000003|+0000000000000000000|+9.3000000000004e-01|-7.1316456000007e+00|+4.4834219019850e-02|+6.9680095224901e+00
+0000000000000000016|+0000000000000000003|+0000000000000000000|+9.2000000000004e-01|-7.2295512000007e+00|+4.4876331119728e-02|+7.2372991003990e+00
+0000000000000000016|+0000000000000000003|+0000000000000000000|+9.1000000000004e-01|-7.3091556800008e+00|+4.4615790585277e-02|+7.2121307304928e+00
+0000000000000000016|+0000000000000000003|+0000000000000000000|+9.0000000000004e-01|-7.3754650000008e+00|+4.4592438057710e-02|+7.4628991774976e+00
+0000000000000000016|+0000000000000000003|+0000000000000000000|+8.9000000000004e-01|-7.4398090000007e+00|+4.4376146563109e-02|+7.5104463900005e+00
+0000000000000000016|+0000000000000000003|+0000000000000000000|+8.8000000000004e-01|-7.5247840000008e+00|+4.4232943563187e-02|+7.6210827599984e+00
+0000000000000000016|+0000000000000000003|+0000000000000000000|+8.7000000000004e-01|-7.6491946000008e+00|+4.4169003971385e-02|+7.7847257435970e+00
+0000000000000000016|+0000000000000000003|+0000000000000000000|+8.6000000000004e-01|-7.6789008000007e+00|+4.3728505327692e-02|+7.6204095616011e+00
+0000000000000000016|+0000000000000000003|+0000000000000000000|+8.5000000000004e-01|-7.7746230000008e+00|+4.3406512798455e-02|+7.5168717755977e+00
+0000000000000000016|+0000000000000000003|+0000000000000000000|+8.4000000000004e-01|-7.8103834000008e+00|+4.3244567674610e-02|+7.6790450467746e+00
+0000000000000000016|+0000000000000000003|+0000000000000000000|+8.3000000000004e-01|-7.8949814000008e+00|+4.3030362639768e-02|+7.7245389969349e+00
+0000000000000000016|+0000000000000000003|+0000000000000000000|+8.2000000000004e-01|-7.9802502000007e+00|+4.2886065793033e-02|+7.8621386279033e+00
+0000000000000000016|+0000000000000000003|+0000000000000000000|+8.1000000000004e-01|-8.0580272500009e+00|+4.2805803576826e-02|+8.1001886743733e+00
+0000000000000000016|+0000000000000000003|+0000000000000000000|+8.0000000000004e-01|-8.1331600000008e+00|+4.2541531467850e-02|+8.1085643974984e+00
+0000000000000000016|+0000000000000000003|+0000000000000000000|+7.9000000000004e-01|-8.2228712000008e+00|+4.2170185751048e-02|+7.9560953216000e+00
+0000000000000000016|+0000000000000000003|+0000000000000000000|+7.8000000000004e-01|-8.3204860000009e+00|+4.2141052734989e-02|+8.2625383100001e+00
+0000000000000000016|+0000000000000000003|+0000000000000000000|+7.7000000000004e-01|-8.3824276000009e+00|+4.1719738255797e-02|+8.0775102256033e+00
+0000000000000000016|+0000000000000000003|+0000000000000000000|+7.6000000000004e-01|-8.4797336000009e+00|+4.1561207180465e-02|+8.2185155003999e+00
+0000000000000000016|+0000000000000000003|+0000000000000000000|+7.5000000000004e-01|-8.5473700000010e+00|+4.1493272376077e-02|+8.5416308143974e+00
+0000000000000000016|+0000000000000000003|+0000000000000000000|+7.4000000000004e-01|-8.6209328000010e+00|+4.1086156659090e-02|+8.3629370815951e+00
+0000000000000000016|+0000000000000000003|+0000000000000000000|+7.3000000000004e-01|-8.7133281000010e+00|+4.0424962159931e-02|+7.7677086991013e+00
+0000000000000000016|+0000000000000000003|+0000000000000000000|+7.2000000000004e-01|-8.7685120000010e+00|+4.0731891162595e-02|+8.7111918399990e+00
+0000000000000000016|+0000000000000000003|+0000000000000000000|+7.1000000000004e-01|-8.8851703000009e+00|+4.0181721177319e-02|+8.2436454751026e+00
+0000000000000000016|+0000000000000000003|+0000000000000000000|+7.0000000000004e-01|-8.9675275000010e+00|+3.9795914616409e-02|+8.0781535443729e+00
+0000000000000000016|+0000000000000000003|+0000000000000000000|+6.9000000000004e-01|-9.0543436000010e+00|+3.9615140848578e-02|+8.2430737264032e+00
+0000000000000000016|+0000000000000000003|+0000000000000000000|+6.8000000000004e-01|-9.1412156000011e+00|+3.9232223767838e-02|+8.0754931710939e+00
+0000000000000000016|+0000000000000000003|+0000000000000000000|+6.7000000000004e-01|-9.2143167000012e+00|+3.9093757500368e-02|+8.3495171398945e+00
+0000000000000000016|+0000000000000000003|+0000000000000000000|+6.6000000000004e-01|-9.2619172000011e+00|+3.8574208235410e-02|+8.0012444636022e+00
+0000000000000000016|+0000000000000000003|+0000000000000000000|+6.5000000000004e-01|-9.3903340000011e+00|+3.8195127158033e-02|+7.7716009903975e+00
+0000000000000000016|+0000000000000000003|+0000000000000000000|+6.4000000000004e-01|-9.4144352000011e+00|+3.7875567818372e-02|+7.8098468969770e+00
+0000000000000000016|+0000000000000000003|+0000000000000000000|+6.3000000000004e-01|-9.5173705000012e+00|+3.7432769842731e-02|+7.4950313774974e+00
+0000000000000000016|+0000000000000000003|+0000000000000000000|+6.2000000000004e-01|-9.5911670000012e+00|+3.7049160117846e-02|+7.3322228774986e+00
+0000000000000000016|+0000000000000000003|+0000000000000000000|+6.1000000000004e-01|-9.6520031000012e+00|+3.6838120176919e-02|+7.5285999559022e+00
+0000000000000000016|+0000000000000000003|+0000000000000000000|+6.0000000000004e-01|-9.7657780000013e+00|+3.6299167599664e-02|+6.9875312630961e+00
+0000000000000000016|+0000000000000000003|+0000000000000000000|+5.9000000000004e-01|-9.7952260000013e+00|+3.6231804024294e-02|+7.5465100399997e+00
+0000000000000000016|+0000000000000000003|+0000000000000000000|+5.8000000000004e-01|-9.8856746000013e+00|+3.5650670688270e-02|+6.9403714830920e+00
+0000000000000000016|+0000000000000000003|+0000000000000000000|+5.7000000000004e-01|-9.9456976000013e+00|+3.5347013606140e-02|+6.9677336575994e+00
+0000000000000000016|+0000000000000000003|+0000000000000000000|+5.6000000000004e-01|-1.0044600000001e+01|+3.4853568349927e-02|+6.5099537500065e+00
+0000000000000000016|+0000000000000000003|+0000000000000000000|+5.5000000000004e-01|-1.0089159000001e+01|+3.4473476969023e-02|+6.3933232156086e+00
+0000000000000000016|+0000000000000000003|+0000000000000000000|+5.4000000000004e-01|-1.0147801600001e+01|+3.4099445806701e-02|+6.2645624383929e+00
+0000000000000000016|+0000000000000000003|+0000000000000000000|+5.3000000000004e-01|-1.0222581900001e+01|+3.3680876037010e-02|+5.9982602270986e+00
+0000000000000000016|+0000000000000000003|+0000000000000000000|+5.2000000000004e-01|-1.0288072400001e+01|+3.3121420659250e-02|+5.3971538031121e+00
+0000000000000000016|+0000000000000000003|+0000000000000000000|+5.1000000000004e-01|-1.0334460475001e+01|+3.2833063407893e-02|+5.4919172439933e+00
+0000000000000000016|+0000000000000000003|+0000000000000000000|+5.0000000000004e-01|-1.0388080000002e+01|+3.2372491241469e-02|+5.1387756543960e+00
+0000000000000000016|+0000000000000000003|+0000000000000000000|+4.9000000000004e-01|-1.0426342200002e+01|+3.1924681163277e-02|+4.8393411516037e+00
+0000000000000000016|+0000000000000000003|+0000000000000000000|+4.8000000000004e-01|-1.0478436800002e+01|+3.1607601701007e-02|+4.8600527274658e+00
+0000000000000000016|+0000000000000000003|+0000000000000000000|+4.7000000000004e-01|-1.0535507500002e+01|+3.1211146960892e-02|+4.6568324375191e+00
+0000000000000000016|+0000000000000000003|+0000000000000000000|+4.6000000000004e-01|-1.0589819000002e+01|+3.0808922222188e-02|+4.4405999774955e+00
+0000000000000000016|+0000000000000000003|+0000000000000000000|+4.5000000000004e-01|-1.0615235500002e+01|+3.0316857796292e-02|+4.0165115038888e+00
+0000000000000000016|+0000000000000000003|+0000000000000000000|+4.4000000000004e-01|-1.0638030400002e+01|+2.9819250581436e-02|+3.5653640944104e+00
+0000000000000000016|+0000000000000000003|+0000000000000000000|+4.3000000000004e-01|-1.0695996337502e+01|+2.9554150710837e-02|+3.7551453187539e+00
+0000000000000000016|+0000000000000000003|+0000000000000000000|+4.2000000000004e-01|-1.0728887800002e+01|+2.9158711963143e-02|+3.6015970918960e+00
+0000000000000000016|+0000000000000000003|+0000000000000000000|+4.1000000000004e-01|-1.0749841200002e+01|+2.8653625280279e-02|+3.1055710576027e+00
+0000000000000000016|+0000000000000000003|+0000000000000000000|+4.0000000000004e-01|-1.0797008000002e+01|+2.8278342795524e-02|+2.9815240496157e+00
+0000000000000000016|+0000000000000000003|+0000000000000000000|+3.9000000000004e-01|-1.0821417550002e+01|+2.7863254032831e-02|+2.7776465979856e+00
+0000000000000000016|+0000000000000000003|+0000000000000000000|+3.8000000000004e-01|-1.0834688600002e+01|+2.7525046450849e-02|+2.8971088991039e+00
+0000000000000000016|+0000000000000000003|+0000000000000000000|+3.7000000000004e-01|-1.0878554078263e+01|+2.7089454245424e-02|+2.5755037666876e+00
+0000000000000000016|+0000000000000000003|+0000000000000000000|+3.6000000000004e-01|-1.0912877200002e+01|+2.6690429439675e-02|+2.4262505070767e+00
+0000000000000000016|+0000000000000000003|+0000000000000000000|+3.5000000000004e-01|-1.0926320000002e+01|+2.6204074895219e-02|+1.9725449599961e+00
+0000000000000000016|+0000000000000000003|+0000000000000000000|+3.4000000000004e-01|-1.0946183800002e+01|+2.5897017759095e-02|+2.2853126351050e+00
+0000000000000000016|+0000000000000000003|+0000000000000000000|+3.3000000000004e-01|-1.0974623800002e+01|+2.5412082487296e-02|+1.7949287003963e+00
+0000000000000000016|+0000000000000000003|+0000000000000000000|+3.2000000000004e-01|-1.0981949257145e+01|+2.5001725719909e-02|+1.7188871206973e+00
+0000000000000000016|+0000000000000000003|+0000000000000000000|+3.1000000000004e-01|-1.0990999900003e+01|+2.4569047778272e-02|+1.5459675358954e+00
+0000000000000000016|+0000000000000000003|+0000000000000000000|+3.0000000000004e-01|-1.1011599000003e+01|+2.4147130361821e-02|+1.4086251466854e+00
+0000000000000000016|+0000000000000000003|+0000000000000000000|+2.9000000000004e-01|-1.1031129408336e+01|+2.3764222868574e-02|+1.5195079520309e+00
+0000000000000000016|+0000000000000000003|+0000000000000000000|+2.8000000000004e-01|-1.1054201600003e+01|+2.3362017589301e-02|+1.5576074816376e+00
+0000000000000000016|+0000000000000000003|+0000000000000000000|+2.7000000000004e-01|-1.1058244300003e+01|+2.2803430445792e-02|+7.3687851191954e-01
+0000000000000000016|+0000000000000000003|+0000000000000000000|+2.6000000000004e-01|-1.1069523200003e+01|+2.2491227347510e-02|+1.4788637376436e+00
+0000000000000000016|+0000000000000000003|+0000000000000000000|+2.5000000000004e-01|-1.1078310000003e+01|+2.2049192073117e-02|+1.4656807023880e+00
+0000000000000000016|+0000000000000000003|+0000000000000000000|+2.4000000000004e-01|-1.1096819200003e+01|+2.1564734193291e-02|+1.1575687935905e+00
+0000000000000000016|+0000000000000000003|+0000000000000000000|+2.3000000000004e-01|-1.1105460600003e+01|+2.1104617676543e-02|+1.1218814714916e+00
+0000000000000000016|+0000000000000000003|+0000000000000000000|+2.2000000000004e-01|-1.1119423400004e+01|+2.0671002670133e-02|+1.3678321391245e+00
+0000000000000000016|+0000000000000000003|+0000000000000000000|+2.1000000000004e-01|-1.1138715400004e+01|+2.0103227316910e-02|+4.9576217241507e-01
+0000000000000000016|+0000000000000000003|+0000000000000000000|+2.0000000000004e-01|-1.1143470400004e+01|+1.9681610732168e-02|+1.1144141080816e+00
+0000000000000000016|+0000000000000000003|+0000000000000000000|+1.9000000000004e-01|-1.1174718300004e+01|+1.9169493519980e-02|+8.6235101501340e-01
+0000000000000000016|+0000000000000000003|+0000000000000000000|+1.8000000000004e-01|-1.1158096600004e+01|+1.8681610122330e-02|+1.2721968231152e+00
+0000000000000000016|+0000000000000000003|+0000000000000000000|+1.7000000000004e-01|-1.1168459140005e+01|+1.8075351691984e-02|+2.8438116778314e-01
+0000000000000000016|+0000000000000000003|+0000000000000000000|+1.6000000000004e-01|-1.1184507200005e+01|+1.7530290916725e-02|+1.2822395112883e-01
+0000000000000000016|+0000000000000000003|+0000000000000000000|+1.5000000000004e-01|-1.1194006394742e+01|+1.7025411597208e-02|+8.5580340849921e-01
+0000000000000000016|+0000000000000000003|+0000000000000000000|+1.4000000000004e-01|-1.1203384747832e+01|+1.6449077555694e-02|+8.6617793278870e-01
+0000000000000000016|+0000000000000000003|+0000000000000000000|+1.3000000000004e-01|-1.1198199800006e+01|+1.5794237788609e-02|-8.4967971467194e-02
+0000000000000000016|+0000000000000000003|+0000000000000000000|+1.2000000000004e-01|-1.1210581600007e+01|+1.5160424308731e-02|-4.9409571244300e-01
+0000000000000000016|+0000000000000000003|+0000000000000000000|+1.1000000000004e-01|-1.1215453400007e+01|+1.4516358775879e-02|-5.5073368374789e-01
+0000000000000000016|+0000000000000000003|+0000000000000000000|+1.0000000000004e-01|-1.1219371142865e+01|+1.3847186884959e-02|-4.6830126021325e-01
+0000000000000000016|+0000000000000000003|+0000000000000000000|+9.0000000000041e-02|-1.1230990750009e+01|+1.3164371920469e-02|+2.5239659439754e-01
+0000000000000000016|+0000000000000000003|+0000000000000000000|+8.0000000000041e-02|-1.1227538080010e+01|+1.2422831110849e-02|+7.6718046132208e-01
+0000000000000000016|+0000000000000000003|+0000000000000000000|+7.0000000000041e-02|-1.1227684087511e+01|+1.1606279780015e-02|+2.0096152304927e-01
+0000000000000000016|+0000000000000000003|+0000000000000000000|+6.0000000000041e-02|-1.1229615533347e+01|+1.0737827830310e-02|-2.4521328177235e-01
+0000000000000000016|+0000000000000000003|+0000000000000000000|+5.0000000000041e-02|-1.1227323461554e+01|+9.8086082813492e-03|+2.5023291785539e-01
+0000000000000000016|+0000000000000000003|+0000000000000000000|+4.0000000000041e-02|-1.1228420852194e+01|+8.7602715897523e-03|-1.1187457403059e+00
+0000000000000000016|+0000000000000000003|+0000000000000000000|+3.0000000000041e-02|-1.1228370604026e+01|+7.5961820866379e-03|+1.2333647743640e-01
+0000000000000000016|+0000000000000000003|+0000000000000000000|+2.0000000000041e-02|-1.1228357384039e+01|+6.1995777915895e-03|-6.4483626664276e-01
+0000000000000000016|+0000000000000000003|+0000000000000000000|+1.0000000000041e-02|-1.1227604758412e+01|+4.3841675653443e-03|-8.6016099936546e-01
