#
# QHS - DATA
#
# ----------------------------------------
#
# Size                 = +0000000000000000010
# Model                = Open-1D
# Algorithm            = SSE
# Start-Temperature    = +0.0000000000000e+00
# End-Temperature      = +4.0000000000000e+00
# Temperature-Step     = +1.0000000000000e-02
#
# Size              | Model-Index        | Algorithm-Index    | Temperature        | AverageEnergy      | StdDvOfEnergy      | AutoCOfEnergy      | AverageCHeat       | StdDvOfCHeat       | AutoCOfCHeat       | AverageSuscept     | StdDvOfSuscept     | AutoCOfSuscept    
# ------------------------------------------------------------------------------------------------------------------------------------------------------------------------------------------------------------------------------------------------------------------------------
+0000000000000000010|+0000000000000000000|+0000000000000000000|+4.0000000000000e+00|-4.5293333333333e-01|+4.3434668562190e-02|+0.0000000000000e+00|+8.3726666666667e-02|+4.0030978142350e-03|+0.0000000000000e+00|+0.0000000000000e+00|+0.0000000000000e+00|+0.0000000000000e+00
+0000000000000000010|+0000000000000000000|+0000000000000000000|+3.9900000000000e+00|-4.3483774999998e-01|+4.3295651732965e-02|+0.0000000000000e+00|+7.6276875000000e-02|+3.8476850081119e-03|+0.0000000000000e+00|+0.0000000000000e+00|+0.0000000000000e+00|+0.0000000000000e+00
+0000000000000000010|+0000000000000000000|+0000000000000000000|+3.9800000000000e+00|-4.5961716666667e-01|+4.3341162055706e-02|+0.0000000000000e+00|+8.5153541666667e-02|+3.9754470291471e-03|+0.0000000000000e+00|+0.0000000000000e+00|+0.0000000000000e+00|+0.0000000000000e+00
+0000000000000000010|+0000000000000000000|+0000000000000000000|+3.9700000000000e+00|-4.4708566666668e-01|+4.3337936779232e-02|+0.0000000000000e+00|+8.5269166666667e-02|+4.0396469801221e-03|+0.0000000000000e+00|+0.0000000000000e+00|+0.0000000000000e+00|+0.0000000000000e+00
+0000000000000000010|+0000000000000000000|+0000000000000000000|+3.9600000000000e+00|-4.6421699999999e-01|+4.3301453993405e-02|+0.0000000000000e+00|+8.3595208333333e-02|+3.8434854180804e-03|+0.0000000000000e+00|+0.0000000000000e+00|+0.0000000000000e+00|+0.0000000000000e+00
+0000000000000000010|+0000000000000000000|+0000000000000000000|+3.9500000000000e+00|-4.3563791666667e-01|+4.3280376885386e-02|+0.0000000000000e+00|+7.6307291666667e-02|+3.9128606744241e-03|+0.0000000000000e+00|+0.0000000000000e+00|+0.0000000000000e+00|+0.0000000000000e+00
+0000000000000000010|+0000000000000000000|+0000000000000000000|+3.9400000000000e+00|-4.2936416666665e-01|+4.2236227963820e-02|+0.0000000000000e+00|+1.0152041666667e-01|+2.9889579341258e-03|+0.0000000000000e+00|+0.0000000000000e+00|+0.0000000000000e+00|+0.0000000000000e+00
+0000000000000000010|+0000000000000000000|+0000000000000000000|+3.9300000000000e+00|-4.6969100000011e-01|+4.3343682831661e-02|+0.0000000000000e+00|+8.9027916666667e-02|+4.1060310364869e-03|+0.0000000000000e+00|+0.0000000000000e+00|+0.0000000000000e+00|+0.0000000000000e+00
+0000000000000000010|+0000000000000000000|+0000000000000000000|+3.9200000000000e+00|-4.4633933333331e-01|+4.3391687117455e-02|+0.0000000000000e+00|+8.2376875000000e-02|+3.9471961728191e-03|+0.0000000000000e+00|+0.0000000000000e+00|+0.0000000000000e+00|+0.0000000000000e+00
+0000000000000000010|+0000000000000000000|+0000000000000000000|+3.9100000000000e+00|-4.6955705555556e-01|+4.1938622277548e-02|+0.0000000000000e+00|+1.0695111111111e-01|+2.5346856295932e-03|+0.0000000000000e+00|+0.0000000000000e+00|+0.0000000000000e+00|+0.0000000000000e+00
+0000000000000000010|+0000000000000000000|+0000000000000000000|+3.9000000000000e+00|-4.5055500000000e-01|+4.3307752013389e-02|+0.0000000000000e+00|+8.5360000000000e-02|+4.0476390636802e-03|+0.0000000000000e+00|+0.0000000000000e+00|+0.0000000000000e+00|+0.0000000000000e+00
+0000000000000000010|+0000000000000000000|+0000000000000000000|+3.8900000000000e+00|-4.4949791666667e-01|+4.3403424330672e-02|+0.0000000000000e+00|+8.2217708333334e-02|+4.0792090022573e-03|+0.0000000000000e+00|+0.0000000000000e+00|+0.0000000000000e+00|+0.0000000000000e+00
+0000000000000000010|+0000000000000000000|+0000000000000000000|+3.8800000000000e+00|-4.5507133333335e-01|+4.3247840449418e-02|+0.0000000000000e+00|+9.0066666666667e-02|+4.0405037793234e-03|+0.0000000000000e+00|+0.0000000000000e+00|+0.0000000000000e+00|+0.0000000000000e+00
+0000000000000000010|+0000000000000000000|+0000000000000000000|+3.8700000000000e+00|-4.7006175000001e-01|+4.3409462741741e-02|+0.0000000000000e+00|+8.2495625000000e-02|+3.9808911926891e-03|+0.0000000000000e+00|+0.0000000000000e+00|+0.0000000000000e+00|+0.0000000000000e+00
+0000000000000000010|+0000000000000000000|+0000000000000000000|+3.8600000000000e+00|-4.5200000000001e-01|+4.3271609584869e-02|+0.0000000000000e+00|+8.7240000000000e-02|+3.9904914399496e-03|+0.0000000000000e+00|+0.0000000000000e+00|+0.0000000000000e+00|+0.0000000000000e+00
+0000000000000000010|+0000000000000000000|+0000000000000000000|+3.8500000000000e+00|-4.5067875000000e-01|+4.3301035189741e-02|+0.0000000000000e+00|+8.9581041666667e-02|+4.0044661130164e-03|+0.0000000000000e+00|+0.0000000000000e+00|+0.0000000000000e+00|+0.0000000000000e+00
+0000000000000000010|+0000000000000000000|+0000000000000000000|+3.8400000000000e+00|-4.6923199999997e-01|+4.3458644863017e-02|+0.0000000000000e+00|+8.3117083333333e-02|+4.1125955364704e-03|+0.0000000000000e+00|+0.0000000000000e+00|+0.0000000000000e+00|+0.0000000000000e+00
+0000000000000000010|+0000000000000000000|+0000000000000000000|+3.8300000000000e+00|-4.5734720833334e-01|+4.2237428216753e-02|+0.0000000000000e+00|+1.0838276041667e-01|+3.0409417614694e-03|+0.0000000000000e+00|+0.0000000000000e+00|+0.0000000000000e+00|+0.0000000000000e+00
+0000000000000000010|+0000000000000000000|+0000000000000000000|+3.8200000000000e+00|-4.5331850000000e-01|+4.3383540252571e-02|+0.0000000000000e+00|+8.1394791666667e-02|+4.0576370398818e-03|+0.0000000000000e+00|+0.0000000000000e+00|+0.0000000000000e+00|+0.0000000000000e+00
+0000000000000000010|+0000000000000000000|+0000000000000000000|+3.8100000000000e+00|-4.7113375000005e-01|+4.3339231812094e-02|+0.0000000000000e+00|+9.0872708333333e-02|+4.1424388585840e-03|+0.0000000000000e+00|+0.0000000000000e+00|+0.0000000000000e+00|+0.0000000000000e+00
+0000000000000000010|+0000000000000000000|+0000000000000000000|+3.8000000000000e+00|-4.9901500000000e-01|+4.3547146897655e-02|+0.0000000000000e+00|+8.8563541666667e-02|+4.0836886516938e-03|+0.0000000000000e+00|+0.0000000000000e+00|+0.0000000000000e+00|+0.0000000000000e+00
+0000000000000000010|+0000000000000000000|+0000000000000000000|+3.7900000000000e+00|-4.9444954166668e-01|+4.2258014799311e-02|+0.0000000000000e+00|+1.1456015625000e-01|+3.1417551098405e-03|+0.0000000000000e+00|+0.0000000000000e+00|+0.0000000000000e+00|+0.0000000000000e+00
+0000000000000000010|+0000000000000000000|+0000000000000000000|+3.7800000000000e+00|-4.5865349999999e-01|+4.3255374157752e-02|+0.0000000000000e+00|+9.3817708333333e-02|+4.1253643509015e-03|+0.0000000000000e+00|+0.0000000000000e+00|+0.0000000000000e+00|+0.0000000000000e+00
+0000000000000000010|+0000000000000000000|+0000000000000000000|+3.7700000000000e+00|-4.4752925000002e-01|+4.3284588056111e-02|+0.0000000000000e+00|+8.8117291666667e-02|+4.0267875488548e-03|+0.0000000000000e+00|+0.0000000000000e+00|+0.0000000000000e+00|+0.0000000000000e+00
+0000000000000000010|+0000000000000000000|+0000000000000000000|+3.7600000000000e+00|-4.7308600000001e-01|+4.3346592493341e-02|+0.0000000000000e+00|+8.9143541666667e-02|+4.1674747894339e-03|+0.0000000000000e+00|+0.0000000000000e+00|+0.0000000000000e+00|+0.0000000000000e+00
+0000000000000000010|+0000000000000000000|+0000000000000000000|+3.7500000000000e+00|-4.8628125000000e-01|+4.3469559632098e-02|+0.0000000000000e+00|+9.2443541666667e-02|+4.1949119606484e-03|+0.0000000000000e+00|+0.0000000000000e+00|+0.0000000000000e+00|+0.0000000000000e+00
+0000000000000000010|+0000000000000000000|+0000000000000000000|+3.7400000000000e+00|-4.4423366666666e-01|+4.3360617379289e-02|+0.0000000000000e+00|+8.9965000000000e-02|+4.3668047866468e-03|+0.0000000000000e+00|+0.0000000000000e+00|+0.0000000000000e+00|+0.0000000000000e+00
+0000000000000000010|+0000000000000000000|+0000000000000000000|+3.7300000000000e+00|-4.8163441666666e-01|+4.3317545968984e-02|+0.0000000000000e+00|+9.0709791666667e-02|+4.1691982683604e-03|+0.0000000000000e+00|+0.0000000000000e+00|+0.0000000000000e+00|+0.0000000000000e+00
+0000000000000000010|+0000000000000000000|+0000000000000000000|+3.7200000000000e+00|-4.8618400000002e-01|+4.3368470068857e-02|+0.0000000000000e+00|+9.8732916666667e-02|+4.4165545656330e-03|+0.0000000000000e+00|+0.0000000000000e+00|+0.0000000000000e+00|+0.0000000000000e+00
+0000000000000000010|+0000000000000000000|+0000000000000000000|+3.7100000000000e+00|-5.1963866666668e-01|+4.3368364976427e-02|+0.0000000000000e+00|+1.0187333333333e-01|+4.3189148707060e-03|+0.0000000000000e+00|+0.0000000000000e+00|+0.0000000000000e+00|+0.0000000000000e+00
+0000000000000000010|+0000000000000000000|+0000000000000000000|+3.7000000000000e+00|-4.8581083333334e-01|+4.3334856560763e-02|+0.0000000000000e+00|+9.2836458333334e-02|+4.2694642985155e-03|+0.0000000000000e+00|+0.0000000000000e+00|+0.0000000000000e+00|+0.0000000000000e+00
+0000000000000000010|+0000000000000000000|+0000000000000000000|+3.6900000000000e+00|-4.7700224999996e-01|+4.3302899219773e-02|+0.0000000000000e+00|+9.2270625000000e-02|+4.2384650703463e-03|+0.0000000000000e+00|+0.0000000000000e+00|+0.0000000000000e+00|+0.0000000000000e+00
+0000000000000000010|+0000000000000000000|+0000000000000000000|+3.6800000000000e+00|-4.8236933333334e-01|+4.3228439862893e-02|+0.0000000000000e+00|+9.8820625000000e-02|+4.1829098267475e-03|+0.0000000000000e+00|+0.0000000000000e+00|+0.0000000000000e+00|+0.0000000000000e+00
+0000000000000000010|+0000000000000000000|+0000000000000000000|+3.6700000000000e+00|-4.8222325000001e-01|+4.3350604159167e-02|+0.0000000000000e+00|+9.6498125000000e-02|+4.3522133222966e-03|+0.0000000000000e+00|+0.0000000000000e+00|+0.0000000000000e+00|+0.0000000000000e+00
+0000000000000000010|+0000000000000000000|+0000000000000000000|+3.6600000000000e+00|-4.8426400000004e-01|+4.3320498082540e-02|+0.0000000000000e+00|+1.0530041666667e-01|+4.5146695331406e-03|+0.0000000000000e+00|+0.0000000000000e+00|+0.0000000000000e+00|+0.0000000000000e+00
+0000000000000000010|+0000000000000000000|+0000000000000000000|+3.6500000000000e+00|-4.8719583333333e-01|+4.3304356893711e-02|+0.0000000000000e+00|+9.3867083333333e-02|+4.3643522714396e-03|+0.0000000000000e+00|+0.0000000000000e+00|+0.0000000000000e+00|+0.0000000000000e+00
+0000000000000000010|+0000000000000000000|+0000000000000000000|+3.6400000000000e+00|-4.8570266666667e-01|+4.1840333026706e-02|+0.0000000000000e+00|+1.2811162037037e-01|+2.7739240313585e-03|+0.0000000000000e+00|+0.0000000000000e+00|+0.0000000000000e+00|+0.0000000000000e+00
+0000000000000000010|+0000000000000000000|+0000000000000000000|+3.6300000000000e+00|-4.9733525000000e-01|+4.3326686124722e-02|+0.0000000000000e+00|+9.2660208333333e-02|+4.1987797622407e-03|+0.0000000000000e+00|+0.0000000000000e+00|+0.0000000000000e+00|+0.0000000000000e+00
+0000000000000000010|+0000000000000000000|+0000000000000000000|+3.6200000000000e+00|-5.2038600000000e-01|+4.3354378943299e-02|+0.0000000000000e+00|+9.6131250000000e-02|+4.2585666393495e-03|+0.0000000000000e+00|+0.0000000000000e+00|+0.0000000000000e+00|+0.0000000000000e+00
+0000000000000000010|+0000000000000000000|+0000000000000000000|+3.6100000000000e+00|-5.0494141666668e-01|+4.3216218669821e-02|+0.0000000000000e+00|+9.9556041666667e-02|+4.4296873284673e-03|+0.0000000000000e+00|+0.0000000000000e+00|+0.0000000000000e+00|+0.0000000000000e+00
