#
# QHS - DATA
#
# ----------------------------------------
#
# Size                 = +0000000000000000036
# Model                = Periodic-2D
# Algorithm            = SSE
# Start-Temperature    = +0.0000000000000e+00
# End-Temperature      = +4.0000000000000e+00
# Temperature-Step     = +1.0000000000000e-02
#
# Size              | Model-Index        | Algorithm-Index    | Temperature        | AverageEnergy      | StdDvOfEnergy      | AverageCHeat      
# ------------------------------------------------------------------------------------------------------
+0000000000000000036|+0000000000000000003|+0000000000000000000|+4.0000000000000e+00|-3.5384800000001e+00|+1.0052071612557e-01|+9.3000745559980e-01
+0000000000000000036|+0000000000000000003|+0000000000000000000|+3.9900000000000e+00|-3.5780397000001e+00|+1.0051043698749e-01|+9.3699151909974e-01
+0000000000000000036|+0000000000000000003|+0000000000000000000|+3.9800000000000e+00|-3.5681771999999e+00|+1.0089676272415e-01|+1.0069216604003e+00
+0000000000000000036|+0000000000000000003|+0000000000000000000|+3.9700000000000e+00|-3.5969588000000e+00|+1.0044888468248e-01|+9.6122479839991e-01
+0000000000000000036|+0000000000000000003|+0000000000000000000|+3.9600000000000e+00|-3.5694468000000e+00|+1.0007392136401e-01|+9.3886295110020e-01
+0000000000000000036|+0000000000000000003|+0000000000000000000|+3.9500000000000e+00|-3.5574805000000e+00|+9.9941881584656e-02|+9.4355139189990e-01
+0000000000000000036|+0000000000000000003|+0000000000000000000|+3.9400000000000e+00|-3.6105454000001e+00|+9.9804749323127e-02|+9.3112229189974e-01
+0000000000000000036|+0000000000000000003|+0000000000000000000|+3.9300000000000e+00|-3.5617092000002e+00|+9.9334471962128e-02|+9.0165612639953e-01
+0000000000000000036|+0000000000000000003|+0000000000000000000|+3.9200000000000e+00|-3.6299719999999e+00|+9.9851797250041e-02|+9.6993137750016e-01
+0000000000000000036|+0000000000000000003|+0000000000000000000|+3.9100000000000e+00|-3.6094361000001e+00|+9.9252798424533e-02|+9.1629657589981e-01
+0000000000000000036|+0000000000000000003|+0000000000000000000|+3.9000000000000e+00|-3.6324030000000e+00|+9.9617673445256e-02|+9.7702256710024e-01
+0000000000000000036|+0000000000000000003|+0000000000000000000|+3.8900000000000e+00|-3.6049044000000e+00|+9.9647530443652e-02|+1.0073483184001e+00
+0000000000000000036|+0000000000000000003|+0000000000000000000|+3.8800000000000e+00|-3.6027148000000e+00|+9.9242706372120e-02|+9.7398535589990e-01
+0000000000000000036|+0000000000000000003|+0000000000000000000|+3.8700000000000e+00|-3.6757538999999e+00|+9.9136236815348e-02|+9.6047505910024e-01
+0000000000000000036|+0000000000000000003|+0000000000000000000|+3.8600000000000e+00|-3.6754826000001e+00|+9.9379546718325e-02|+1.0124905318996e+00
+0000000000000000036|+0000000000000000003|+0000000000000000000|+3.8500000000000e+00|-3.7158865000000e+00|+9.9373629606842e-02|+1.0210925599000e+00
+0000000000000000036|+0000000000000000003|+0000000000000000000|+3.8400000000000e+00|-3.7229183999999e+00|+9.8790966826970e-02|+9.6101785990047e-01
+0000000000000000036|+0000000000000000003|+0000000000000000000|+3.8300000000000e+00|-3.6742189500000e+00|+9.8593313281574e-02|+9.6697332577509e-01
+0000000000000000036|+0000000000000000003|+0000000000000000000|+3.8200000000000e+00|-3.6969506000000e+00|+9.8276232379457e-02|+9.3817117109998e-01
+0000000000000000036|+0000000000000000003|+0000000000000000000|+3.8100000000000e+00|-3.6849198000000e+00|+9.8251930437730e-02|+9.5791710360012e-01
+0000000000000000036|+0000000000000000003|+0000000000000000000|+3.8000000000000e+00|-3.7631320000000e+00|+9.9002261286457e-02|+1.0598874204002e+00
+0000000000000000036|+0000000000000000003|+0000000000000000000|+3.7900000000000e+00|-3.7919315000001e+00|+9.8830635896415e-02|+1.0494049774998e+00
+0000000000000000036|+0000000000000000003|+0000000000000000000|+3.7800000000000e+00|-3.7487592000000e+00|+9.8280456191699e-02|+1.0057467504000e+00
+0000000000000000036|+0000000000000000003|+0000000000000000000|+3.7700000000000e+00|-3.6994791000000e+00|+9.8228649647278e-02|+1.0323010111001e+00
+0000000000000000036|+0000000000000000003|+0000000000000000000|+3.7600000000000e+00|-3.7905160000000e+00|+9.8414460500368e-02|+1.0547783775003e+00
+0000000000000000036|+0000000000000000003|+0000000000000000000|+3.7500000000000e+00|-3.8327625000000e+00|+9.8799406534820e-02|+1.1186209151000e+00
+0000000000000000036|+0000000000000000003|+0000000000000000000|+3.7400000000000e+00|-3.7752898000000e+00|+9.7606857609836e-02|+9.8815204709992e-01
+0000000000000000036|+0000000000000000003|+0000000000000000000|+3.7300000000000e+00|-3.8054681000001e+00|+9.7868498865544e-02|+1.0377747590998e+00
+0000000000000000036|+0000000000000000003|+0000000000000000000|+3.7200000000000e+00|-3.7971168000000e+00|+9.8010507887072e-02|+1.0814628864002e+00
+0000000000000000036|+0000000000000000003|+0000000000000000000|+3.7100000000000e+00|-3.8514919000000e+00|+9.8142337397590e-02|+1.1072657878999e+00
+0000000000000000036|+0000000000000000003|+0000000000000000000|+3.7000000000000e+00|-3.8537540000001e+00|+9.7891838944630e-02|+1.0927427835998e+00
+0000000000000000036|+0000000000000000003|+0000000000000000000|+3.6900000000000e+00|-3.8974194000001e+00|+9.7981579166882e-02|+1.1157982524000e+00
+0000000000000000036|+0000000000000000003|+0000000000000000000|+3.6800000000000e+00|-3.8973248000000e+00|+9.7563863735922e-02|+1.0777558704002e+00
+0000000000000000036|+0000000000000000003|+0000000000000000000|+3.6700000000000e+00|-3.8817144000000e+00|+9.7082287227552e-02|+1.0345602176002e+00
+0000000000000000036|+0000000000000000003|+0000000000000000000|+3.6600000000000e+00|-3.8778696000000e+00|+9.7316526140044e-02|+1.0915964464002e+00
+0000000000000000036|+0000000000000000003|+0000000000000000000|+3.6500000000000e+00|-3.8925905000001e+00|+9.7212562823266e-02|+1.0947958790995e+00
+0000000000000000036|+0000000000000000003|+0000000000000000000|+3.6400000000000e+00|-3.9754808000000e+00|+9.7709257266539e-02|+1.1676346715999e+00
+0000000000000000036|+0000000000000000003|+0000000000000000000|+3.6300000000000e+00|-3.9379957500000e+00|+9.7308439665793e-02|+1.1417655743750e+00
+0000000000000000036|+0000000000000000003|+0000000000000000000|+3.6200000000000e+00|-3.9627934000002e+00|+9.6979991350606e-02|+1.1092816150997e+00
+0000000000000000036|+0000000000000000003|+0000000000000000000|+3.6100000000000e+00|-3.9294865000001e+00|+9.7111690872841e-02|+1.1611273775000e+00
+0000000000000000036|+0000000000000000003|+0000000000000000000|+3.6000000000000e+00|-3.9675599999999e+00|+9.6501450857706e-02|+1.0827755900003e+00
+0000000000000000036|+0000000000000000003|+0000000000000000000|+3.5900000000000e+00|-3.9295868000001e+00|+9.6407406800178e-02|+1.1023634095999e+00
+0000000000000000036|+0000000000000000003|+0000000000000000000|+3.5800000000000e+00|-4.0388022000001e+00|+9.6774734838476e-02|+1.1504959118996e+00
+0000000000000000036|+0000000000000000003|+0000000000000000000|+3.5700000000000e+00|-4.0165827000001e+00|+9.6737373113197e-02|+1.1747942479001e+00
+0000000000000000036|+0000000000000000003|+0000000000000000000|+3.5600000000000e+00|-4.0053568000000e+00|+9.6092611432235e-02|+1.1038375616000e+00
+0000000000000000036|+0000000000000000003|+0000000000000000000|+3.5500000000000e+00|-4.0396780000000e+00|+9.6553642765176e-02|+1.1883261104004e+00
+0000000000000000036|+0000000000000000003|+0000000000000000000|+3.5400000000000e+00|-3.9922146000001e+00|+9.6051454852867e-02|+1.1488679998997e+00
+0000000000000000036|+0000000000000000003|+0000000000000000000|+3.5300000000000e+00|-4.0838918000000e+00|+9.6768141507991e-02|+1.2579532764001e+00
+0000000000000000036|+0000000000000000003|+0000000000000000000|+3.5200000000000e+00|-4.1200672000001e+00|+9.6319448897781e-02|+1.2027415079001e+00
+0000000000000000036|+0000000000000000003|+0000000000000000000|+3.5100000000000e+00|-4.0973805000000e+00|+9.5874390922215e-02|+1.1646001975001e+00
+0000000000000000036|+0000000000000000003|+0000000000000000000|+3.5000000000000e+00|-4.1223100000001e+00|+9.6088169511246e-02|+1.2156771643999e+00
+0000000000000000036|+0000000000000000003|+0000000000000000000|+3.4900000000000e+00|-4.0854529000001e+00|+9.5688391646623e-02|+1.1884381958998e+00
+0000000000000000036|+0000000000000000003|+0000000000000000000|+3.4800000000000e+00|-4.0795908000001e+00|+9.5822185145048e-02|+1.2363550158998e+00
+0000000000000000036|+0000000000000000003|+0000000000000000000|+3.4700000000000e+00|-4.0778056000001e+00|+9.6039509586425e-02|+1.2969682496000e+00
+0000000000000000036|+0000000000000000003|+0000000000000000000|+3.4600000000000e+00|-4.1300908000001e+00|+9.5341423099676e-02|+1.1962198395999e+00
+0000000000000000036|+0000000000000000003|+0000000000000000000|+3.4500000000000e+00|-4.1798775000000e+00|+9.5686116230534e-02|+1.2626418974999e+00
+0000000000000000036|+0000000000000000003|+0000000000000000000|+3.4400000000000e+00|-4.1216768000001e+00|+9.4939151244774e-02|+1.1853402816000e+00
+0000000000000000036|+0000000000000000003|+0000000000000000000|+3.4300000000000e+00|-4.1727891000000e+00|+9.5060013975478e-02|+1.2156805031002e+00
+0000000000000000036|+0000000000000000003|+0000000000000000000|+3.4200000000000e+00|-4.1772636000001e+00|+9.5038436877191e-02|+1.2369422235999e+00
+0000000000000000036|+0000000000000000003|+0000000000000000000|+3.4100000000000e+00|-4.2086139000001e+00|+9.4584977800787e-02|+1.1801464159000e+00
+0000000000000000036|+0000000000000000003|+0000000000000000000|+3.4000000000000e+00|-4.2020340000001e+00|+9.4966446542349e-02|+1.2707893998996e+00
+0000000000000000036|+0000000000000000003|+0000000000000000000|+3.3900000000000e+00|-4.2179583000002e+00|+9.4824121458873e-02|+1.2694172390999e+00
+0000000000000000036|+0000000000000000003|+0000000000000000000|+3.3800000000000e+00|-4.2315444000002e+00|+9.4727705303664e-02|+1.2763723355998e+00
+0000000000000000036|+0000000000000000003|+0000000000000000000|+3.3700000000000e+00|-4.2559181000001e+00|+9.5027857799095e-02|+1.3464469431000e+00
+0000000000000000036|+0000000000000000003|+0000000000000000000|+3.3600000000000e+00|-4.2681312000000e+00|+9.4732571116602e-02|+1.3209241436002e+00
+0000000000000000036|+0000000000000000003|+0000000000000000000|+3.3500000000000e+00|-4.2433411666667e+00|+9.4660315643339e-02|+1.3438716946557e+00
+0000000000000000036|+0000000000000000003|+0000000000000000000|+3.3400000000000e+00|-4.2415276000001e+00|+9.4222283713136e-02|+1.2982544603999e+00
+0000000000000000036|+0000000000000000003|+0000000000000000000|+3.3300000000000e+00|-4.2817959000001e+00|+9.4322056838870e-02|+1.3309910870999e+00
+0000000000000000036|+0000000000000000003|+0000000000000000000|+3.3200000000000e+00|-4.3130560000001e+00|+9.4282001699533e-02|+1.3429673599998e+00
+0000000000000000036|+0000000000000000003|+0000000000000000000|+3.3100000000000e+00|-4.3955924000002e+00|+9.4040181007217e-02|+1.3049627183995e+00
+0000000000000000036|+0000000000000000003|+0000000000000000000|+3.3000000000000e+00|-4.3212660000002e+00|+9.4262750449669e-02|+1.3944534395999e+00
+0000000000000000036|+0000000000000000003|+0000000000000000000|+3.2900000000000e+00|-4.4278313000001e+00|+9.4076557218237e-02|+1.3587800191002e+00
+0000000000000000036|+0000000000000000003|+0000000000000000000|+3.2800000000000e+00|-4.3520192000001e+00|+9.3986525594803e-02|+1.3953016704000e+00
+0000000000000000036|+0000000000000000003|+0000000000000000000|+3.2700000000000e+00|-4.3251075000001e+00|+9.3679240282201e-02|+1.3790574375000e+00
+0000000000000000036|+0000000000000000003|+0000000000000000000|+3.2600000000000e+00|-4.3721412000001e+00|+9.4058198762265e-02|+1.4610467355999e+00
+0000000000000000036|+0000000000000000003|+0000000000000000000|+3.2500000000000e+00|-4.4000725000002e+00|+9.3451623621905e-02|+1.3749671710999e+00
+0000000000000000036|+0000000000000000003|+0000000000000000000|+3.2400000000000e+00|-4.4029152000001e+00|+9.3513715869205e-02|+1.4149863295998e+00
+0000000000000000036|+0000000000000000003|+0000000000000000000|+3.2300000000000e+00|-4.3759219000002e+00|+9.3259960389392e-02|+1.4081680990997e+00
+0000000000000000036|+0000000000000000003|+0000000000000000000|+3.2200000000000e+00|-4.3951966000001e+00|+9.3107477898281e-02|+1.4051176990999e+00
+0000000000000000036|+0000000000000000003|+0000000000000000000|+3.2100000000000e+00|-4.4564217000001e+00|+9.3180692264107e-02|+1.4297821071002e+00
+0000000000000000036|+0000000000000000003|+0000000000000000000|+3.2000000000000e+00|-4.4564160000001e+00|+9.3445763812877e-02|+1.5089691831000e+00
+0000000000000000036|+0000000000000000003|+0000000000000000000|+3.1900000000000e+00|-4.4864057000002e+00|+9.3639882522141e-02|+1.5667960590996e+00
+0000000000000000036|+0000000000000000003|+0000000000000000000|+3.1800000000000e+00|-4.5501432000001e+00|+9.2955973187550e-02|+1.4526752623998e+00
+0000000000000000036|+0000000000000000003|+0000000000000000000|+3.1700000000000e+00|-4.5344205000002e+00|+9.3053873874021e-02|+1.5073751774998e+00
+0000000000000000036|+0000000000000000003|+0000000000000000000|+3.1600000000000e+00|-4.5605988000002e+00|+9.2983369762818e-02|+1.5180792750996e+00
+0000000000000000036|+0000000000000000003|+0000000000000000000|+3.1500000000000e+00|-4.5296505000002e+00|+9.2888171911351e-02|+1.5424638470996e+00
+0000000000000000036|+0000000000000000003|+0000000000000000000|+3.1400000000000e+00|-4.5481516000001e+00|+9.2030822101964e-02|+1.4084807163999e+00
+0000000000000000036|+0000000000000000003|+0000000000000000000|+3.1300000000000e+00|-4.4981583000002e+00|+9.2474062006209e-02|+1.5399498318996e+00
+0000000000000000036|+0000000000000000003|+0000000000000000000|+3.1200000000000e+00|-4.5507360000003e+00|+9.1965174171289e-02|+1.4596871599990e+00
+0000000000000000036|+0000000000000000003|+0000000000000000000|+3.1100000000000e+00|-4.5250458000002e+00|+9.1851680274816e-02|+1.4790978715998e+00
+0000000000000000036|+0000000000000000003|+0000000000000000000|+3.1000000000000e+00|-4.6975490000001e+00|+9.2205516835999e-02|+1.5242111959002e+00
+0000000000000000036|+0000000000000000003|+0000000000000000000|+3.0900000000000e+00|-4.5941109000001e+00|+9.2177914511790e-02|+1.5860097599002e+00
+0000000000000000036|+0000000000000000003|+0000000000000000000|+3.0800000000000e+00|-4.6480716000001e+00|+9.1703227037614e-02|+1.5106203070999e+00
+0000000000000000036|+0000000000000000003|+0000000000000000000|+3.0700000000000e+00|-4.6898788000001e+00|+9.2063169903369e-02|+1.6010640944002e+00
+0000000000000000036|+0000000000000000003|+0000000000000000000|+3.0600000000000e+00|-4.7040678000002e+00|+9.1955437344107e-02|+1.6099706630999e+00
+0000000000000000036|+0000000000000000003|+0000000000000000000|+3.0500000000000e+00|-4.6939215000002e+00|+9.1552324222223e-02|+1.5687652031001e+00
+0000000000000000036|+0000000000000000003|+0000000000000000000|+3.0400000000000e+00|-4.7463136000001e+00|+9.1461436623775e-02|+1.5684281244002e+00
+0000000000000000036|+0000000000000000003|+0000000000000000000|+3.0300000000000e+00|-4.7288784000002e+00|+9.1588294931055e-02|+1.6346183615995e+00
+0000000000000000036|+0000000000000000003|+0000000000000000000|+3.0200000000000e+00|-4.8101204000001e+00|+9.1263091366310e-02|+1.5782888796004e+00
+0000000000000000036|+0000000000000000003|+0000000000000000000|+3.0100000000000e+00|-4.7997567000002e+00|+9.1063816305077e-02|+1.5773143911002e+00
+0000000000000000036|+0000000000000000003|+0000000000000000000|+3.0000000000000e+00|-4.7550300000003e+00|+9.0998824434794e-02|+1.6149432998994e+00
+0000000000000000036|+0000000000000000003|+0000000000000000000|+2.9900000000000e+00|-4.8747558000002e+00|+9.1297710764485e-02|+1.6721138235997e+00
+0000000000000000036|+0000000000000000003|+0000000000000000000|+2.9800000000000e+00|-4.8149396000001e+00|+9.1216698479191e-02|+1.7125377596003e+00
+0000000000000000036|+0000000000000000003|+0000000000000000000|+2.9700000000000e+00|-4.8848004000001e+00|+9.1424836490361e-02|+1.7695236976005e+00
+0000000000000000036|+0000000000000000003|+0000000000000000000|+2.9600000000000e+00|-4.8833752000001e+00|+9.1317658929070e-02|+1.7857490431001e+00
+0000000000000000036|+0000000000000000003|+0000000000000000000|+2.9500000000000e+00|-4.7946500000002e+00|+9.0257114968464e-02|+1.6329910000001e+00
+0000000000000000036|+0000000000000000003|+0000000000000000000|+2.9400000000000e+00|-4.8902226000003e+00|+9.0386374490374e-02|+1.6649940758997e+00
+0000000000000000036|+0000000000000000003|+0000000000000000000|+2.9300000000000e+00|-4.8544688000001e+00|+9.0699389775862e-02|+1.7812639744004e+00
+0000000000000000036|+0000000000000000003|+0000000000000000000|+2.9200000000000e+00|-4.9066116000002e+00|+9.0568700324243e-02|+1.7746512271000e+00
+0000000000000000036|+0000000000000000003|+0000000000000000000|+2.9100000000000e+00|-5.0120472000001e+00|+9.0766320109303e-02|+1.8200012736005e+00
+0000000000000000036|+0000000000000000003|+0000000000000000000|+2.9000000000000e+00|-4.9689860000003e+00|+9.0236250538634e-02|+1.7607142843993e+00
+0000000000000000036|+0000000000000000003|+0000000000000000000|+2.8900000000000e+00|-4.9632753000002e+00|+9.0429426305022e-02|+1.8441791071000e+00
+0000000000000000036|+0000000000000000003|+0000000000000000000|+2.8800000000000e+00|-4.9488480000003e+00|+9.0286741760146e-02|+1.8586182774997e+00
+0000000000000000036|+0000000000000000003|+0000000000000000000|+2.8700000000000e+00|-4.9867914500002e+00|+9.0183078166747e-02|+1.8635228577750e+00
+0000000000000000036|+0000000000000000003|+0000000000000000000|+2.8600000000000e+00|-4.9593078000002e+00|+8.9190435896859e-02|+1.6966310471002e+00
+0000000000000000036|+0000000000000000003|+0000000000000000000|+2.8500000000000e+00|-5.0421930000001e+00|+8.9982110961596e-02|+1.8823583996005e+00
+0000000000000000036|+0000000000000000003|+0000000000000000000|+2.8400000000000e+00|-5.0665084000002e+00|+8.9578023005052e-02|+1.8256935598999e+00
+0000000000000000036|+0000000000000000003|+0000000000000000000|+2.8300000000000e+00|-5.0402186000002e+00|+8.9548827633167e-02|+1.8701803836002e+00
+0000000000000000036|+0000000000000000003|+0000000000000000000|+2.8200000000000e+00|-5.1126495000003e+00|+8.9571997395873e-02|+1.8919737993743e+00
+0000000000000000036|+0000000000000000003|+0000000000000000000|+2.8100000000000e+00|-5.1105921000003e+00|+8.9413399235451e-02|+1.8995201518999e+00
+0000000000000000036|+0000000000000000003|+0000000000000000000|+2.8000000000000e+00|-5.1469280000003e+00|+8.9424211068556e-02|+1.9320791023992e+00
+0000000000000000036|+0000000000000000003|+0000000000000000000|+2.7900000000000e+00|-5.1263100000002e+00|+8.8854265228154e-02|+1.8525590000000e+00
+0000000000000000036|+0000000000000000003|+0000000000000000000|+2.7800000000000e+00|-5.1690343000002e+00|+8.8805514321354e-02|+1.8692603857754e+00
+0000000000000000036|+0000000000000000003|+0000000000000000000|+2.7700000000000e+00|-5.2605210000003e+00|+8.9440959321644e-02|+2.0275527099994e+00
+0000000000000000036|+0000000000000000003|+0000000000000000000|+2.7600000000000e+00|-5.2222260000002e+00|+8.9137323448351e-02|+2.0155081775003e+00
+0000000000000000036|+0000000000000000003|+0000000000000000000|+2.7500000000000e+00|-5.3201375000003e+00|+8.8906556694047e-02|+1.9709719974999e+00
+0000000000000000036|+0000000000000000003|+0000000000000000000|+2.7400000000000e+00|-5.2755328000003e+00|+8.8963231729027e-02|+2.0461521215999e+00
+0000000000000000036|+0000000000000000003|+0000000000000000000|+2.7300000000000e+00|-5.2583442000002e+00|+8.8434082657823e-02|+1.9727581884005e+00
+0000000000000000036|+0000000000000000003|+0000000000000000000|+2.7200000000000e+00|-5.2860832000003e+00|+8.8216622188286e-02|+1.9566116763996e+00
+0000000000000000036|+0000000000000000003|+0000000000000000000|+2.7100000000000e+00|-5.2921248000003e+00|+8.8669561496807e-02|+2.1096377855997e+00
+0000000000000000036|+0000000000000000003|+0000000000000000000|+2.7000000000000e+00|-5.2690590000002e+00|+8.8165241713707e-02|+2.0434658510997e+00
+0000000000000000036|+0000000000000000003|+0000000000000000000|+2.6900000000000e+00|-5.3674382000002e+00|+8.8005369848835e-02|+2.0153532315998e+00
+0000000000000000036|+0000000000000000003|+0000000000000000000|+2.6800000000000e+00|-5.3812312000002e+00|+8.8065351973616e-02|+2.0725115644003e+00
+0000000000000000036|+0000000000000000003|+0000000000000000000|+2.6700000000000e+00|-5.4215248000001e+00|+8.7898012886334e-02|+2.0644712952898e+00
+0000000000000000036|+0000000000000000003|+0000000000000000000|+2.6600000000000e+00|-5.4588060000003e+00|+8.7953810086361e-02|+2.1129751900003e+00
+0000000000000000036|+0000000000000000003|+0000000000000000000|+2.6500000000000e+00|-5.4390910000002e+00|+8.7918106660233e-02|+2.1608563964002e+00
+0000000000000000036|+0000000000000000003|+0000000000000000000|+2.6400000000000e+00|-5.4663924000002e+00|+8.7702650995406e-02|+2.1462612237756e+00
+0000000000000000036|+0000000000000000003|+0000000000000000000|+2.6300000000000e+00|-5.4884774000001e+00|+8.7436886549570e-02|+2.1208562396006e+00
+0000000000000000036|+0000000000000000003|+0000000000000000000|+2.6200000000000e+00|-5.5118904800002e+00|+8.7406016177007e-02|+2.1544962079841e+00
+0000000000000000036|+0000000000000000003|+0000000000000000000|+2.6100000000000e+00|-5.4786726000002e+00|+8.7077964225094e-02|+2.1342611644005e+00
+0000000000000000036|+0000000000000000003|+0000000000000000000|+2.6000000000000e+00|-5.4997620000003e+00|+8.7156488798539e-02|+2.1975677431002e+00
+0000000000000000036|+0000000000000000003|+0000000000000000000|+2.5900000000000e+00|-5.5888135000002e+00|+8.7438573457799e-02|+2.2886314775003e+00
+0000000000000000036|+0000000000000000003|+0000000000000000000|+2.5800000000000e+00|-5.5541100000002e+00|+8.7014213945386e-02|+2.2440897500005e+00
+0000000000000000036|+0000000000000000003|+0000000000000000000|+2.5700000000000e+00|-5.6377977333337e+00|+8.7167476785609e-02|+2.3050995091551e+00
+0000000000000000036|+0000000000000000003|+0000000000000000000|+2.5600000000000e+00|-5.6546560000003e+00|+8.7088285046301e-02|+2.3315719899999e+00
+0000000000000000036|+0000000000000000003|+0000000000000000000|+2.5500000000000e+00|-5.5932630000002e+00|+8.6462729986111e-02|+2.2434048924003e+00
+0000000000000000036|+0000000000000000003|+0000000000000000000|+2.5400000000000e+00|-5.6697012000004e+00|+8.6689735445984e-02|+2.3284993115993e+00
+0000000000000000036|+0000000000000000003|+0000000000000000000|+2.5300000000000e+00|-5.6880864000002e+00|+8.6395866910379e-02|+2.2971981056007e+00
+0000000000000000036|+0000000000000000003|+0000000000000000000|+2.5200000000000e+00|-5.7110364000003e+00|+8.6322713053207e-02|+2.3237661485689e+00
+0000000000000000036|+0000000000000000003|+0000000000000000000|+2.5100000000000e+00|-5.7205040000003e+00|+8.6540230430399e-02|+2.4358598399994e+00
+0000000000000000036|+0000000000000000003|+0000000000000000000|+2.5000000000000e+00|-5.7261750000003e+00|+8.6107619808915e-02|+2.3715791791001e+00
+0000000000000000036|+0000000000000000003|+0000000000000000000|+2.4900000000000e+00|-5.7407805000004e+00|+8.6028137379721e-02|+2.4010031974996e+00
+0000000000000000036|+0000000000000000003|+0000000000000000000|+2.4800000000000e+00|-5.7913592000003e+00|+8.5758933460747e-02|+2.3634269759003e+00
+0000000000000000036|+0000000000000000003|+0000000000000000000|+2.4700000000000e+00|-5.8871971000004e+00|+8.5966128747340e-02|+2.4411129350994e+00
+0000000000000000036|+0000000000000000003|+0000000000000000000|+2.4600000000000e+00|-5.8773750000004e+00|+8.5727012896820e-02|+2.4366309374998e+00
+0000000000000000036|+0000000000000000003|+0000000000000000000|+2.4500000000000e+00|-5.9750630000004e+00|+8.6020771398041e-02|+2.5405126523993e+00
+0000000000000000036|+0000000000000000003|+0000000000000000000|+2.4400000000000e+00|-5.9571888000003e+00|+8.5616384706717e-02|+2.4924050095997e+00
+0000000000000000036|+0000000000000000003|+0000000000000000000|+2.4300000000000e+00|-5.9440536000004e+00|+8.5427960799033e-02|+2.5043636095992e+00
+0000000000000000036|+0000000000000000003|+0000000000000000000|+2.4200000000000e+00|-5.9720360000004e+00|+8.5312153738067e-02|+2.5206663599991e+00
+0000000000000000036|+0000000000000000003|+0000000000000000000|+2.4100000000000e+00|-5.9780781000004e+00|+8.5168525541449e-02|+2.5382406518999e+00
+0000000000000000036|+0000000000000000003|+0000000000000000000|+2.4000000000000e+00|-6.0623280000002e+00|+8.5477825474839e-02|+2.6575855591007e+00
+0000000000000000036|+0000000000000000003|+0000000000000000000|+2.3900000000000e+00|-6.0339117000004e+00|+8.5244176522053e-02|+2.6640606390988e+00
+0000000000000000036|+0000000000000000003|+0000000000000000000|+2.3800000000000e+00|-6.0964052000004e+00|+8.5135794933147e-02|+2.6700697883991e+00
+0000000000000000036|+0000000000000000003|+0000000000000000000|+2.3700000000000e+00|-6.0974490000004e+00|+8.4877503572509e-02|+2.6569367099999e+00
+0000000000000000036|+0000000000000000003|+0000000000000000000|+2.3600000000000e+00|-6.0842956000003e+00|+8.4728429981130e-02|+2.6829488559005e+00
+0000000000000000036|+0000000000000000003|+0000000000000000000|+2.3500000000000e+00|-6.1867170000004e+00|+8.4572783398447e-02|+2.6581474716001e+00
+0000000000000000036|+0000000000000000003|+0000000000000000000|+2.3400000000000e+00|-6.1900869600004e+00|+8.4542674287613e-02|+2.7143485292638e+00
+0000000000000000036|+0000000000000000003|+0000000000000000000|+2.3300000000000e+00|-6.1381476000003e+00|+8.4399771209405e-02|+2.7600815216006e+00
+0000000000000000036|+0000000000000000003|+0000000000000000000|+2.3200000000000e+00|-6.2241408000002e+00|+8.4240440118473e-02|+2.7417907264023e+00
+0000000000000000036|+0000000000000000003|+0000000000000000000|+2.3100000000000e+00|-6.2228679000004e+00|+8.4041311681944e-02|+2.7487365118991e+00
+0000000000000000036|+0000000000000000003|+0000000000000000000|+2.3000000000000e+00|-6.2756605000004e+00|+8.4160372151615e-02|+2.8333800167750e+00
+0000000000000000036|+0000000000000000003|+0000000000000000000|+2.2900000000000e+00|-6.3564629000004e+00|+8.4024052521479e-02|+2.8254712798990e+00
+0000000000000000036|+0000000000000000003|+0000000000000000000|+2.2800000000000e+00|-6.3697800000004e+00|+8.4202939439554e-02|+2.9492077499998e+00
+0000000000000000036|+0000000000000000003|+0000000000000000000|+2.2700000000000e+00|-6.3250476000003e+00|+8.3662340269036e-02|+2.8661558256006e+00
+0000000000000000036|+0000000000000000003|+0000000000000000000|+2.2600000000000e+00|-6.4717772000004e+00|+8.3543608047539e-02|+2.8354116316002e+00
+0000000000000000036|+0000000000000000003|+0000000000000000000|+2.2500000000000e+00|-6.4267650000004e+00|+8.3686345235741e-02|+2.9761618043999e+00
+0000000000000000036|+0000000000000000003|+0000000000000000000|+2.2400000000000e+00|-6.4762560000004e+00|+8.3026107559611e-02|+2.8100363899997e+00
+0000000000000000036|+0000000000000000003|+0000000000000000000|+2.2300000000000e+00|-6.5221950000005e+00|+8.3058908893819e-02|+2.8748677499987e+00
+0000000000000000036|+0000000000000000003|+0000000000000000000|+2.2200000000000e+00|-6.5640336000004e+00|+8.3310003811554e-02|+3.0164905856007e+00
+0000000000000000036|+0000000000000000003|+0000000000000000000|+2.2100000000000e+00|-6.5404588000005e+00|+8.3243294258181e-02|+3.0820656815993e+00
+0000000000000000036|+0000000000000000003|+0000000000000000000|+2.2000000000000e+00|-6.5673560000005e+00|+8.2961748306642e-02|+3.0519526795996e+00
+0000000000000000036|+0000000000000000003|+0000000000000000000|+2.1900000000000e+00|-6.5908092000005e+00|+8.2697692441525e-02|+3.0292054575995e+00
+0000000000000000036|+0000000000000000003|+0000000000000000000|+2.1800000000000e+00|-6.6023900000004e+00|+8.2749625848387e-02|+3.1215697500002e+00
+0000000000000000036|+0000000000000000003|+0000000000000000000|+2.1700000000000e+00|-6.7138045000005e+00|+8.2978677357304e-02|+3.2319156774995e+00
+0000000000000000036|+0000000000000000003|+0000000000000000000|+2.1600000000000e+00|-6.7228416000004e+00|+8.2775660243363e-02|+3.2385780224013e+00
+0000000000000000036|+0000000000000000003|+0000000000000000000|+2.1500000000000e+00|-6.7054350000005e+00|+8.2578957092547e-02|+3.2599971899990e+00
+0000000000000000036|+0000000000000000003|+0000000000000000000|+2.1400000000000e+00|-6.7468102000004e+00|+8.2196473041950e-02|+3.1875429551003e+00
+0000000000000000036|+0000000000000000003|+0000000000000000000|+2.1300000000000e+00|-6.8055540000005e+00|+8.2441182697541e-02|+3.3333023600005e+00
+0000000000000000036|+0000000000000000003|+0000000000000000000|+2.1200000000000e+00|-6.8404004000004e+00|+8.2300694361580e-02|+3.3520871911017e+00
+0000000000000000036|+0000000000000000003|+0000000000000000000|+2.1100000000000e+00|-6.9096050000005e+00|+8.1834096872506e-02|+3.2349297499997e+00
+0000000000000000036|+0000000000000000003|+0000000000000000000|+2.1000000000000e+00|-6.9089505000006e+00|+8.1683735940067e-02|+3.2668614259742e+00
+0000000000000000036|+0000000000000000003|+0000000000000000000|+2.0900000000000e+00|-6.8817217000004e+00|+8.1761804644623e-02|+3.3974596831011e+00
+0000000000000000036|+0000000000000000003|+0000000000000000000|+2.0800000000000e+00|-7.0177200000005e+00|+8.1617195350110e-02|+3.3677299375002e+00
+0000000000000000036|+0000000000000000003|+0000000000000000000|+2.0700000000000e+00|-6.9496686000005e+00|+8.1455911364170e-02|+3.4302331196003e+00
+0000000000000000036|+0000000000000000003|+0000000000000000000|+2.0600000000000e+00|-7.0024672000006e+00|+8.1167739829881e-02|+3.3863581055992e+00
+0000000000000000036|+0000000000000000003|+0000000000000000000|+2.0500000000000e+00|-7.0662656666671e+00|+8.1268370031679e-02|+3.4867413471559e+00
+0000000000000000036|+0000000000000000003|+0000000000000000000|+2.0400000000000e+00|-7.0862064000005e+00|+8.1146261875961e-02|+3.5238159344006e+00
+0000000000000000036|+0000000000000000003|+0000000000000000000|+2.0300000000000e+00|-7.1339172000004e+00|+8.1211307601858e-02|+3.6216160624016e+00
+0000000000000000036|+0000000000000000003|+0000000000000000000|+2.0200000000000e+00|-7.1844308000005e+00|+8.0883962306117e-02|+3.5641263484002e+00
+0000000000000000036|+0000000000000000003|+0000000000000000000|+2.0100000000000e+00|-7.2328968000006e+00|+8.0982303128504e-02|+3.6772984575991e+00
+0000000000000000036|+0000000000000000003|+0000000000000000000|+2.0000000000000e+00|-7.3149200000006e+00|+8.0878332511415e-02|+3.6941663483992e+00
+0000000000000000036|+0000000000000000003|+0000000000000000000|+1.9900000000000e+00|-7.3668882000006e+00|+8.0981504287545e-02|+3.8113620475991e+00
+0000000000000000036|+0000000000000000003|+0000000000000000000|+1.9800000000000e+00|-7.2967176000005e+00|+8.0571266942319e-02|+3.7810677455988e+00
+0000000000000000036|+0000000000000000003|+0000000000000000000|+1.9700000000000e+00|-7.4261793000005e+00|+8.0397359998168e-02|+3.7468932439005e+00
+0000000000000000036|+0000000000000000003|+0000000000000000000|+1.9600000000000e+00|-7.4697884000006e+00|+8.0205004256552e-02|+3.7487528558997e+00
+0000000000000000036|+0000000000000000003|+0000000000000000000|+1.9500000000000e+00|-7.4279512500006e+00|+8.0093776086593e-02|+3.8288519993745e+00
+0000000000000000036|+0000000000000000003|+0000000000000000000|+1.9400000000000e+00|-7.4414316000006e+00|+8.0256849213239e-02|+3.9985120603990e+00
+0000000000000000036|+0000000000000000003|+0000000000000000000|+1.9300000000000e+00|-7.5469918333339e+00|+7.9983589686815e-02|+3.9361203197220e+00
+0000000000000000036|+0000000000000000003|+0000000000000000000|+1.9200000000000e+00|-7.5690432000005e+00|+8.0158449753975e-02|+4.1109978159005e+00
+0000000000000000036|+0000000000000000003|+0000000000000000000|+1.9100000000000e+00|-7.5895306000005e+00|+7.9452227936158e-02|+3.9045665244003e+00
+0000000000000000036|+0000000000000000003|+0000000000000000000|+1.9000000000000e+00|-7.5746460000006e+00|+7.9528741719860e-02|+4.0581870843987e+00
+0000000000000000036|+0000000000000000003|+0000000000000000000|+1.8900000000000e+00|-7.6338810000006e+00|+7.9458061505034e-02|+4.1100435899992e+00
+0000000000000000036|+0000000000000000003|+0000000000000000000|+1.8800000000000e+00|-7.6903128000006e+00|+7.9416563697640e-02|+4.1777418630662e+00
+0000000000000000036|+0000000000000000003|+0000000000000000000|+1.8700000000000e+00|-7.7513773000007e+00|+7.9393503927278e-02|+4.2528827758980e+00
+0000000000000000036|+0000000000000000003|+0000000000000000000|+1.8600000000000e+00|-7.8431934000007e+00|+7.9220298220749e-02|+4.2444042438984e+00
+0000000000000000036|+0000000000000000003|+0000000000000000000|+1.8500000000000e+00|-7.8728050000006e+00|+7.9039502829272e-02|+4.2663239099998e+00
+0000000000000000036|+0000000000000000003|+0000000000000000000|+1.8400000000000e+00|-7.9105120000006e+00|+7.8787807945482e-02|+4.2514287600004e+00
+0000000000000000036|+0000000000000000003|+0000000000000000000|+1.8300000000000e+00|-7.9272204000005e+00|+7.8640240117384e-02|+4.2968963056018e+00
+0000000000000000036|+0000000000000000003|+0000000000000000000|+1.8200000000000e+00|-7.9707357000005e+00|+7.8587626301956e-02|+4.3736369667757e+00
+0000000000000000036|+0000000000000000003|+0000000000000000000|+1.8100000000000e+00|-8.0894576500007e+00|+7.8521853816556e-02|+4.4042401757748e+00
+0000000000000000036|+0000000000000000003|+0000000000000000000|+1.8000000000000e+00|-8.0823240000006e+00|+7.8316336103987e-02|+4.4383235675996e+00
+0000000000000000036|+0000000000000000003|+0000000000000000000|+1.7900000000000e+00|-8.1162790000007e+00|+7.8246821074833e-02|+4.5165219899997e+00
+0000000000000000036|+0000000000000000003|+0000000000000000000|+1.7800000000000e+00|-8.1464912000007e+00|+7.7869004009368e-02|+4.4467238783997e+00
+0000000000000000036|+0000000000000000003|+0000000000000000000|+1.7700000000000e+00|-8.1915750000006e+00|+7.8030098628461e-02|+4.6352537500014e+00
+0000000000000000036|+0000000000000000003|+0000000000000000000|+1.7600000000000e+00|-8.2950160000006e+00|+7.8502553101534e-02|+4.9525818775004e+00
+0000000000000000036|+0000000000000000003|+0000000000000000000|+1.7500000000000e+00|-8.3165875000006e+00|+7.7759486249297e-02|+4.7037721974993e+00
+0000000000000000036|+0000000000000000003|+0000000000000000000|+1.7400000000000e+00|-8.3252952000006e+00|+7.7655259852921e-02|+4.7864149296015e+00
+0000000000000000036|+0000000000000000003|+0000000000000000000|+1.7300000000000e+00|-8.3452012000007e+00|+7.7363261299998e-02|+4.7671351663992e+00
+0000000000000000036|+0000000000000000003|+0000000000000000000|+1.7200000000000e+00|-8.4334588000007e+00|+7.7317612426859e-02|+4.8366024759008e+00
+0000000000000000036|+0000000000000000003|+0000000000000000000|+1.7100000000000e+00|-8.4908888357150e+00|+7.7267006759366e-02|+4.9233997592803e+00
+0000000000000000036|+0000000000000000003|+0000000000000000000|+1.7000000000000e+00|-8.5950550000007e+00|+7.7198538497382e-02|+4.9752907774977e+00
+0000000000000000036|+0000000000000000003|+0000000000000000000|+1.6900000000000e+00|-8.5363800000007e+00|+7.6947723092170e-02|+5.0268259999999e+00
+0000000000000000036|+0000000000000000003|+0000000000000000000|+1.6800000000000e+00|-8.6931224000007e+00|+7.7231075316617e-02|+5.2423397373198e+00
+0000000000000000036|+0000000000000000003|+0000000000000000000|+1.6700000000000e+00|-8.6680129000008e+00|+7.7067361805559e-02|+5.3254909230986e+00
+0000000000000000036|+0000000000000000003|+0000000000000000000|+1.6600000000000e+00|-8.7671680000007e+00|+7.6648074592332e-02|+5.1930249599996e+00
+0000000000000000036|+0000000000000000003|+0000000000000000000|+1.6500000000000e+00|-8.8236870000007e+00|+7.6347703893389e-02|+5.1514440316008e+00
+0000000000000000036|+0000000000000000003|+0000000000000000000|+1.6400000000000e+00|-8.8661028000007e+00|+7.6810525771346e-02|+5.5518516671004e+00
+0000000000000000036|+0000000000000000003|+0000000000000000000|+1.6300000000000e+00|-8.9086431000008e+00|+7.6249055274310e-02|+5.3717799430968e+00
+0000000000000000036|+0000000000000000003|+0000000000000000000|+1.6200000000000e+00|-8.9174664000007e+00|+7.5807758746161e-02|+5.2797288816005e+00
+0000000000000000036|+0000000000000000003|+0000000000000000000|+1.6100000000000e+00|-9.0011812000006e+00|+7.6193429914619e-02|+5.6235023536030e+00
+0000000000000000036|+0000000000000000003|+0000000000000000000|+1.6000000000000e+00|-9.1351040000008e+00|+7.6240907382546e-02|+5.7440548863976e+00
+0000000000000000036|+0000000000000000003|+0000000000000000000|+1.5900000000000e+00|-9.1552363500007e+00|+7.5701698195781e-02|+5.5871660747750e+00
+0000000000000000036|+0000000000000000003|+0000000000000000000|+1.5800000000000e+00|-9.1727294000008e+00|+7.5739128242883e-02|+5.7785237150970e+00
+0000000000000000036|+0000000000000000003|+0000000000000000000|+1.5700000000000e+00|-9.2383539000008e+00|+7.5363834466473e-02|+5.6907704670986e+00
+0000000000000000036|+0000000000000000003|+0000000000000000000|+1.5600000000000e+00|-9.3624780000008e+00|+7.5547485783528e-02|+5.9101959974987e+00
+0000000000000000036|+0000000000000000003|+0000000000000000000|+1.5500000000000e+00|-9.4518330000008e+00|+7.5447063792799e-02|+5.9798380603991e+00
+0000000000000000036|+0000000000000000003|+0000000000000000000|+1.5400000000000e+00|-9.4065946000007e+00|+7.5095319767818e-02|+5.9796236799014e+00
+0000000000000000036|+0000000000000000003|+0000000000000000000|+1.5300000000000e+00|-9.5063247000007e+00|+7.5156519343020e-02|+6.1492155599021e+00
+0000000000000000036|+0000000000000000003|+0000000000000000000|+1.5200000000000e+00|-9.5547120000008e+00|+7.5015605172575e-02|+6.2260303899991e+00
+0000000000000000036|+0000000000000000003|+0000000000000000000|+1.5100000000000e+00|-9.6093836000008e+00|+7.4576939686464e-02|+6.1056393903987e+00
+0000000000000000036|+0000000000000000003|+0000000000000000000|+1.5000000000000e+00|-9.6720323684219e+00|+7.4644027603522e-02|+6.3127503490054e+00
+0000000000000000036|+0000000000000000003|+0000000000000000000|+1.4900000000000e+00|-9.7866673000009e+00|+7.4319514304330e-02|+6.2277574870977e+00
+0000000000000000036|+0000000000000000003|+0000000000000000000|+1.4800000000000e+00|-9.8082454000008e+00|+7.4359017737525e-02|+6.4512886839722e+00
+0000000000000000036|+0000000000000000003|+0000000000000000000|+1.4700000000000e+00|-9.8756247000007e+00|+7.4160482899575e-02|+6.4857717399020e+00
+0000000000000000036|+0000000000000000003|+0000000000000000000|+1.4600000000000e+00|-9.9207553000008e+00|+7.3845835307702e-02|+6.4563323219775e+00
+0000000000000000036|+0000000000000000003|+0000000000000000000|+1.4500000000000e+00|-1.0047785000001e+01|+7.4095931265361e-02|+6.7668451100013e+00
+0000000000000000036|+0000000000000000003|+0000000000000000000|+1.4400000000000e+00|-1.0032393600001e+01|+7.3810577063161e-02|+6.8035870363998e+00
+0000000000000000036|+0000000000000000003|+0000000000000000000|+1.4300000000000e+00|-1.0135064100001e+01|+7.3721400449788e-02|+6.9000304831008e+00
+0000000000000000036|+0000000000000000003|+0000000000000000000|+1.4200000000000e+00|-1.0151329600001e+01|+7.3331885079776e-02|+6.8415929855990e+00
+0000000000000000036|+0000000000000000003|+0000000000000000000|+1.4100000000000e+00|-1.0285699800001e+01|+7.3399453367201e-02|+7.0351457916007e+00
+0000000000000000036|+0000000000000000003|+0000000000000000000|+1.4000000000000e+00|-1.0337493333334e+01|+7.3133408926514e-02|+7.0444468622227e+00
+0000000000000000036|+0000000000000000003|+0000000000000000000|+1.3900000000000e+00|-1.0415047200001e+01|+7.3009742159678e-02|+7.1435114496004e+00
+0000000000000000036|+0000000000000000003|+0000000000000000000|+1.3800000000000e+00|-1.0544430600001e+01|+7.3237035765523e-02|+7.4773977031055e+00
+0000000000000000036|+0000000000000000003|+0000000000000000000|+1.3700000000000e+00|-1.0550991800001e+01|+7.2788020800341e-02|+7.3849447804007e+00
+0000000000000000036|+0000000000000000003|+0000000000000000000|+1.3600000000000e+00|-1.0609585600001e+01|+7.2625913116140e-02|+7.4777906684001e+00
+0000000000000000036|+0000000000000000003|+0000000000000000000|+1.3500000000000e+00|-1.0717294500001e+01|+7.2609296261001e-02|+7.6529379151007e+00
+0000000000000000036|+0000000000000000003|+0000000000000000000|+1.3400000000000e+00|-1.0759971100001e+01|+7.2418163378784e-02|+7.7413110977792e+00
+0000000000000000036|+0000000000000000003|+0000000000000000000|+1.3300000000000e+00|-1.0848025850001e+01|+7.2024957959581e-02|+7.6334918399691e+00
+0000000000000000036|+0000000000000000003|+0000000000000000000|+1.3200000000000e+00|-1.0944748800001e+01|+7.2037426952382e-02|+7.8521872201057e+00
+0000000000000000036|+0000000000000000003|+0000000000000000000|+1.3100000000000e+00|-1.0971213300001e+01|+7.1567591855604e-02|+7.7278659150960e+00
+0000000000000000036|+0000000000000000003|+0000000000000000000|+1.3000000000000e+00|-1.1099057000001e+01|+7.1902290888533e-02|+8.2044084679015e+00
+0000000000000000036|+0000000000000000003|+0000000000000000000|+1.2900000000000e+00|-1.1121182400001e+01|+7.1166886123829e-02|+7.8576208064037e+00
+0000000000000000036|+0000000000000000003|+0000000000000000000|+1.2800000000000e+00|-1.1276659200001e+01|+7.1555859170334e-02|+8.3759556879040e+00
+0000000000000000036|+0000000000000000003|+0000000000000000000|+1.2700000000000e+00|-1.1333304300001e+01|+7.1115519862240e-02|+8.2558235318978e+00
+0000000000000000036|+0000000000000000003|+0000000000000000000|+1.2600000000000e+00|-1.1439956700001e+01|+7.1230245076055e-02|+8.5903621479787e+00
+0000000000000000036|+0000000000000000003|+0000000000000000000|+1.2500000000000e+00|-1.1531262500001e+01|+7.1043981468099e-02|+8.6741424998972e+00
+0000000000000000036|+0000000000000000003|+0000000000000000000|+1.2400000000000e+00|-1.1581179600001e+01|+7.0532611488465e-02|+8.4956134758975e+00
+0000000000000000036|+0000000000000000003|+0000000000000000000|+1.2300000000000e+00|-1.1700514800001e+01|+7.0818606843161e-02|+9.0000015024020e+00
+0000000000000000036|+0000000000000000003|+0000000000000000000|+1.2200000000000e+00|-1.1759935800001e+01|+7.0609595072335e-02|+9.1004043078953e+00
+0000000000000000036|+0000000000000000003|+0000000000000000000|+1.2100000000000e+00|-1.1881700200001e+01|+7.0296072307847e-02|+9.0523728155971e+00
+0000000000000000036|+0000000000000000003|+0000000000000000000|+1.2000000000000e+00|-1.1930412000001e+01|+7.0141045669807e-02|+9.2196171598941e+00
+0000000000000000036|+0000000000000000003|+0000000000000000000|+1.1900000000000e+00|-1.2099134100001e+01|+7.0202589915798e-02|+9.5057823079037e+00
+0000000000000000036|+0000000000000000003|+0000000000000000000|+1.1800000000000e+00|-1.2140657400001e+01|+6.9895241512291e-02|+9.5393470150998e+00
+0000000000000000036|+0000000000000000003|+0000000000000000000|+1.1700000000000e+00|-1.2247565400001e+01|+6.9866307772552e-02|+9.8023791356016e+00
+0000000000000000036|+0000000000000000003|+0000000000000000000|+1.1600000000000e+00|-1.2304431600001e+01|+6.9638473565930e-02|+9.9116972599009e+00
+0000000000000000036|+0000000000000000003|+0000000000000000000|+1.1500000000000e+00|-1.2413072500001e+01|+6.9300465250408e-02|+9.8644301774988e+00
+0000000000000000036|+0000000000000000003|+0000000000000000000|+1.1400000000000e+00|-1.2514691600001e+01|+6.9045876553182e-02|+9.9121382986300e+00
+0000000000000000036|+0000000000000000003|+0000000000000000000|+1.1300000000000e+00|-1.2659205200001e+01|+6.8906547497742e-02|+1.0048925438401e+01
+0000000000000000036|+0000000000000000003|+0000000000000000000|+1.1200000000000e+00|-1.2744492800001e+01|+6.8779030363744e-02|+1.0257483806400e+01
+0000000000000000036|+0000000000000000003|+0000000000000000000|+1.1100000000000e+00|-1.2855576500001e+01|+6.8509389387204e-02|+1.0292168566380e+01
+0000000000000000036|+0000000000000000003|+0000000000000000000|+1.1000000000000e+00|-1.2954036666668e+01|+6.8347835321915e-02|+1.0462937332220e+01
+0000000000000000036|+0000000000000000003|+0000000000000000000|+1.0900000000000e+00|-1.2994662300001e+01|+6.8361937080807e-02|+1.0895285879099e+01
+0000000000000000036|+0000000000000000003|+0000000000000000000|+1.0800000000000e+00|-1.3158124200001e+01|+6.7913371074734e-02|+1.0688334486773e+01
+0000000000000000036|+0000000000000000003|+0000000000000000000|+1.0700000000000e+00|-1.3262029500001e+01|+6.7784427617817e-02|+1.0911276077491e+01
+0000000000000000036|+0000000000000000003|+0000000000000000000|+1.0600000000000e+00|-1.3388698800001e+01|+6.7497729836208e-02|+1.0931700479601e+01
+0000000000000000036|+0000000000000000003|+0000000000000000000|+1.0500000000000e+00|-1.3515487500001e+01|+6.7914236987491e-02|+1.1816382437498e+01
+0000000000000000036|+0000000000000000003|+0000000000000000000|+1.0400000000000e+00|-1.3599750000001e+01|+6.7357240566522e-02|+1.1558525859378e+01
+0000000000000000036|+0000000000000000003|+0000000000000000000|+1.0300000000000e+00|-1.3720420750001e+01|+6.6909376200269e-02|+1.1397997924371e+01
+0000000000000000036|+0000000000000000003|+0000000000000000000|+1.0200000000000e+00|-1.3776213000001e+01|+6.6762034348763e-02|+1.1683485077490e+01
+0000000000000000036|+0000000000000000003|+0000000000000000000|+1.0100000000000e+00|-1.3969393650001e+01|+6.6809272941562e-02|+1.2098067291782e+01
+0000000000000000036|+0000000000000000003|+0000000000000000000|+1.0000000000000e+00|-1.4087590000001e+01|+6.6595745348484e-02|+1.2257907991899e+01
+0000000000000000036|+0000000000000000003|+0000000000000000000|+9.9000000000004e-01|-1.4201175600001e+01|+6.6240409369065e-02|+1.2237900926412e+01
+0000000000000000036|+0000000000000000003|+0000000000000000000|+9.8000000000004e-01|-1.4341548400001e+01|+6.6237174008012e-02|+1.2676517503594e+01
+0000000000000000036|+0000000000000000003|+0000000000000000000|+9.7000000000004e-01|-1.4480682800002e+01|+6.6057626608750e-02|+1.2887102142388e+01
+0000000000000000036|+0000000000000000003|+0000000000000000000|+9.6000000000004e-01|-1.4603520000001e+01|+6.5875830106802e-02|+1.3121236000007e+01
+0000000000000000036|+0000000000000000003|+0000000000000000000|+9.5000000000004e-01|-1.4700816692309e+01|+6.5480068913642e-02|+1.3081806927681e+01
+0000000000000000036|+0000000000000000003|+0000000000000000000|+9.4000000000004e-01|-1.4807391200001e+01|+6.5492862094400e-02|+1.3637293809610e+01
+0000000000000000036|+0000000000000000003|+0000000000000000000|+9.3000000000004e-01|-1.4966946900002e+01|+6.5306637814645e-02|+1.3858300211106e+01
+0000000000000000036|+0000000000000000003|+0000000000000000000|+9.2000000000004e-01|-1.5079004800001e+01|+6.4803589701097e-02|+1.3655681073062e+01
+0000000000000000036|+0000000000000000003|+0000000000000000000|+9.1000000000004e-01|-1.5232139850002e+01|+6.4525740003244e-02|+1.3754740242768e+01
+0000000000000000036|+0000000000000000003|+0000000000000000000|+9.0000000000004e-01|-1.5385221000001e+01|+6.4237658859879e-02|+1.3844373803904e+01
+0000000000000000036|+0000000000000000003|+0000000000000000000|+8.9000000000004e-01|-1.5615531400002e+01|+6.4263998804276e-02|+1.4362659532400e+01
+0000000000000000036|+0000000000000000003|+0000000000000000000|+8.8000000000004e-01|-1.5671853600002e+01|+6.3714549845409e-02|+1.4153083559098e+01
+0000000000000000036|+0000000000000000003|+0000000000000000000|+8.7000000000004e-01|-1.5817569900002e+01|+6.3443140102499e-02|+1.4301769607113e+01
+0000000000000000036|+0000000000000000003|+0000000000000000000|+8.6000000000004e-01|-1.5959486500001e+01|+6.3509968920232e-02|+1.5043225549394e+01
+0000000000000000036|+0000000000000000003|+0000000000000000000|+8.5000000000004e-01|-1.6136211555557e+01|+6.3253860661031e-02|+1.5212080293614e+01
+0000000000000000036|+0000000000000000003|+0000000000000000000|+8.4000000000004e-01|-1.6239168600002e+01|+6.2770861107507e-02|+1.5075068362772e+01
+0000000000000000036|+0000000000000000003|+0000000000000000000|+8.3000000000004e-01|-1.6440468200002e+01|+6.2741502588746e-02|+1.5641510188395e+01
+0000000000000000036|+0000000000000000003|+0000000000000000000|+8.2000000000004e-01|-1.6633544600002e+01|+6.2391681334713e-02|+1.5651129839112e+01
+0000000000000000036|+0000000000000000003|+0000000000000000000|+8.1000000000004e-01|-1.6745541300002e+01|+6.2329054727358e-02|+1.6310527767098e+01
+0000000000000000036|+0000000000000000003|+0000000000000000000|+8.0000000000004e-01|-1.6910808000002e+01|+6.1867158600058e-02|+1.6160904979890e+01
+0000000000000000036|+0000000000000000003|+0000000000000000000|+7.9000000000004e-01|-1.7093735500002e+01|+6.1559939918135e-02|+1.6292935997496e+01
+0000000000000000036|+0000000000000000003|+0000000000000000000|+7.8000000000004e-01|-1.7238613800002e+01|+6.1594029855958e-02|+1.7173459155898e+01
+0000000000000000036|+0000000000000000003|+0000000000000000000|+7.7000000000004e-01|-1.7419750882355e+01|+6.1031733445962e-02|+1.6818674012965e+01
+0000000000000000036|+0000000000000000003|+0000000000000000000|+7.6000000000004e-01|-1.7581908000002e+01|+6.0815278035696e-02|+1.7207465110014e+01
+0000000000000000036|+0000000000000000003|+0000000000000000000|+7.5000000000004e-01|-1.7777145000002e+01|+6.0751078255846e-02|+1.7902907820382e+01
+0000000000000000036|+0000000000000000003|+0000000000000000000|+7.4000000000004e-01|-1.7910165000002e+01|+6.0176934864010e-02|+1.7595857437507e+01
+0000000000000000036|+0000000000000000003|+0000000000000000000|+7.3000000000004e-01|-1.8099843200002e+01|+5.9980947339513e-02|+1.8053400614387e+01
+0000000000000000036|+0000000000000000003|+0000000000000000000|+7.2000000000004e-01|-1.8315648000002e+01|+5.9737124417019e-02|+1.8391985440020e+01
+0000000000000000036|+0000000000000000003|+0000000000000000000|+7.1000000000004e-01|-1.8508988100002e+01|+5.9294654741511e-02|+1.8317126367913e+01
+0000000000000000036|+0000000000000000003|+0000000000000000000|+7.0000000000004e-01|-1.8670477666669e+01|+5.8881866596924e-02|+1.8363144282643e+01
+0000000000000000036|+0000000000000000003|+0000000000000000000|+6.9000000000004e-01|-1.8806959800002e+01|+5.8643175106036e-02|+1.8882542703594e+01
+0000000000000000036|+0000000000000000003|+0000000000000000000|+6.8000000000004e-01|-1.9054315200002e+01|+5.8443520414266e-02|+1.9368730110391e+01
+0000000000000000036|+0000000000000000003|+0000000000000000000|+6.7000000000004e-01|-1.9205615900002e+01|+5.7810424279560e-02|+1.8911443207101e+01
+0000000000000000036|+0000000000000000003|+0000000000000000000|+6.6000000000004e-01|-1.9394841000002e+01|+5.7673450605657e-02|+1.9693176677509e+01
+0000000000000000036|+0000000000000000003|+0000000000000000000|+6.5000000000004e-01|-1.9580003500002e+01|+5.7115929559456e-02|+1.9389419147914e+01
+0000000000000000036|+0000000000000000003|+0000000000000000000|+6.4000000000004e-01|-1.9796300800002e+01|+5.6732612456368e-02|+1.9514262841613e+01
+0000000000000000036|+0000000000000000003|+0000000000000000000|+6.3000000000004e-01|-1.9971215100003e+01|+5.6201646164114e-02|+1.9302661067087e+01
+0000000000000000036|+0000000000000000003|+0000000000000000000|+6.2000000000004e-01|-2.0155953200003e+01|+5.6135714002586e-02|+2.0427527740402e+01
+0000000000000000036|+0000000000000000003|+0000000000000000000|+6.1000000000004e-01|-2.0354812925003e+01|+5.5197554171337e-02|+1.8995477588649e+01
+0000000000000000036|+0000000000000000003|+0000000000000000000|+6.0000000000004e-01|-2.0590866000003e+01|+5.4675857212689e-02|+1.8713846027939e+01
+0000000000000000036|+0000000000000000003|+0000000000000000000|+5.9000000000004e-01|-2.0749416590912e+01|+5.4142044555881e-02|+1.8524914499512e+01
+0000000000000000036|+0000000000000000003|+0000000000000000000|+5.8000000000004e-01|-2.0925804141669e+01|+5.3689154375362e-02|+1.8565410368452e+01
+0000000000000000036|+0000000000000000003|+0000000000000000000|+5.7000000000004e-01|-2.1103008900003e+01|+5.3254797377759e-02|+1.8680157867078e+01
+0000000000000000036|+0000000000000000003|+0000000000000000000|+5.6000000000004e-01|-2.1307125200003e+01|+5.2520822571962e-02|+1.7760266223048e+01
+0000000000000000036|+0000000000000000003|+0000000000000000000|+5.5000000000004e-01|-2.1462346000003e+01|+5.2299101160796e-02|+1.8660939921604e+01
+0000000000000000036|+0000000000000000003|+0000000000000000000|+5.4000000000004e-01|-2.1657223200003e+01|+5.1427015907381e-02|+1.7249089113205e+01
+0000000000000000036|+0000000000000000003|+0000000000000000000|+5.3000000000004e-01|-2.1821737266670e+01|+5.0628498287120e-02|+1.6106672808518e+01
+0000000000000000036|+0000000000000000003|+0000000000000000000|+5.2000000000004e-01|-2.1982368400003e+01|+5.0250601677641e-02|+1.6486216711083e+01
+0000000000000000036|+0000000000000000003|+0000000000000000000|+5.1000000000004e-01|-2.2143928350003e+01|+4.9640832524072e-02|+1.6017896447798e+01
+0000000000000000036|+0000000000000000003|+0000000000000000000|+5.0000000000004e-01|-2.2269495000003e+01|+4.9032325168091e-02|+1.5618149779911e+01
+0000000000000000036|+0000000000000000003|+0000000000000000000|+4.9000000000004e-01|-2.2435535000003e+01|+4.8343562806087e-02|+1.4807377750067e+01
+0000000000000000036|+0000000000000000003|+0000000000000000000|+4.8000000000004e-01|-2.2577016000003e+01|+4.7633926790408e-02|+1.3935213297542e+01
+0000000000000000036|+0000000000000000003|+0000000000000000000|+4.7000000000004e-01|-2.2725034700004e+01|+4.6991520155796e-02|+1.3304912419896e+01
+0000000000000000036|+0000000000000000003|+0000000000000000000|+4.6000000000004e-01|-2.2870036300004e+01|+4.6306613680066e-02|+1.2479507110937e+01
+0000000000000000036|+0000000000000000003|+0000000000000000000|+4.5000000000004e-01|-2.2993482750004e+01|+4.5751122803923e-02|+1.2259219631874e+01
+0000000000000000036|+0000000000000000003|+0000000000000000000|+4.4000000000004e-01|-2.3100891822226e+01|+4.4975533486739e-02|+1.1061833283957e+01
+0000000000000000036|+0000000000000000003|+0000000000000000000|+4.3000000000004e-01|-2.3197302400004e+01|+4.4331828446355e-02|+1.0472173017592e+01
+0000000000000000036|+0000000000000000003|+0000000000000000000|+4.2000000000004e-01|-2.3309157750004e+01|+4.3631600877363e-02|+9.5545123560994e+00
+0000000000000000036|+0000000000000000003|+0000000000000000000|+4.1000000000004e-01|-2.3399286700004e+01|+4.3076562896164e-02|+9.4011872230654e+00
+0000000000000000036|+0000000000000000003|+0000000000000000000|+4.0000000000004e-01|-2.3490016000004e+01|+4.2328194853798e-02|+8.2435169982971e+00
+0000000000000000036|+0000000000000000003|+0000000000000000000|+3.9000000000004e-01|-2.3581645950004e+01|+4.1810901812050e-02|+8.3032546440171e+00
+0000000000000000036|+0000000000000000003|+0000000000000000000|+3.8000000000004e-01|-2.3650734733338e+01|+4.1158677002780e-02|+7.6966322079561e+00
+0000000000000000036|+0000000000000000003|+0000000000000000000|+3.7000000000004e-01|-2.3727508500004e+01|+4.0463844058764e-02|+6.8108932975894e+00
+0000000000000000036|+0000000000000000003|+0000000000000000000|+3.6000000000004e-01|-2.3786152200005e+01|+3.9825001520634e-02|+6.2940327039817e+00
+0000000000000000036|+0000000000000000003|+0000000000000000000|+3.5000000000004e-01|-2.3849084083338e+01|+3.9154612775070e-02|+5.5683632880392e+00
+0000000000000000036|+0000000000000000003|+0000000000000000000|+3.4000000000004e-01|-2.3931975600005e+01|+3.8454665446886e-02|+4.5783951645393e+00
+0000000000000000036|+0000000000000000003|+0000000000000000000|+3.3000000000004e-01|-2.3938660500005e+01|+3.7826750944033e-02|+4.2923970773984e+00
+0000000000000000036|+0000000000000000003|+0000000000000000000|+3.2000000000004e-01|-2.3999705600005e+01|+3.7143114447072e-02|+3.4650791535981e+00
+0000000000000000036|+0000000000000000003|+0000000000000000000|+3.1000000000004e-01|-2.4018153300006e+01|+3.6455444978985e-02|+2.7371296949647e+00
+0000000000000000036|+0000000000000000003|+0000000000000000000|+3.0000000000004e-01|-2.4083649000006e+01|+3.6045161670425e-02|+4.0682538309727e+00
+0000000000000000036|+0000000000000000003|+0000000000000000000|+2.9000000000004e-01|-2.4104150457149e+01|+3.5350786182211e-02|+3.3927173168276e+00
+0000000000000000036|+0000000000000000003|+0000000000000000000|+2.8000000000004e-01|-2.4140897400006e+01|+3.4677817823124e-02|+2.8680697281282e+00
+0000000000000000036|+0000000000000000003|+0000000000000000000|+2.7000000000004e-01|-2.4169359600006e+01|+3.3974033132416e-02|+2.1326192852354e+00
+0000000000000000036|+0000000000000000003|+0000000000000000000|+2.6000000000004e-01|-2.4189028776477e+01|+3.3348271141912e-02|+2.2309510720524e+00
+0000000000000000036|+0000000000000000003|+0000000000000000000|+2.5000000000004e-01|-2.4210697500007e+01|+3.2664700628022e-02|+1.8573650162027e+00
+0000000000000000036|+0000000000000000003|+0000000000000000000|+2.4000000000004e-01|-2.4230604000007e+01|+3.2062293757389e-02|+2.4919072771908e+00
+0000000000000000036|+0000000000000000003|+0000000000000000000|+2.3000000000004e-01|-2.4260289700008e+01|+3.1409563473179e-02|+2.7363626479264e+00
+0000000000000000036|+0000000000000000003|+0000000000000000000|+2.2000000000004e-01|-2.4268443800008e+01|+3.0641172607649e-02|+1.8350840961847e+00
+0000000000000000036|+0000000000000000003|+0000000000000000000|+2.1000000000004e-01|-2.4280529550008e+01|+2.9943423315776e-02|+1.9564214189354e+00
+0000000000000000036|+0000000000000000003|+0000000000000000000|+2.0000000000004e-01|-2.4282590000009e+01|+2.9142085980727e-02|+8.8111229755856e-01
+0000000000000000036|+0000000000000000003|+0000000000000000000|+1.9000000000004e-01|-2.4297403850009e+01|+2.8279302113810e-02|-1.1112789471053e+00
+0000000000000000036|+0000000000000000003|+0000000000000000000|+1.8000000000004e-01|-2.4304450050010e+01|+2.7649377599030e-02|+9.0479379790256e-01
+0000000000000000036|+0000000000000000003|+0000000000000000000|+1.7000000000004e-01|-2.4305934800010e+01|+2.6909099977149e-02|+1.6700207659698e+00
+0000000000000000036|+0000000000000000003|+0000000000000000000|+1.6000000000004e-01|-2.4330314400011e+01|+2.6071921045862e-02|+9.3439926349924e-01
+0000000000000000036|+0000000000000000003|+0000000000000000000|+1.5000000000004e-01|-2.4338589000012e+01|+2.5257194895669e-02|+1.2370072924660e+00
+0000000000000000036|+0000000000000000003|+0000000000000000000|+1.4000000000004e-01|-2.4353859388248e+01|+2.4408779630663e-02|+1.4157718216081e+00
+0000000000000000036|+0000000000000000003|+0000000000000000000|+1.3000000000004e-01|-2.4365993393763e+01|+2.3510630435598e-02|+1.1458901691204e+00
+0000000000000000036|+0000000000000000003|+0000000000000000000|+1.2000000000004e-01|-2.4377804400014e+01|+2.2563141680870e-02|+3.5472234330842e-01
+0000000000000000036|+0000000000000000003|+0000000000000000000|+1.1000000000004e-01|-2.4386652396016e+01|+2.1620797972533e-02|+9.5783696052132e-01
+0000000000000000036|+0000000000000000003|+0000000000000000000|+1.0000000000004e-01|-2.4398584111128e+01|+2.0639077714441e-02|+1.9430906384318e+00
+0000000000000000036|+0000000000000000003|+0000000000000000000|+9.0000000000041e-02|-2.4416406900019e+01|+1.9502626574567e-02|-1.7694494291956e+00
+0000000000000000036|+0000000000000000003|+0000000000000000000|+8.0000000000041e-02|-2.4414971872022e+01|+1.8457037487112e-02|+2.0443618765579e+00
+0000000000000000036|+0000000000000000003|+0000000000000000000|+7.0000000000041e-02|-2.4427417564025e+01|+1.7244179478096e-02|+6.9401377922395e-01
+0000000000000000036|+0000000000000000003|+0000000000000000000|+6.0000000000041e-02|-2.4430626650029e+01|+1.5951027655258e-02|-4.8311158291676e-01
+0000000000000000036|+0000000000000000003|+0000000000000000000|+5.0000000000041e-02|-2.4438771740035e+01|+1.4566354327264e-02|-1.4559272296503e-01
+0000000000000000036|+0000000000000000003|+0000000000000000000|+4.0000000000041e-02|-2.4438131626710e+01|+1.3021198560324e-02|-1.3616857547083e+00
+0000000000000000036|+0000000000000000003|+0000000000000000000|+3.0000000000041e-02|-2.4440994300058e+01|+1.1283260612120e-02|-2.6382284807414e-01
+0000000000000000036|+0000000000000000003|+0000000000000000000|+2.0000000000041e-02|-2.4439990083420e+01|+9.2250133285924e-03|+5.3095164634310e+00
+0000000000000000036|+0000000000000000003|+0000000000000000000|+1.0000000000041e-02|-2.4439407446007e+01|+6.5114063988099e-03|-4.5233997114356e+00
