#
# QHS - DATA
#
# ----------------------------------------
#
# Size                 = +0000000000000000009
# Model                = Periodic-2D
# Algorithm            = SSE
# Start-Temperature    = +0.0000000000000e+00
# End-Temperature      = +4.0000000000000e+00
# Temperature-Step     = +1.0000000000000e-02
#
# Size              | Model-Index        | Algorithm-Index    | Temperature        | AverageEnergy      | StdDvOfEnergy      | AverageCHeat      
# ------------------------------------------------------------------------------------------------------
+0000000000000000009|+0000000000000000003|+0000000000000000000|+4.0000000000000e+00|-8.4524000000003e-01|+5.0101057332501e-02|+2.3235558389998e-01
+0000000000000000009|+0000000000000000003|+0000000000000000000|+3.9900000000000e+00|-8.9575680000001e-01|+5.0035425267540e-02|+2.2009061760000e-01
+0000000000000000009|+0000000000000000003|+0000000000000000000|+3.9800000000000e+00|-8.6472160000000e-01|+4.9794792593734e-02|+2.1723834026667e-01
+0000000000000000009|+0000000000000000003|+0000000000000000000|+3.9700000000000e+00|-8.8975139999999e-01|+4.9908852721515e-02|+2.2264793560003e-01
+0000000000000000009|+0000000000000000003|+0000000000000000000|+3.9600000000000e+00|-8.7811560000001e-01|+4.9886034961220e-02|+2.2869722790000e-01
+0000000000000000009|+0000000000000000003|+0000000000000000000|+3.9500000000000e+00|-9.0162500000003e-01|+4.9899356413831e-02|+2.2820374999997e-01
+0000000000000000009|+0000000000000000003|+0000000000000000000|+3.9400000000000e+00|-8.6840760000000e-01|+4.9429685151776e-02|+2.1122474840001e-01
+0000000000000000009|+0000000000000000003|+0000000000000000000|+3.9300000000000e+00|-8.8907145000000e-01|+4.9787652814395e-02|+2.3351229977499e-01
+0000000000000000009|+0000000000000000003|+0000000000000000000|+3.9200000000000e+00|-8.9670319999998e-01|+4.9890706539103e-02|+2.4294957590001e-01
+0000000000000000009|+0000000000000000003|+0000000000000000000|+3.9100000000000e+00|-9.1531089999998e-01|+4.9752881205544e-02|+2.3398269990001e-01
+0000000000000000009|+0000000000000000003|+0000000000000000000|+3.9000000000000e+00|-9.0621899999999e-01|+4.9643704456286e-02|+2.3394183590000e-01
+0000000000000000009|+0000000000000000003|+0000000000000000000|+3.8900000000000e+00|-8.7753600000002e-01|+4.9357052590632e-02|+2.2734023999999e-01
+0000000000000000009|+0000000000000000003|+0000000000000000000|+3.8800000000000e+00|-9.6773480000002e-01|+4.9858261184158e-02|+2.4186717589998e-01
+0000000000000000009|+0000000000000000003|+0000000000000000000|+3.8700000000000e+00|-8.9841779999999e-01|+4.9391954834614e-02|+2.3378239640001e-01
+0000000000000000009|+0000000000000000003|+0000000000000000000|+3.8600000000000e+00|-8.7408499999998e-01|+4.9190279751590e-02|+2.3157993750002e-01
+0000000000000000009|+0000000000000000003|+0000000000000000000|+3.8500000000000e+00|-8.9569800000001e-01|+4.9244757120834e-02|+2.3441380959999e-01
+0000000000000000009|+0000000000000000003|+0000000000000000000|+3.8400000000000e+00|-8.8940160000001e-01|+4.9110122873076e-02|+2.3195581990000e-01
+0000000000000000009|+0000000000000000003|+0000000000000000000|+3.8300000000000e+00|-8.7900520000001e-01|+4.9035850706424e-02|+2.3458828639998e-01
+0000000000000000009|+0000000000000000003|+0000000000000000000|+3.8200000000000e+00|-9.2103840000001e-01|+4.9196265413399e-02|+2.3929842559997e-01
+0000000000000000009|+0000000000000000003|+0000000000000000000|+3.8100000000000e+00|-9.3458400000000e-01|+4.9466238249609e-02|+2.5908304000000e-01
+0000000000000000009|+0000000000000000003|+0000000000000000000|+3.8000000000000e+00|-9.3217599999998e-01|+4.9118577890365e-02|+2.4111256960002e-01
+0000000000000000009|+0000000000000000003|+0000000000000000000|+3.7900000000000e+00|-9.2057170000001e-01|+4.9014524275718e-02|+2.4212214710000e-01
+0000000000000000009|+0000000000000000003|+0000000000000000000|+3.7800000000000e+00|-8.9610119999999e-01|+4.8802658135393e-02|+2.3916954840003e-01
+0000000000000000009|+0000000000000000003|+0000000000000000000|+3.7700000000000e+00|-9.3498280000003e-01|+4.9015265344524e-02|+2.4855411039998e-01
+0000000000000000009|+0000000000000000003|+0000000000000000000|+3.7600000000000e+00|-9.3805040000002e-01|+4.9169332424094e-02|+2.6360523589998e-01
+0000000000000000009|+0000000000000000003|+0000000000000000000|+3.7500000000000e+00|-9.1515000000000e-01|+4.8674898277472e-02|+2.4058847840002e-01
+0000000000000000009|+0000000000000000003|+0000000000000000000|+3.7400000000000e+00|-9.5205980000002e-01|+4.8753113590117e-02|+2.4132662709999e-01
+0000000000000000009|+0000000000000000003|+0000000000000000000|+3.7300000000000e+00|-9.2248750000005e-01|+4.8620816129621e-02|+2.4521093749997e-01
+0000000000000000009|+0000000000000000003|+0000000000000000000|+3.7200000000000e+00|-9.0203520000004e-01|+4.8739425188987e-02|+2.6429133439997e-01
+0000000000000000009|+0000000000000000003|+0000000000000000000|+3.7100000000000e+00|-9.3893420000000e-01|+4.8661814438279e-02|+2.5420535960001e-01
+0000000000000000009|+0000000000000000003|+0000000000000000000|+3.7000000000000e+00|-9.9753400000003e-01|+4.8965331738441e-02|+2.6535892759999e-01
+0000000000000000009|+0000000000000000003|+0000000000000000000|+3.6900000000000e+00|-9.6570180000004e-01|+4.8699913389082e-02|+2.6042731159998e-01
+0000000000000000009|+0000000000000000003|+0000000000000000000|+3.6800000000000e+00|-9.5155200000000e-01|+4.8610954823193e-02|+2.6333404000002e-01
+0000000000000000009|+0000000000000000003|+0000000000000000000|+3.6700000000000e+00|-9.6741920000001e-01|+4.8663576780973e-02|+2.6829514239998e-01
+0000000000000000009|+0000000000000000003|+0000000000000000000|+3.6600000000000e+00|-9.3118380000003e-01|+4.8386204008329e-02|+2.6365175509999e-01
+0000000000000000009|+0000000000000000003|+0000000000000000000|+3.6500000000000e+00|-9.6770000000003e-01|+4.8248951409655e-02|+2.4921599999999e-01
+0000000000000000009|+0000000000000000003|+0000000000000000000|+3.6400000000000e+00|-9.6382200000004e-01|+4.8407289023397e-02|+2.6732889749998e-01
+0000000000000000009|+0000000000000000003|+0000000000000000000|+3.6300000000000e+00|-9.7774260000002e-01|+4.8443798296313e-02|+2.7179863959998e-01
+0000000000000000009|+0000000000000000003|+0000000000000000000|+3.6200000000000e+00|-9.7344000000001e-01|+4.8363721502752e-02|+2.7275600000001e-01
+0000000000000000009|+0000000000000000003|+0000000000000000000|+3.6100000000000e+00|-9.7355420000002e-01|+4.8299532488939e-02|+2.7367691160000e-01
+0000000000000000009|+0000000000000000003|+0000000000000000000|+3.6000000000000e+00|-9.6184800000004e-01|+4.8218022152050e-02|+2.7660484759998e-01
+0000000000000000009|+0000000000000000003|+0000000000000000000|+3.5900000000000e+00|-9.5173810000001e-01|+4.7957252039740e-02|+2.6574441190001e-01
+0000000000000000009|+0000000000000000003|+0000000000000000000|+3.5800000000000e+00|-9.7403480000003e-01|+4.8205691436879e-02|+2.8389551639997e-01
+0000000000000000009|+0000000000000000003|+0000000000000000000|+3.5700000000000e+00|-9.7427370000001e-01|+4.7988747709640e-02|+2.7334377190000e-01
+0000000000000000009|+0000000000000000003|+0000000000000000000|+3.5600000000000e+00|-9.7844840000003e-01|+4.7893691766503e-02|+2.7083756789996e-01
+0000000000000000009|+0000000000000000003|+0000000000000000000|+3.5500000000000e+00|-9.7818249999999e-01|+4.7881064961084e-02|+2.7582807750002e-01
+0000000000000000009|+0000000000000000003|+0000000000000000000|+3.5400000000000e+00|-9.5800740000002e-01|+4.7827148446958e-02|+2.8334192389999e-01
+0000000000000000009|+0000000000000000003|+0000000000000000000|+3.5300000000000e+00|-9.7993670000001e-01|+4.7899894230427e-02|+2.8870528790000e-01
+0000000000000000009|+0000000000000000003|+0000000000000000000|+3.5200000000000e+00|-1.0200640000000e+00|+4.8102001029486e-02|+2.9902876000000e-01
+0000000000000000009|+0000000000000000003|+0000000000000000000|+3.5100000000000e+00|-9.6124410000001e-01|+4.7718174308511e-02|+2.9212407190001e-01
+0000000000000000009|+0000000000000000003|+0000000000000000000|+3.5000000000000e+00|-9.8651250000003e-01|+4.7716688610711e-02|+2.9091861937498e-01
+0000000000000000009|+0000000000000000003|+0000000000000000000|+3.4900000000000e+00|-1.0001004000000e+00|+4.7493184696873e-02|+2.7573007840000e-01
+0000000000000000009|+0000000000000000003|+0000000000000000000|+3.4800000000000e+00|-1.0259094000000e+00|+4.7758750319940e-02|+2.9532771097502e-01
+0000000000000000009|+0000000000000000003|+0000000000000000000|+3.4700000000000e+00|-9.9991530000001e-01|+4.7350218123027e-02|+2.7684669990002e-01
+0000000000000000009|+0000000000000000003|+0000000000000000000|+3.4600000000000e+00|-9.9589860000003e-01|+4.7518439857222e-02|+2.9753367189998e-01
+0000000000000000009|+0000000000000000003|+0000000000000000000|+3.4500000000000e+00|-1.0290390000000e+00|+4.7657975323225e-02|+3.0542913560002e-01
+0000000000000000009|+0000000000000000003|+0000000000000000000|+3.4400000000000e+00|-1.0234016000000e+00|+4.7587169539512e-02|+3.0782019040001e-01
+0000000000000000009|+0000000000000000003|+0000000000000000000|+3.4300000000000e+00|-1.0337562000000e+00|+4.7449502459188e-02|+3.0017404440000e-01
+0000000000000000009|+0000000000000000003|+0000000000000000000|+3.4200000000000e+00|-1.0201878000000e+00|+4.7426852675553e-02|+3.0879347189998e-01
+0000000000000000009|+0000000000000000003|+0000000000000000000|+3.4100000000000e+00|-1.0356917000000e+00|+4.7356450429639e-02|+3.0506984310000e-01
+0000000000000000009|+0000000000000000003|+0000000000000000000|+3.4000000000000e+00|-1.0055180000000e+00|+4.7130265025308e-02|+3.0204466709997e-01
+0000000000000000009|+0000000000000000003|+0000000000000000000|+3.3900000000000e+00|-1.0753974000000e+00|+4.7235823015006e-02|+2.9667348440000e-01
+0000000000000000009|+0000000000000000003|+0000000000000000000|+3.3800000000000e+00|-1.0367780000000e+00|+4.7218776044628e-02|+3.1332839000002e-01
+0000000000000000009|+0000000000000000003|+0000000000000000000|+3.3700000000000e+00|-1.0248791000000e+00|+4.7034553705362e-02|+3.0830927509999e-01
+0000000000000000009|+0000000000000000003|+0000000000000000000|+3.3600000000000e+00|-1.0381872000000e+00|+4.7054063389507e-02|+3.1270600709999e-01
+0000000000000000009|+0000000000000000003|+0000000000000000000|+3.3500000000000e+00|-1.0296607500000e+00|+4.6942363609975e-02|+3.1270108397500e-01
+0000000000000000009|+0000000000000000003|+0000000000000000000|+3.3400000000000e+00|-1.0190494000000e+00|+4.6799556586421e-02|+3.1071119190002e-01
+0000000000000000009|+0000000000000000003|+0000000000000000000|+3.3300000000000e+00|-1.0013931000000e+00|+4.6581812976281e-02|+3.0452471509998e-01
+0000000000000000009|+0000000000000000003|+0000000000000000000|+3.3200000000000e+00|-1.0625272000000e+00|+4.6775869774119e-02|+3.0937378839996e-01
+0000000000000000009|+0000000000000000003|+0000000000000000000|+3.3100000000000e+00|-1.0327974000000e+00|+4.6826313493792e-02|+3.2961402840002e-01
+0000000000000000009|+0000000000000000003|+0000000000000000000|+3.3000000000000e+00|-1.0280280000000e+00|+4.6762522777062e-02|+3.3265897440002e-01
+0000000000000000009|+0000000000000000003|+0000000000000000000|+3.2900000000000e+00|-1.0440119000000e+00|+4.6617745099712e-02|+3.2244428790004e-01
+0000000000000000009|+0000000000000000003|+0000000000000000000|+3.2800000000000e+00|-1.0539256000000e+00|+4.6740745487159e-02|+3.3721670710000e-01
+0000000000000000009|+0000000000000000003|+0000000000000000000|+3.2700000000000e+00|-1.0640031000000e+00|+4.6712836772465e-02|+3.3895565910000e-01
+0000000000000000009|+0000000000000000003|+0000000000000000000|+3.2600000000000e+00|-1.0869391000000e+00|+4.6611278955010e-02|+3.3032097377501e-01
+0000000000000000009|+0000000000000000003|+0000000000000000000|+3.2500000000000e+00|-1.0765450000000e+00|+4.6640278921328e-02|+3.4340446040000e-01
+0000000000000000009|+0000000000000000003|+0000000000000000000|+3.2400000000000e+00|-1.0829412000000e+00|+4.6133956547525e-02|+3.0412300309999e-01
+0000000000000000009|+0000000000000000003|+0000000000000000000|+3.2300000000000e+00|-1.0854452000000e+00|+4.6536628981517e-02|+3.4634902239997e-01
+0000000000000000009|+0000000000000000003|+0000000000000000000|+3.2200000000000e+00|-1.0732082000000e+00|+4.6516858653172e-02|+3.5591674390001e-01
+0000000000000000009|+0000000000000000003|+0000000000000000000|+3.2100000000000e+00|-1.0715649000000e+00|+4.6192304869012e-02|+3.3486022390001e-01
+0000000000000000009|+0000000000000000003|+0000000000000000000|+3.2000000000000e+00|-1.0954240000001e+00|+4.6322942992940e-02|+3.4674295509997e-01
+0000000000000000009|+0000000000000000003|+0000000000000000000|+3.1900000000000e+00|-1.1108910000001e+00|+4.6366647873395e-02|+3.5355078999995e-01
+0000000000000000009|+0000000000000000003|+0000000000000000000|+3.1800000000000e+00|-1.0694202000000e+00|+4.6047374492505e-02|+3.4519306790001e-01
+0000000000000000009|+0000000000000000003|+0000000000000000000|+3.1700000000000e+00|-1.0692462000000e+00|+4.6016496352637e-02|+3.5014294040002e-01
+0000000000000000009|+0000000000000000003|+0000000000000000000|+3.1600000000000e+00|-1.1266960000001e+00|+4.6259399001262e-02|+3.6220363999997e-01
+0000000000000000009|+0000000000000000003|+0000000000000000000|+3.1500000000000e+00|-1.1313180000000e+00|+4.6191850006124e-02|+3.6241720159997e-01
+0000000000000000009|+0000000000000000003|+0000000000000000000|+3.1400000000000e+00|-1.1206314000000e+00|+4.5999540453201e-02|+3.5586419990001e-01
+0000000000000000009|+0000000000000000003|+0000000000000000000|+3.1300000000000e+00|-1.0642323000000e+00|+4.5586913779444e-02|+3.4332715589998e-01
+0000000000000000009|+0000000000000000003|+0000000000000000000|+3.1200000000000e+00|-1.1168736000000e+00|+4.5889761995329e-02|+3.6283192160003e-01
+0000000000000000009|+0000000000000000003|+0000000000000000000|+3.1100000000000e+00|-1.0798376000000e+00|+4.5579537474467e-02|+3.5354989440002e-01
+0000000000000000009|+0000000000000000003|+0000000000000000000|+3.1000000000000e+00|-1.1420310000000e+00|+4.5781571016386e-02|+3.6078359989999e-01
+0000000000000000009|+0000000000000000003|+0000000000000000000|+3.0900000000000e+00|-1.1592732000000e+00|+4.5843158310620e-02|+3.6936100960000e-01
+0000000000000000009|+0000000000000000003|+0000000000000000000|+3.0800000000000e+00|-1.1544180000000e+00|+4.5972831218543e-02|+3.9185477749998e-01
+0000000000000000009|+0000000000000000003|+0000000000000000000|+3.0700000000000e+00|-1.1443792000000e+00|+4.5650788949524e-02|+3.7237712640002e-01
+0000000000000000009|+0000000000000000003|+0000000000000000000|+3.0600000000000e+00|-1.1308284000000e+00|+4.5721233798941e-02|+3.9214478040002e-01
+0000000000000000009|+0000000000000000003|+0000000000000000000|+3.0500000000000e+00|-1.1711700000000e+00|+4.5714568578169e-02|+3.8689164000002e-01
+0000000000000000009|+0000000000000000003|+0000000000000000000|+3.0400000000000e+00|-1.1633984000001e+00|+4.5715840848640e-02|+3.9826003839996e-01
+0000000000000000009|+0000000000000000003|+0000000000000000000|+3.0300000000000e+00|-1.1366484000000e+00|+4.5263387821787e-02|+3.7105832160005e-01
+0000000000000000009|+0000000000000000003|+0000000000000000000|+3.0200000000000e+00|-1.1475359000000e+00|+4.5162283339140e-02|+3.6607169797500e-01
+0000000000000000009|+0000000000000000003|+0000000000000000000|+3.0100000000000e+00|-1.1719988500000e+00|+4.5212402277936e-02|+3.7161317177501e-01
+0000000000000000009|+0000000000000000003|+0000000000000000000|+3.0000000000000e+00|-1.1717100000000e+00|+4.5240283331492e-02|+3.8329507510000e-01
+0000000000000000009|+0000000000000000003|+0000000000000000000|+2.9900000000000e+00|-1.1819269000000e+00|+4.5392320203742e-02|+4.0420190390002e-01
+0000000000000000009|+0000000000000000003|+0000000000000000000|+2.9800000000000e+00|-1.1564721000001e+00|+4.5229891088714e-02|+4.0528555897495e-01
+0000000000000000009|+0000000000000000003|+0000000000000000000|+2.9700000000000e+00|-1.1625129000001e+00|+4.5189038845239e-02|+4.0821083509995e-01
+0000000000000000009|+0000000000000000003|+0000000000000000000|+2.9600000000000e+00|-1.1718928000000e+00|+4.4949964098519e-02|+3.8967420760001e-01
+0000000000000000009|+0000000000000000003|+0000000000000000000|+2.9500000000000e+00|-1.2150645000001e+00|+4.4998598766773e-02|+3.8922996389995e-01
+0000000000000000009|+0000000000000000003|+0000000000000000000|+2.9400000000000e+00|-1.1937804000001e+00|+4.4950107974045e-02|+4.0068804439998e-01
+0000000000000000009|+0000000000000000003|+0000000000000000000|+2.9300000000000e+00|-1.2126796000000e+00|+4.4974760682902e-02|+4.0619192160007e-01
+0000000000000000009|+0000000000000000003|+0000000000000000000|+2.9200000000000e+00|-1.2087460000001e+00|+4.4846346150213e-02|+4.0349949749999e-01
+0000000000000000009|+0000000000000000003|+0000000000000000000|+2.9100000000000e+00|-1.1959176000001e+00|+4.5196179078118e-02|+4.5462183039995e-01
+0000000000000000009|+0000000000000000003|+0000000000000000000|+2.9000000000000e+00|-1.1949765000000e+00|+4.4668668330698e-02|+4.0849847377506e-01
+0000000000000000009|+0000000000000000003|+0000000000000000000|+2.8900000000000e+00|-1.2168679500001e+00|+4.4804583974754e-02|+4.2513279597498e-01
+0000000000000000009|+0000000000000000003|+0000000000000000000|+2.8800000000000e+00|-1.2125952000001e+00|+4.4543539167671e-02|+4.0834906839999e-01
+0000000000000000009|+0000000000000000003|+0000000000000000000|+2.8700000000000e+00|-1.2224930000001e+00|+4.4701163328211e-02|+4.3176278999998e-01
+0000000000000000009|+0000000000000000003|+0000000000000000000|+2.8600000000000e+00|-1.2230316000001e+00|+4.4666413728793e-02|+4.3779887639996e-01
+0000000000000000009|+0000000000000000003|+0000000000000000000|+2.8500000000000e+00|-1.1820735000000e+00|+4.4224904078742e-02|+4.1398043590002e-01
+0000000000000000009|+0000000000000000003|+0000000000000000000|+2.8400000000000e+00|-1.2749696000000e+00|+4.4653335256648e-02|+4.3844176640001e-01
+0000000000000000009|+0000000000000000003|+0000000000000000000|+2.8300000000000e+00|-1.2198545000001e+00|+4.4370650257162e-02|+4.3681267749995e-01
+0000000000000000009|+0000000000000000003|+0000000000000000000|+2.8200000000000e+00|-1.2495570000001e+00|+4.4456557245510e-02|+4.4617067749998e-01
+0000000000000000009|+0000000000000000003|+0000000000000000000|+2.8100000000000e+00|-1.2362497000000e+00|+4.4324909554174e-02|+4.4656852310004e-01
+0000000000000000009|+0000000000000000003|+0000000000000000000|+2.8000000000000e+00|-1.2659280000001e+00|+4.4328155481798e-02|+4.4684825239998e-01
+0000000000000000009|+0000000000000000003|+0000000000000000000|+2.7900000000000e+00|-1.2824703000001e+00|+4.4568438209458e-02|+4.7897359509998e-01
+0000000000000000009|+0000000000000000003|+0000000000000000000|+2.7800000000000e+00|-1.2742546000000e+00|+4.4162665389890e-02|+4.4628021510000e-01
+0000000000000000009|+0000000000000000003|+0000000000000000000|+2.7700000000000e+00|-1.2486779500001e+00|+4.3997436281087e-02|+4.4728463777498e-01
+0000000000000000009|+0000000000000000003|+0000000000000000000|+2.7600000000000e+00|-1.2790076000001e+00|+4.4122542943419e-02|+4.6156009545554e-01
+0000000000000000009|+0000000000000000003|+0000000000000000000|+2.7500000000000e+00|-1.2377925000000e+00|+4.3775960653851e-02|+4.4727293910003e-01
+0000000000000000009|+0000000000000000003|+0000000000000000000|+2.7400000000000e+00|-1.2587128000001e+00|+4.4108827655916e-02|+4.8951304159995e-01
+0000000000000000009|+0000000000000000003|+0000000000000000000|+2.7300000000000e+00|-1.3049082000001e+00|+4.3847201047060e-02|+4.5303820439998e-01
+0000000000000000009|+0000000000000000003|+0000000000000000000|+2.7200000000000e+00|-1.2670256000001e+00|+4.3650977373675e-02|+4.5494474709999e-01
+0000000000000000009|+0000000000000000003|+0000000000000000000|+2.7100000000000e+00|-1.3220556000001e+00|+4.3802273819633e-02|+4.6386931040005e-01
+0000000000000000009|+0000000000000000003|+0000000000000000000|+2.7000000000000e+00|-1.3165020000001e+00|+4.4127375980572e-02|+5.1656385240004e-01
+0000000000000000009|+0000000000000000003|+0000000000000000000|+2.6900000000000e+00|-1.3007698000001e+00|+4.3846987403598e-02|+5.0021278360003e-01
+0000000000000000009|+0000000000000000003|+0000000000000000000|+2.6800000000000e+00|-1.2894298000001e+00|+4.3522436532614e-02|+4.7678474477496e-01
+0000000000000000009|+0000000000000000003|+0000000000000000000|+2.6700000000000e+00|-1.3047669000001e+00|+4.3558624059301e-02|+4.8715963510005e-01
+0000000000000000009|+0000000000000000003|+0000000000000000000|+2.6600000000000e+00|-1.3028698000001e+00|+4.3431401597108e-02|+4.8410685910001e-01
+0000000000000000009|+0000000000000000003|+0000000000000000000|+2.6500000000000e+00|-1.3256805000001e+00|+4.3359272610875e-02|+4.7850934310000e-01
+0000000000000000009|+0000000000000000003|+0000000000000000000|+2.6400000000000e+00|-1.3217544000001e+00|+4.3397047791109e-02|+4.9668885590002e-01
+0000000000000000009|+0000000000000000003|+0000000000000000000|+2.6300000000000e+00|-1.3210842000001e+00|+4.3447559835929e-02|+5.1548604440001e-01
+0000000000000000009|+0000000000000000003|+0000000000000000000|+2.6200000000000e+00|-1.3429406000001e+00|+4.3120783173330e-02|+4.7836018309993e-01
+0000000000000000009|+0000000000000000003|+0000000000000000000|+2.6100000000000e+00|-1.3453299000000e+00|+4.3371280028491e-02|+5.2149663190007e-01
+0000000000000000009|+0000000000000000003|+0000000000000000000|+2.6000000000000e+00|-1.3354010000001e+00|+4.3163732087213e-02|+5.1141597177495e-01
+0000000000000000009|+0000000000000000003|+0000000000000000000|+2.5900000000000e+00|-1.3452026500001e+00|+4.3171878855405e-02|+5.2133578277501e-01
+0000000000000000009|+0000000000000000003|+0000000000000000000|+2.5800000000000e+00|-1.3216668000000e+00|+4.3096714914962e-02|+5.3354826840008e-01
+0000000000000000009|+0000000000000000003|+0000000000000000000|+2.5700000000000e+00|-1.3919049000001e+00|+4.3099858111281e-02|+5.1960279510001e-01
+0000000000000000009|+0000000000000000003|+0000000000000000000|+2.5600000000000e+00|-1.3044928000001e+00|+4.2586772829094e-02|+4.9972793560000e-01
+0000000000000000009|+0000000000000000003|+0000000000000000000|+2.5500000000000e+00|-1.3783365000001e+00|+4.3002928411470e-02|+5.3839464710002e-01
+0000000000000000009|+0000000000000000003|+0000000000000000000|+2.5400000000000e+00|-1.3699400000001e+00|+4.2929491655101e-02|+5.4527899999996e-01
+0000000000000000009|+0000000000000000003|+0000000000000000000|+2.5300000000000e+00|-1.3633256000001e+00|+4.2768426979176e-02|+5.3982104959998e-01
+0000000000000000009|+0000000000000000003|+0000000000000000000|+2.5200000000000e+00|-1.4210676000001e+00|+4.3225919960583e-02|+5.9237886309996e-01
+0000000000000000009|+0000000000000000003|+0000000000000000000|+2.5100000000000e+00|-1.3816077000001e+00|+4.2662503341333e-02|+5.4542570710001e-01
+0000000000000000009|+0000000000000000003|+0000000000000000000|+2.5000000000000e+00|-1.4096750000001e+00|+4.2795309711356e-02|+5.6613862310000e-01
+0000000000000000009|+0000000000000000003|+0000000000000000000|+2.4900000000000e+00|-1.3936308000001e+00|+4.2474471452882e-02|+5.4254971360001e-01
+0000000000000000009|+0000000000000000003|+0000000000000000000|+2.4800000000000e+00|-1.3930504000001e+00|+4.2305136392199e-02|+5.3341098710002e-01
+0000000000000000009|+0000000000000000003|+0000000000000000000|+2.4700000000000e+00|-1.4062985800001e+00|+4.2504873100066e-02|+5.6979760620394e-01
+0000000000000000009|+0000000000000000003|+0000000000000000000|+2.4600000000000e+00|-1.4239014000001e+00|+4.2485352502075e-02|+5.7430255190000e-01
+0000000000000000009|+0000000000000000003|+0000000000000000000|+2.4500000000000e+00|-1.4514175000001e+00|+4.2663663759574e-02|+6.0293027750001e-01
+0000000000000000009|+0000000000000000003|+0000000000000000000|+2.4400000000000e+00|-1.4246128000001e+00|+4.2307755993782e-02|+5.7807326560003e-01
+0000000000000000009|+0000000000000000003|+0000000000000000000|+2.4300000000000e+00|-1.4118012000001e+00|+4.2077675221465e-02|+5.6526953440001e-01
+0000000000000000009|+0000000000000000003|+0000000000000000000|+2.4200000000000e+00|-1.4454076000001e+00|+4.2352754018642e-02|+6.0581203160001e-01
+0000000000000000009|+0000000000000000003|+0000000000000000000|+2.4100000000000e+00|-1.4487235000001e+00|+4.2316515925899e-02|+6.1442827749998e-01
+0000000000000000009|+0000000000000000003|+0000000000000000000|+2.4000000000000e+00|-1.4590800000001e+00|+4.2071504329031e-02|+5.8967929749998e-01
+0000000000000000009|+0000000000000000003|+0000000000000000000|+2.3900000000000e+00|-1.4410381000001e+00|+4.2009218591633e-02|+6.0343807590003e-01
+0000000000000000009|+0000000000000000003|+0000000000000000000|+2.3800000000000e+00|-1.4735858000001e+00|+4.2123680763342e-02|+6.2233179189993e-01
+0000000000000000009|+0000000000000000003|+0000000000000000000|+2.3700000000000e+00|-1.4796522000001e+00|+4.1863755769260e-02|+5.9680823639994e-01
+0000000000000000009|+0000000000000000003|+0000000000000000000|+2.3600000000000e+00|-1.4804524000001e+00|+4.2017245750138e-02|+6.3538787189995e-01
+0000000000000000009|+0000000000000000003|+0000000000000000000|+2.3500000000000e+00|-1.4698342500001e+00|+4.1732895957065e-02|+6.1303647397494e-01
+0000000000000000009|+0000000000000000003|+0000000000000000000|+2.3400000000000e+00|-1.4576166000001e+00|+4.1568837091771e-02|+6.0945491990001e-01
+0000000000000000009|+0000000000000000003|+0000000000000000000|+2.3300000000000e+00|-1.4998354333334e+00|+4.1808092316960e-02|+6.4429283198886e-01
+0000000000000000009|+0000000000000000003|+0000000000000000000|+2.3200000000000e+00|-1.5470336000001e+00|+4.2028323607368e-02|+6.7496200960001e-01
+0000000000000000009|+0000000000000000003|+0000000000000000000|+2.3100000000000e+00|-1.5076632000000e+00|+4.1727077949937e-02|+6.6191548160013e-01
+0000000000000000009|+0000000000000000003|+0000000000000000000|+2.3000000000000e+00|-1.5735640000001e+00|+4.2205130743744e-02|+7.2622913759997e-01
+0000000000000000009|+0000000000000000003|+0000000000000000000|+2.2900000000000e+00|-1.5105401000001e+00|+4.1502614975857e-02|+6.5956240390000e-01
+0000000000000000009|+0000000000000000003|+0000000000000000000|+2.2800000000000e+00|-1.5476088000001e+00|+4.1561768719320e-02|+6.7011594840005e-01
+0000000000000000009|+0000000000000000003|+0000000000000000000|+2.2700000000000e+00|-1.5428421500001e+00|+4.1488157610221e-02|+6.7800641797490e-01
+0000000000000000009|+0000000000000000003|+0000000000000000000|+2.2600000000000e+00|-1.5770270000001e+00|+4.1382773473042e-02|+6.6362789749990e-01
+0000000000000000009|+0000000000000000003|+0000000000000000000|+2.2500000000000e+00|-1.5788700000001e+00|+4.1440994955676e-02|+6.9024904160000e-01
+0000000000000000009|+0000000000000000003|+0000000000000000000|+2.2400000000000e+00|-1.5902016000001e+00|+4.1267150162134e-02|+6.7482905440006e-01
+0000000000000000009|+0000000000000000003|+0000000000000000000|+2.2300000000000e+00|-1.5537587000001e+00|+4.1147389750577e-02|+6.8963820390014e-01
+0000000000000000009|+0000000000000000003|+0000000000000000000|+2.2200000000000e+00|-1.5795699000001e+00|+4.1151877777398e-02|+6.9727128297504e-01
+0000000000000000009|+0000000000000000003|+0000000000000000000|+2.2100000000000e+00|-1.5946054000001e+00|+4.1220724178978e-02|+7.2085009240005e-01
+0000000000000000009|+0000000000000000003|+0000000000000000000|+2.2000000000000e+00|-1.5648720000001e+00|+4.1175423542594e-02|+7.4581430239989e-01
+0000000000000000009|+0000000000000000003|+0000000000000000000|+2.1900000000000e+00|-1.5788049000001e+00|+4.1087785205374e-02|+7.4389399590002e-01
+0000000000000000009|+0000000000000000003|+0000000000000000000|+2.1800000000000e+00|-1.6006864000001e+00|+4.0909265944154e-02|+7.2268968959995e-01
+0000000000000000009|+0000000000000000003|+0000000000000000000|+2.1700000000000e+00|-1.6042425500001e+00|+4.0851631885517e-02|+7.3067660977511e-01
+0000000000000000009|+0000000000000000003|+0000000000000000000|+2.1600000000000e+00|-1.6023888000001e+00|+4.0695528899017e-02|+7.2411796760000e-01
+0000000000000000009|+0000000000000000003|+0000000000000000000|+2.1500000000000e+00|-1.6253930000001e+00|+4.0766203010410e-02|+7.4582503959995e-01
+0000000000000000009|+0000000000000000003|+0000000000000000000|+2.1400000000000e+00|-1.6105132000001e+00|+4.0651359689033e-02|+7.5272505560000e-01
+0000000000000000009|+0000000000000000003|+0000000000000000000|+2.1300000000000e+00|-1.6189788000001e+00|+4.0537219567111e-02|+7.4887998240008e-01
+0000000000000000009|+0000000000000000003|+0000000000000000000|+2.1200000000000e+00|-1.6315276000001e+00|+4.0412888968785e-02|+7.4126562710003e-01
+0000000000000000009|+0000000000000000003|+0000000000000000000|+2.1100000000000e+00|-1.7100043000001e+00|+4.0813694352054e-02|+7.9800580310000e-01
+0000000000000000009|+0000000000000000003|+0000000000000000000|+2.1000000000000e+00|-1.6430460000001e+00|+4.0470031214852e-02|+7.8825393240002e-01
+0000000000000000009|+0000000000000000003|+0000000000000000000|+2.0900000000000e+00|-1.6580387000001e+00|+4.0456672382492e-02|+8.0023025510002e-01
+0000000000000000009|+0000000000000000003|+0000000000000000000|+2.0800000000000e+00|-1.6773400000001e+00|+4.0348642814074e-02|+7.9272248437498e-01
+0000000000000000009|+0000000000000000003|+0000000000000000000|+2.0700000000000e+00|-1.6353351000001e+00|+4.0151518422273e-02|+7.9807895510020e-01
+0000000000000000009|+0000000000000000003|+0000000000000000000|+2.0600000000000e+00|-1.6853148000001e+00|+4.0116999746454e-02|+7.8951334359994e-01
+0000000000000000009|+0000000000000000003|+0000000000000000000|+2.0500000000000e+00|-1.6814470000001e+00|+4.0096486834196e-02|+8.0992468440011e-01
+0000000000000000009|+0000000000000000003|+0000000000000000000|+2.0400000000000e+00|-1.7074140000001e+00|+4.0183401342280e-02|+8.3677387749993e-01
+0000000000000000009|+0000000000000000003|+0000000000000000000|+2.0300000000000e+00|-1.7183975000002e+00|+4.0165595202900e-02|+8.5121943749989e-01
+0000000000000000009|+0000000000000000003|+0000000000000000000|+2.0200000000000e+00|-1.7360430000001e+00|+4.0175054958509e-02|+8.6803487749997e-01
+0000000000000000009|+0000000000000000003|+0000000000000000000|+2.0100000000000e+00|-1.7681247000001e+00|+4.0194646775262e-02|+8.8006485910013e-01
+0000000000000000009|+0000000000000000003|+0000000000000000000|+2.0000000000000e+00|-1.7243600000001e+00|+3.9898940481988e-02|+8.6723564760001e-01
+0000000000000000009|+0000000000000000003|+0000000000000000000|+1.9900000000000e+00|-1.7386898000001e+00|+3.9714975445858e-02|+8.4750959959997e-01
+0000000000000000009|+0000000000000000003|+0000000000000000000|+1.9800000000000e+00|-1.7605026000001e+00|+3.9690629475308e-02|+8.5605810309997e-01
+0000000000000000009|+0000000000000000003|+0000000000000000000|+1.9700000000000e+00|-1.7779566000001e+00|+3.9638622999482e-02|+8.6141323159998e-01
+0000000000000000009|+0000000000000000003|+0000000000000000000|+1.9600000000000e+00|-1.7873664000001e+00|+3.9695844326842e-02|+8.9358253439996e-01
+0000000000000000009|+0000000000000000003|+0000000000000000000|+1.9500000000000e+00|-1.8084450000002e+00|+3.9783556795951e-02|+9.2682798999981e-01
+0000000000000000009|+0000000000000000003|+0000000000000000000|+1.9400000000000e+00|-1.7924676000001e+00|+3.9459819315719e-02|+8.9324826840010e-01
+0000000000000000009|+0000000000000000003|+0000000000000000000|+1.9300000000000e+00|-1.7880751000001e+00|+3.9519450060311e-02|+9.3433987510004e-01
+0000000000000000009|+0000000000000000003|+0000000000000000000|+1.9200000000000e+00|-1.8086208000001e+00|+3.9388337932659e-02|+9.2239265239998e-01
+0000000000000000009|+0000000000000000003|+0000000000000000000|+1.9100000000000e+00|-1.8385737500001e+00|+3.9526947607801e-02|+9.6366810937498e-01
+0000000000000000009|+0000000000000000003|+0000000000000000000|+1.9000000000000e+00|-1.8346570000001e+00|+3.9386150689319e-02|+9.6268395909996e-01
+0000000000000000009|+0000000000000000003|+0000000000000000000|+1.8900000000000e+00|-1.8479619000002e+00|+3.9294729038230e-02|+9.6345713589995e-01
+0000000000000000009|+0000000000000000003|+0000000000000000000|+1.8800000000000e+00|-1.9061940000002e+00|+3.9436705065296e-02|+9.9234299749997e-01
+0000000000000000009|+0000000000000000003|+0000000000000000000|+1.8700000000000e+00|-1.8488183000001e+00|+3.8967175211105e-02|+9.4672389189997e-01
+0000000000000000009|+0000000000000000003|+0000000000000000000|+1.8600000000000e+00|-1.8820320000001e+00|+3.9172545466557e-02|+1.0038065600000e+00
+0000000000000000009|+0000000000000000003|+0000000000000000000|+1.8500000000000e+00|-1.9039230000001e+00|+3.9133038030208e-02|+1.0124639036000e+00
+0000000000000000009|+0000000000000000003|+0000000000000000000|+1.8400000000000e+00|-1.9162088000001e+00|+3.8989343082023e-02|+1.0025828151000e+00
+0000000000000000009|+0000000000000000003|+0000000000000000000|+1.8300000000000e+00|-1.8780441000001e+00|+3.8783534049864e-02|+1.0057930271001e+00
+0000000000000000009|+0000000000000000003|+0000000000000000000|+1.8200000000000e+00|-1.9029056000001e+00|+3.8823326689227e-02|+1.0317931136000e+00
+0000000000000000009|+0000000000000000003|+0000000000000000000|+1.8100000000000e+00|-1.9687771000002e+00|+3.8858968497567e-02|+1.0348273119000e+00
+0000000000000000009|+0000000000000000003|+0000000000000000000|+1.8000000000000e+00|-1.9439550000002e+00|+3.8782286451056e-02|+1.0617389993748e+00
+0000000000000000009|+0000000000000000003|+0000000000000000000|+1.7900000000000e+00|-1.9232181000001e+00|+3.8704315062842e-02|+1.0864772079000e+00
+0000000000000000009|+0000000000000000003|+0000000000000000000|+1.7800000000000e+00|-1.9267612000001e+00|+3.8311142052647e-02|+1.0214409084001e+00
+0000000000000000009|+0000000000000000003|+0000000000000000000|+1.7700000000000e+00|-1.9479684000001e+00|+3.8545090121279e-02|+1.0989338736001e+00
+0000000000000000009|+0000000000000000003|+0000000000000000000|+1.7600000000000e+00|-1.9706928000002e+00|+3.8497422713195e-02|+1.1075071591000e+00
+0000000000000000009|+0000000000000000003|+0000000000000000000|+1.7500000000000e+00|-1.9864187500002e+00|+3.8498016779367e-02|+1.1324924243748e+00
+0000000000000000009|+0000000000000000003|+0000000000000000000|+1.7400000000000e+00|-1.9910439000002e+00|+3.8302420578464e-02|+1.1147016647750e+00
+0000000000000000009|+0000000000000000003|+0000000000000000000|+1.7300000000000e+00|-1.9971707000002e+00|+3.8237079240301e-02|+1.1290637518999e+00
+0000000000000000009|+0000000000000000003|+0000000000000000000|+1.7200000000000e+00|-1.9914004000002e+00|+3.8029641466243e-02|+1.1140756350998e+00
+0000000000000000009|+0000000000000000003|+0000000000000000000|+1.7100000000000e+00|-2.0469915000001e+00|+3.8198461260071e-02|+1.1608391775001e+00
+0000000000000000009|+0000000000000000003|+0000000000000000000|+1.7000000000000e+00|-2.0529560000002e+00|+3.8133070022087e-02|+1.1764120975999e+00
+0000000000000000009|+0000000000000000003|+0000000000000000000|+1.6900000000000e+00|-2.0237887000002e+00|+3.7710229394893e-02|+1.1183043471001e+00
+0000000000000000009|+0000000000000000003|+0000000000000000000|+1.6800000000000e+00|-2.0746632000002e+00|+3.7874273605137e-02|+1.1684160199000e+00
+0000000000000000009|+0000000000000000003|+0000000000000000000|+1.6700000000000e+00|-2.1065200000002e+00|+3.7919885019974e-02|+1.1993440000000e+00
+0000000000000000009|+0000000000000000003|+0000000000000000000|+1.6600000000000e+00|-2.1144194000002e+00|+3.8069842571014e-02|+1.2744025318999e+00
+0000000000000000009|+0000000000000000003|+0000000000000000000|+1.6500000000000e+00|-2.0864370000002e+00|+3.7633286807436e-02|+1.2097724315999e+00
+0000000000000000009|+0000000000000000003|+0000000000000000000|+1.6400000000000e+00|-2.1404584000002e+00|+3.7894885739682e-02|+1.2895731164001e+00
+0000000000000000009|+0000000000000000003|+0000000000000000000|+1.6300000000000e+00|-2.1448865250002e+00|+3.7658136669757e-02|+1.2604047586935e+00
+0000000000000000009|+0000000000000000003|+0000000000000000000|+1.6200000000000e+00|-2.1260511000002e+00|+3.7448364586721e-02|+1.2529320759750e+00
+0000000000000000009|+0000000000000000003|+0000000000000000000|+1.6100000000000e+00|-2.1516828000002e+00|+3.7467486722151e-02|+1.2837130095999e+00
+0000000000000000009|+0000000000000000003|+0000000000000000000|+1.6000000000000e+00|-2.1667040000002e+00|+3.7478452490446e-02|+1.3196144439001e+00
+0000000000000000009|+0000000000000000003|+0000000000000000000|+1.5900000000000e+00|-2.1748942000002e+00|+3.7304558119436e-02|+1.3060508511557e+00
+0000000000000000009|+0000000000000000003|+0000000000000000000|+1.5800000000000e+00|-2.1699068000001e+00|+3.7086428367375e-02|+1.2875354684002e+00
+0000000000000000009|+0000000000000000003|+0000000000000000000|+1.5700000000000e+00|-2.2230697000002e+00|+3.7318118971816e-02|+1.3671175158998e+00
+0000000000000000009|+0000000000000000003|+0000000000000000000|+1.5600000000000e+00|-2.2273830000002e+00|+3.7323364442190e-02|+1.4111706193750e+00
+0000000000000000009|+0000000000000000003|+0000000000000000000|+1.5500000000000e+00|-2.2496765000002e+00|+3.7098402205209e-02|+1.3733775630999e+00
+0000000000000000009|+0000000000000000003|+0000000000000000000|+1.5400000000000e+00|-2.2540550000002e+00|+3.6971622926073e-02|+1.3772969375000e+00
+0000000000000000009|+0000000000000000003|+0000000000000000000|+1.5300000000000e+00|-2.2287258000002e+00|+3.6861976902706e-02|+1.4061874203999e+00
+0000000000000000009|+0000000000000000003|+0000000000000000000|+1.5200000000000e+00|-2.3064992000002e+00|+3.7379451691817e-02|+1.5689742383998e+00
+0000000000000000009|+0000000000000000003|+0000000000000000000|+1.5100000000000e+00|-2.2861136500002e+00|+3.6847406120543e-02|+1.4599903667751e+00
+0000000000000000009|+0000000000000000003|+0000000000000000000|+1.5000000000000e+00|-2.3361450000002e+00|+3.6703993273346e-02|+1.4294517951001e+00
+0000000000000000009|+0000000000000000003|+0000000000000000000|+1.4900000000000e+00|-2.3198343000002e+00|+3.6583256796275e-02|+1.4505902151001e+00
+0000000000000000009|+0000000000000000003|+0000000000000000000|+1.4800000000000e+00|-2.3384806000002e+00|+3.6755118694101e-02|+1.5463318459750e+00
+0000000000000000009|+0000000000000000003|+0000000000000000000|+1.4700000000000e+00|-2.3772921000002e+00|+3.6587535820352e-02|+1.5158127350998e+00
+0000000000000000009|+0000000000000000003|+0000000000000000000|+1.4600000000000e+00|-2.3999016000002e+00|+3.6654062168593e-02|+1.5762820783997e+00
+0000000000000000009|+0000000000000000003|+0000000000000000000|+1.4500000000000e+00|-2.3511630000002e+00|+3.6264924709967e-02|+1.5295819964000e+00
+0000000000000000009|+0000000000000000003|+0000000000000000000|+1.4400000000000e+00|-2.4279408000002e+00|+3.6470958532115e-02|+1.6028854551001e+00
+0000000000000000009|+0000000000000000003|+0000000000000000000|+1.4300000000000e+00|-2.4268628000002e+00|+3.6397866649948e-02|+1.6339715184000e+00
+0000000000000000009|+0000000000000000003|+0000000000000000000|+1.4200000000000e+00|-2.4376514000002e+00|+3.6138055142895e-02|+1.5903686511003e+00
+0000000000000000009|+0000000000000000003|+0000000000000000000|+1.4100000000000e+00|-2.4614802000002e+00|+3.6296399902269e-02|+1.6886886715997e+00
+0000000000000000009|+0000000000000000003|+0000000000000000000|+1.4000000000000e+00|-2.4484485000002e+00|+3.6041733239931e-02|+1.6637441034937e+00
+0000000000000000009|+0000000000000000003|+0000000000000000000|+1.3900000000000e+00|-2.4954252000002e+00|+3.5929013366926e-02|+1.6479520176000e+00
+0000000000000000009|+0000000000000000003|+0000000000000000000|+1.3800000000000e+00|-2.5078608000002e+00|+3.6141398811519e-02|+1.7800110144004e+00
+0000000000000000009|+0000000000000000003|+0000000000000000000|+1.3700000000000e+00|-2.4936650500002e+00|+3.5805786489415e-02|+1.7251533317752e+00
+0000000000000000009|+0000000000000000003|+0000000000000000000|+1.3600000000000e+00|-2.5184568000002e+00|+3.5761430645958e-02|+1.7530380030999e+00
+0000000000000000009|+0000000000000000003|+0000000000000000000|+1.3500000000000e+00|-2.5294027500002e+00|+3.5601898279381e-02|+1.7470454887749e+00
+0000000000000000009|+0000000000000000003|+0000000000000000000|+1.3400000000000e+00|-2.5537466000002e+00|+3.5566497407992e-02|+1.7801692799001e+00
+0000000000000000009|+0000000000000000003|+0000000000000000000|+1.3300000000000e+00|-2.5787787000002e+00|+3.5692811563709e-02|+1.8789746879000e+00
+0000000000000000009|+0000000000000000003|+0000000000000000000|+1.3200000000000e+00|-2.6237232000003e+00|+3.5595259785962e-02|+1.8742215023996e+00
+0000000000000000009|+0000000000000000003|+0000000000000000000|+1.3100000000000e+00|-2.6458797000002e+00|+3.5726865735835e-02|+1.9822332831001e+00
+0000000000000000009|+0000000000000000003|+0000000000000000000|+1.3000000000000e+00|-2.6560320000002e+00|+3.5375909415792e-02|+1.8996784703997e+00
+0000000000000000009|+0000000000000000003|+0000000000000000000|+1.2900000000000e+00|-2.6523856500002e+00|+3.5294361462033e-02|+1.9404460847752e+00
+0000000000000000009|+0000000000000000003|+0000000000000000000|+1.2800000000000e+00|-2.6677696000003e+00|+3.5073977899921e-02|+1.9078759675996e+00
+0000000000000000009|+0000000000000000003|+0000000000000000000|+1.2700000000000e+00|-2.7188451000002e+00|+3.5360697172772e-02|+2.0674594764335e+00
+0000000000000000009|+0000000000000000003|+0000000000000000000|+1.2600000000000e+00|-2.7200352000003e+00|+3.5160742251206e-02|+2.0561207651554e+00
+0000000000000000009|+0000000000000000003|+0000000000000000000|+1.2500000000000e+00|-2.7272291666669e+00|+3.4985416976532e-02|+2.0509014863893e+00
+0000000000000000009|+0000000000000000003|+0000000000000000000|+1.2400000000000e+00|-2.7761670666669e+00|+3.4938557376363e-02|+2.0703434247886e+00
+0000000000000000009|+0000000000000000003|+0000000000000000000|+1.2300000000000e+00|-2.7941685500002e+00|+3.4902198846456e-02|+2.1208205189971e+00
+0000000000000000009|+0000000000000000003|+0000000000000000000|+1.2200000000000e+00|-2.7931844000002e+00|+3.4535091017846e-02|+2.0342968796001e+00
+0000000000000000009|+0000000000000000003|+0000000000000000000|+1.2100000000000e+00|-2.8108926000002e+00|+3.4719145228982e-02|+2.1902909564001e+00
+0000000000000000009|+0000000000000000003|+0000000000000000000|+1.2000000000000e+00|-2.8503720000003e+00|+3.4621798524267e-02|+2.1979474038997e+00
+0000000000000000009|+0000000000000000003|+0000000000000000000|+1.1900000000000e+00|-2.8720529750003e+00|+3.4592025910317e-02|+2.2541790249935e+00
+0000000000000000009|+0000000000000000003|+0000000000000000000|+1.1800000000000e+00|-2.8986944000003e+00|+3.4362979413554e-02|+2.2094967935999e+00
+0000000000000000009|+0000000000000000003|+0000000000000000000|+1.1700000000000e+00|-2.9157876000003e+00|+3.4463331185310e-02|+2.3373166416002e+00
+0000000000000000009|+0000000000000000003|+0000000000000000000|+1.1600000000000e+00|-2.9414683111114e+00|+3.4294973076268e-02|+2.3247416743100e+00
+0000000000000000009|+0000000000000000003|+0000000000000000000|+1.1500000000000e+00|-2.9727996666669e+00|+3.4332102132607e-02|+2.4136363391558e+00
+0000000000000000009|+0000000000000000003|+0000000000000000000|+1.1400000000000e+00|-2.9693826000003e+00|+3.4152246489446e-02|+2.4218966319002e+00
+0000000000000000009|+0000000000000000003|+0000000000000000000|+1.1300000000000e+00|-2.9911805666669e+00|+3.3997636388251e-02|+2.4216484613226e+00
+0000000000000000009|+0000000000000000003|+0000000000000000000|+1.1200000000000e+00|-3.0538400000003e+00|+3.4129137071421e-02|+2.5402697500001e+00
+0000000000000000009|+0000000000000000003|+0000000000000000000|+1.1100000000000e+00|-3.0610314000003e+00|+3.3889738520076e-02|+2.5089281723997e+00
+0000000000000000009|+0000000000000000003|+0000000000000000000|+1.1000000000000e+00|-3.0653820000003e+00|+3.3623056827164e-02|+2.4645031355996e+00
+0000000000000000009|+0000000000000000003|+0000000000000000000|+1.0900000000000e+00|-3.1251222500003e+00|+3.3806340606048e-02|+2.6228099743752e+00
+0000000000000000009|+0000000000000000003|+0000000000000000000|+1.0800000000000e+00|-3.1217796000003e+00|+3.3689094942047e-02|+2.6722344453223e+00
+0000000000000000009|+0000000000000000003|+0000000000000000000|+1.0700000000000e+00|-3.1517091000003e+00|+3.3605353085087e-02|+2.7117997230999e+00
+0000000000000000009|+0000000000000000003|+0000000000000000000|+1.0600000000000e+00|-3.1877136000003e+00|+3.3526651900784e-02|+2.7503234463998e+00
+0000000000000000009|+0000000000000000003|+0000000000000000000|+1.0500000000000e+00|-3.2370772500003e+00|+3.3617289245520e-02|+2.8808708639750e+00
+0000000000000000009|+0000000000000000003|+0000000000000000000|+1.0400000000000e+00|-3.2507317333336e+00|+3.3428986067499e-02|+2.8782291006223e+00
+0000000000000000009|+0000000000000000003|+0000000000000000000|+1.0300000000000e+00|-3.2695938500003e+00|+3.3335282863097e-02|+2.9301705429750e+00
+0000000000000000009|+0000000000000000003|+0000000000000000000|+1.0200000000000e+00|-3.3050094000003e+00|+3.3195232430832e-02|+2.9383151191008e+00
+0000000000000000009|+0000000000000000003|+0000000000000000000|+1.0100000000000e+00|-3.3559214000004e+00|+3.3058535048852e-02|+2.9341181403992e+00
+0000000000000000009|+0000000000000000003|+0000000000000000000|+1.0000000000000e+00|-3.3575600000004e+00|+3.2969983115233e-02|+3.0115508463996e+00
+0000000000000000009|+0000000000000000003|+0000000000000000000|+9.9000000000004e-01|-3.4236085500004e+00|+3.2996467702995e-02|+3.1039767139745e+00
+0000000000000000009|+0000000000000000003|+0000000000000000000|+9.8000000000004e-01|-3.4376913000003e+00|+3.2744694005122e-02|+3.0634529007749e+00
+0000000000000000009|+0000000000000000003|+0000000000000000000|+9.7000000000004e-01|-3.4778038000004e+00|+3.2991750044939e-02|+3.3425417883999e+00
+0000000000000000009|+0000000000000000003|+0000000000000000000|+9.6000000000004e-01|-3.4986912000003e+00|+3.2754730210146e-02|+3.3082759191002e+00
+0000000000000000009|+0000000000000000003|+0000000000000000000|+9.5000000000004e-01|-3.5346345000003e+00|+3.2647086330417e-02|+3.3510845999002e+00
+0000000000000000009|+0000000000000000003|+0000000000000000000|+9.4000000000004e-01|-3.5560162000004e+00|+3.2490488363786e-02|+3.3755177471002e+00
+0000000000000000009|+0000000000000000003|+0000000000000000000|+9.3000000000004e-01|-3.5657784000003e+00|+3.2289725883773e-02|+3.3807925056001e+00
+0000000000000000009|+0000000000000000003|+0000000000000000000|+9.2000000000004e-01|-3.6554596000004e+00|+3.2442934208775e-02|+3.5696649631002e+00
+0000000000000000009|+0000000000000000003|+0000000000000000000|+9.1000000000004e-01|-3.6666676000003e+00|+3.2238986640978e-02|+3.5754325904007e+00
+0000000000000000009|+0000000000000000003|+0000000000000000000|+9.0000000000004e-01|-3.6727470000004e+00|+3.2065606772880e-02|+3.6117665110997e+00
+0000000000000000009|+0000000000000000003|+0000000000000000000|+8.9000000000004e-01|-3.7494189000004e+00|+3.1940079580376e-02|+3.6089936199003e+00
+0000000000000000009|+0000000000000000003|+0000000000000000000|+8.8000000000004e-01|-3.7991978666671e+00|+3.1974837252857e-02|+3.7701261112887e+00
+0000000000000000009|+0000000000000000003|+0000000000000000000|+8.7000000000004e-01|-3.7715641500004e+00|+3.1664065280639e-02|+3.7374380729745e+00
+0000000000000000009|+0000000000000000003|+0000000000000000000|+8.6000000000004e-01|-3.8386030000004e+00|+3.1624235842180e-02|+3.8246677308335e+00
+0000000000000000009|+0000000000000000003|+0000000000000000000|+8.5000000000004e-01|-3.8715820000004e+00|+3.1580371573409e-02|+3.9534348335999e+00
+0000000000000000009|+0000000000000000003|+0000000000000000000|+8.4000000000004e-01|-3.9307496000004e+00|+3.1483148487310e-02|+4.0094466186229e+00
+0000000000000000009|+0000000000000000003|+0000000000000000000|+8.3000000000004e-01|-3.9787986000004e+00|+3.1317636654137e-02|+4.0202642236012e+00
+0000000000000000009|+0000000000000000003|+0000000000000000000|+8.2000000000004e-01|-3.9973504500004e+00|+3.1216460507708e-02|+4.1283049224942e+00
+0000000000000000009|+0000000000000000003|+0000000000000000000|+8.1000000000004e-01|-4.0214430000005e+00|+3.1059204935031e-02|+4.1813879099994e+00
+0000000000000000009|+0000000000000000003|+0000000000000000000|+8.0000000000004e-01|-4.0985946666671e+00|+3.1068808091947e-02|+4.3326052474559e+00
+0000000000000000009|+0000000000000000003|+0000000000000000000|+7.9000000000004e-01|-4.1753613000004e+00|+3.1105859502607e-02|+4.5204966391011e+00
+0000000000000000009|+0000000000000000003|+0000000000000000000|+7.8000000000004e-01|-4.1997690000005e+00|+3.0786205984367e-02|+4.4233023975000e+00
+0000000000000000009|+0000000000000000003|+0000000000000000000|+7.7000000000004e-01|-4.2382341200004e+00|+3.0704230739517e-02|+4.5507080972653e+00
+0000000000000000009|+0000000000000000003|+0000000000000000000|+7.6000000000004e-01|-4.2656500000005e+00|+3.0429268729130e-02|+4.4954709374994e+00
+0000000000000000009|+0000000000000000003|+0000000000000000000|+7.5000000000004e-01|-4.3155625000005e+00|+3.0308657258776e-02|+4.5752116597226e+00
+0000000000000000009|+0000000000000000003|+0000000000000000000|+7.4000000000004e-01|-4.3771051200005e+00|+3.0268512805453e-02|+4.7331166962570e+00
+0000000000000000009|+0000000000000000003|+0000000000000000000|+7.3000000000004e-01|-4.3926665500005e+00|+2.9898785022737e-02|+4.5915423897765e+00
+0000000000000000009|+0000000000000000003|+0000000000000000000|+7.2000000000004e-01|-4.4739636000005e+00|+2.9987549388028e-02|+4.8811306671966e+00
+0000000000000000009|+0000000000000000003|+0000000000000000000|+7.1000000000004e-01|-4.5001978500005e+00|+2.9693338333198e-02|+4.8123809677750e+00
+0000000000000000009|+0000000000000000003|+0000000000000000000|+7.0000000000004e-01|-4.5814640000005e+00|+2.9600052893821e-02|+4.9055721429340e+00
+0000000000000000009|+0000000000000000003|+0000000000000000000|+6.9000000000004e-01|-4.5743211000006e+00|+2.9463917013021e-02|+5.0810215839002e+00
+0000000000000000009|+0000000000000000003|+0000000000000000000|+6.8000000000004e-01|-4.6413012000006e+00|+2.9085159427754e-02|+4.8497712519003e+00
+0000000000000000009|+0000000000000000003|+0000000000000000000|+6.7000000000004e-01|-4.7134916000005e+00|+2.9022706555776e-02|+5.0106778096011e+00
+0000000000000000009|+0000000000000000003|+0000000000000000000|+6.6000000000004e-01|-4.7617536000006e+00|+2.8955952210308e-02|+5.2132136383996e+00
+0000000000000000009|+0000000000000000003|+0000000000000000000|+6.5000000000004e-01|-4.8112370000006e+00|+2.8750642913333e-02|+5.2375479995992e+00
+0000000000000000009|+0000000000000000003|+0000000000000000000|+6.4000000000004e-01|-4.8665472000006e+00|+2.8370643382868e-02|+5.0135228470992e+00
+0000000000000000009|+0000000000000000003|+0000000000000000000|+6.3000000000004e-01|-4.9164042000006e+00|+2.8256836509124e-02|+5.1684429332906e+00
+0000000000000000009|+0000000000000000003|+0000000000000000000|+6.2000000000004e-01|-4.9764954000006e+00|+2.7993375271373e-02|+5.0990629911006e+00
+0000000000000000009|+0000000000000000003|+0000000000000000000|+6.1000000000004e-01|-5.0144780500006e+00|+2.7805189474505e-02|+5.1778577749760e+00
+0000000000000000009|+0000000000000000003|+0000000000000000000|+6.0000000000004e-01|-5.0800950000007e+00|+2.7637875900943e-02|+5.2491694193719e+00
+0000000000000000009|+0000000000000000003|+0000000000000000000|+5.9000000000004e-01|-5.1416249142864e+00|+2.7378076463550e-02|+5.1889757251920e+00
+0000000000000000009|+0000000000000000003|+0000000000000000000|+5.8000000000004e-01|-5.1749974000007e+00|+2.7233030708967e-02|+5.3630781390986e+00
+0000000000000000009|+0000000000000000003|+0000000000000000000|+5.7000000000004e-01|-5.2343802000008e+00|+2.6747337179417e-02|+4.9396378203975e+00
+0000000000000000009|+0000000000000000003|+0000000000000000000|+5.6000000000004e-01|-5.2860362666674e+00|+2.6559645473765e-02|+5.0167791862838e+00
+0000000000000000009|+0000000000000000003|+0000000000000000000|+5.5000000000004e-01|-5.2931075000007e+00|+2.6298021131561e-02|+5.0544080775007e+00
+0000000000000000009|+0000000000000000003|+0000000000000000000|+5.4000000000004e-01|-5.3662428000007e+00|+2.6061876856578e-02|+5.0197665275996e+00
+0000000000000000009|+0000000000000000003|+0000000000000000000|+5.3000000000004e-01|-5.4296136000008e+00|+2.5809111699053e-02|+4.9759385855972e+00
+0000000000000000009|+0000000000000000003|+0000000000000000000|+5.2000000000004e-01|-5.4678826000008e+00|+2.5375719591302e-02|+4.6424873099780e+00
+0000000000000000009|+0000000000000000003|+0000000000000000000|+5.1000000000004e-01|-5.5154616000008e+00|+2.5024011213360e-02|+4.4348318144002e+00
+0000000000000000009|+0000000000000000003|+0000000000000000000|+5.0000000000004e-01|-5.5539800000009e+00|+2.4768739673357e-02|+4.4292046383965e+00
+0000000000000000009|+0000000000000000003|+0000000000000000000|+4.9000000000004e-01|-5.6207131666675e+00|+2.4424706506627e-02|+4.1895745997220e+00
+0000000000000000009|+0000000000000000003|+0000000000000000000|+4.8000000000004e-01|-5.6476704000009e+00|+2.4128541289248e-02|+4.1250046395993e+00
+0000000000000000009|+0000000000000000003|+0000000000000000000|+4.7000000000004e-01|-5.6838500200009e+00|+2.3787462939414e-02|+3.9450365692444e+00
+0000000000000000009|+0000000000000000003|+0000000000000000000|+4.6000000000004e-01|-5.7317892000009e+00|+2.3469425567537e-02|+3.7852812796036e+00
+0000000000000000009|+0000000000000000003|+0000000000000000000|+4.5000000000004e-01|-5.7780135000009e+00|+2.3112473808020e-02|+3.5369095990999e+00
+0000000000000000009|+0000000000000000003|+0000000000000000000|+4.4000000000004e-01|-5.8264612000010e+00|+2.2832534842945e-02|+3.4560032071016e+00
+0000000000000000009|+0000000000000000003|+0000000000000000000|+4.3000000000004e-01|-5.8259963500010e+00|+2.2472172620441e-02|+3.2953055369695e+00
+0000000000000000009|+0000000000000000003|+0000000000000000000|+4.2000000000004e-01|-5.8849872000010e+00|+2.2093396800900e-02|+2.9421716544043e+00
+0000000000000000009|+0000000000000000003|+0000000000000000000|+4.1000000000004e-01|-5.9058533000011e+00|+2.1796178943331e-02|+2.8784011831020e+00
+0000000000000000009|+0000000000000000003|+0000000000000000000|+4.0000000000004e-01|-5.9195728888900e+00|+2.1428736270830e-02|+2.6476189709580e+00
+0000000000000000009|+0000000000000000003|+0000000000000000000|+3.9000000000004e-01|-5.9511537000011e+00|+2.1071886800642e-02|+2.3921772911008e+00
+0000000000000000009|+0000000000000000003|+0000000000000000000|+3.8000000000004e-01|-5.9542408000011e+00|+2.0565761659052e-02|+1.7761154544037e+00
+0000000000000000009|+0000000000000000003|+0000000000000000000|+3.7000000000004e-01|-5.9877647000012e+00|+2.0491707123847e-02|+2.3243810038971e+00
+0000000000000000009|+0000000000000000003|+0000000000000000000|+3.6000000000004e-01|-6.0148261894749e+00|+2.0080143419630e-02|+1.9010876323926e+00
+0000000000000000009|+0000000000000000003|+0000000000000000000|+3.5000000000004e-01|-6.0117635000012e+00|+1.9673449849224e-02|+1.5587103679133e+00
+0000000000000000009|+0000000000000000003|+0000000000000000000|+3.4000000000004e-01|-6.0526038000013e+00|+1.9325932194545e-02|+1.2686658150980e+00
+0000000000000000009|+0000000000000000003|+0000000000000000000|+3.3000000000004e-01|-6.0598996800013e+00|+1.9063984679622e-02|+1.3702919075841e+00
+0000000000000000009|+0000000000000000003|+0000000000000000000|+3.2000000000004e-01|-6.0514816000013e+00|+1.8728016487243e-02|+1.2750113756065e+00
+0000000000000000009|+0000000000000000003|+0000000000000000000|+3.1000000000004e-01|-6.0788740000014e+00|+1.8322874686741e-02|+8.0635483998412e-01
+0000000000000000009|+0000000000000000003|+0000000000000000000|+3.0000000000004e-01|-6.0908835000014e+00|+1.8103328616404e-02|+1.1079143269709e+00
+0000000000000000009|+0000000000000000003|+0000000000000000000|+2.9000000000004e-01|-6.0889788000015e+00|+1.7654812719378e-02|+5.4469176159431e-01
+0000000000000000009|+0000000000000000003|+0000000000000000000|+2.8000000000004e-01|-6.1039822000015e+00|+1.7383937641895e-02|+6.7086303678804e-01
+0000000000000000009|+0000000000000000003|+0000000000000000000|+2.7000000000004e-01|-6.1171101000016e+00|+1.7082732267470e-02|+7.0350988309869e-01
+0000000000000000009|+0000000000000000003|+0000000000000000000|+2.6000000000004e-01|-6.1140801000017e+00|+1.6696951461191e-02|+4.1334714178446e-01
+0000000000000000009|+0000000000000000003|+0000000000000000000|+2.5000000000004e-01|-6.1252712500017e+00|+1.6372592535121e-02|+3.8451182278181e-01
+0000000000000000009|+0000000000000000003|+0000000000000000000|+2.4000000000004e-01|-6.1332192000018e+00|+1.5973076572555e-02|-1.4513806404473e-02
+0000000000000000009|+0000000000000000003|+0000000000000000000|+2.3000000000004e-01|-6.1260322000019e+00|+1.5612330138116e-02|-1.2821601961809e-01
+0000000000000000009|+0000000000000000003|+0000000000000000000|+2.2000000000004e-01|-6.1337500500020e+00|+1.5339324920004e-02|+2.7455752323627e-01
+0000000000000000009|+0000000000000000003|+0000000000000000000|+2.1000000000004e-01|-6.1466409000021e+00|+1.5011094764919e-02|+3.9251107589480e-01
+0000000000000000009|+0000000000000000003|+0000000000000000000|+2.0000000000004e-01|-6.1307600000022e+00|+1.4611201557751e-02|+2.1266556001012e-01
+0000000000000000009|+0000000000000000003|+0000000000000000000|+1.9000000000004e-01|-6.1456829000023e+00|+1.4182026482570e-02|-3.2083460811366e-01
+0000000000000000009|+0000000000000000003|+0000000000000000000|+1.8000000000004e-01|-6.1546878000024e+00|+1.3869591623780e-02|+1.7344285591292e-01
+0000000000000000009|+0000000000000000003|+0000000000000000000|+1.7000000000004e-01|-6.1415743523835e+00|+1.3454954789557e-02|+3.8387826169718e-02
+0000000000000000009|+0000000000000000003|+0000000000000000000|+1.6000000000004e-01|-6.1465352000027e+00|+1.3058953416816e-02|+6.8221685952707e-02
+0000000000000000009|+0000000000000000003|+0000000000000000000|+1.5000000000004e-01|-6.1408965000029e+00|+1.2704217206984e-02|+7.8557672385108e-01
+0000000000000000009|+0000000000000000003|+0000000000000000000|+1.4000000000004e-01|-6.1434199565248e+00|+1.2202172674157e-02|-6.6199348590416e-02
+0000000000000000009|+0000000000000000003|+0000000000000000000|+1.3000000000004e-01|-6.1371135000034e+00|+1.1703934138534e-02|-7.7757360259199e-01
+0000000000000000009|+0000000000000000003|+0000000000000000000|+1.2000000000004e-01|-6.1443212000036e+00|+1.1298844963660e-02|-5.6057831264212e-02
+0000000000000000009|+0000000000000000003|+0000000000000000000|+1.1000000000004e-01|-6.1437705000040e+00|+1.0789301772420e-02|-5.6535840248846e-01
+0000000000000000009|+0000000000000000003|+0000000000000000000|+1.0000000000004e-01|-6.1413890000044e+00|+1.0318878198642e-02|+5.4709353598653e-02
+0000000000000000009|+0000000000000000003|+0000000000000000000|+9.0000000000041e-02|-6.1422539000048e+00|+9.7778831038942e-03|-2.2573803267699e-01
+0000000000000000009|+0000000000000000003|+0000000000000000000|+8.0000000000041e-02|-6.1346968000054e+00|+9.2424683461368e-03|+5.2672563615670e-01
+0000000000000000009|+0000000000000000003|+0000000000000000000|+7.0000000000041e-02|-6.1448162227335e+00|+8.6361843552622e-03|+1.2756794056239e-01
+0000000000000000009|+0000000000000000003|+0000000000000000000|+6.0000000000041e-02|-6.1418107680073e+00|+7.9882470112660e-03|-1.2543195588839e-01
+0000000000000000009|+0000000000000000003|+0000000000000000000|+5.0000000000041e-02|-6.1382565000087e+00|+7.2852576494385e-03|-4.8644391715109e-01
+0000000000000000009|+0000000000000000003|+0000000000000000000|+4.0000000000041e-02|-6.1421618833442e+00|+6.5245674051461e-03|-1.8279419435316e-02
+0000000000000000009|+0000000000000000003|+0000000000000000000|+3.0000000000041e-02|-6.1432675565363e+00|+5.6490047601932e-03|-2.4154460493287e-01
+0000000000000000009|+0000000000000000003|+0000000000000000000|+2.0000000000041e-02|-6.1435989217609e+00|+4.6152993389641e-03|+2.9150114702986e-01
+0000000000000000009|+0000000000000000003|+0000000000000000000|+1.0000000000041e-02|-6.1437959870002e+00|+3.2625346022936e-03|-7.2836908379486e-02
