#
# QHS - DATA
#
# ----------------------------------------
#
# Size                 = +0000000000000000008
# Model                = Open-1D
# Algorithm            = SSE
# Start-Temperature    = +0.0000000000000e+00
# End-Temperature      = +4.0000000000000e+00
# Temperature-Step     = +1.0000000000000e-02
#
# Size              | Model-Index        | Algorithm-Index    | Temperature        | AverageEnergy      | StdDvOfEnergy      | AverageCHeat       | StdDvOfCHeat      
# ------------------------------------------------------------------------------------------------------
+0000000000000000008|+0000000000000000000|+0000000000000000000|+4.0000000000000e+00|-3.3548000000000e-01|+0.0000000000000e+00|+8.5873323100000e-02|+0.0000000000000e+00
+0000000000000000008|+0000000000000000000|+0000000000000000000|+3.9900000000000e+00|-3.7271990000000e-01|+0.0000000000000e+00|+9.2705359900000e-02|+0.0000000000000e+00
+0000000000000000008|+0000000000000000000|+0000000000000000000|+3.9800000000000e+00|-3.5633540000000e-01|+0.0000000000000e+00|+9.2035607100000e-02|+0.0000000000000e+00
+0000000000000000008|+0000000000000000000|+0000000000000000000|+3.9700000000000e+00|-3.4600120000000e-01|+0.0000000000000e+00|+8.9918238400000e-02|+0.0000000000000e+00
+0000000000000000008|+0000000000000000000|+0000000000000000000|+3.9600000000000e+00|-3.5264120000000e-01|+0.0000000000000e+00|+8.9690859100000e-02|+0.0000000000000e+00
+0000000000000000008|+0000000000000000000|+0000000000000000000|+3.9500000000000e+00|-3.7190050000000e-01|+0.0000000000000e+00|+9.2666903900000e-02|+0.0000000000000e+00
+0000000000000000008|+0000000000000000000|+0000000000000000000|+3.9400000000000e+00|-3.5242340000000e-01|+0.0000000000000e+00|+9.2380367900000e-02|+0.0000000000000e+00
+0000000000000000008|+0000000000000000000|+0000000000000000000|+3.9300000000000e+00|-3.6948830000000e-01|+0.0000000000000e+00|+9.2584723900000e-02|+0.0000000000000e+00
+0000000000000000008|+0000000000000000000|+0000000000000000000|+3.9200000000000e+00|-3.5249200000000e-01|+0.0000000000000e+00|+9.4828677500000e-02|+0.0000000000000e+00
+0000000000000000008|+0000000000000000000|+0000000000000000000|+3.9100000000000e+00|-3.4951360000000e-01|+0.0000000000000e+00|+9.5653958400000e-02|+0.0000000000000e+00
+0000000000000000008|+0000000000000000000|+0000000000000000000|+3.9000000000000e+00|-3.5943200000000e-01|+0.0000000000000e+00|+9.4968825600000e-02|+0.0000000000000e+00
+0000000000000000008|+0000000000000000000|+0000000000000000000|+3.8900000000000e+00|-3.5869120000000e-01|+0.0000000000000e+00|+9.2449273600000e-02|+0.0000000000000e+00
+0000000000000000008|+0000000000000000000|+0000000000000000000|+3.8800000000000e+00|-3.4364800000000e-01|+0.0000000000000e+00|+9.8591840000000e-02|+0.0000000000000e+00
+0000000000000000008|+0000000000000000000|+0000000000000000000|+3.8700000000000e+00|-3.8256350000000e-01|+0.0000000000000e+00|+1.0012389750000e-01|+0.0000000000000e+00
+0000000000000000008|+0000000000000000000|+0000000000000000000|+3.8600000000000e+00|-3.5756000000000e-01|+0.0000000000000e+00|+9.2104000000000e-02|+0.0000000000000e+00
+0000000000000000008|+0000000000000000000|+0000000000000000000|+3.8500000000000e+00|-3.6445850000000e-01|+0.0000000000000e+00|+1.0246837590000e-01|+0.0000000000000e+00
+0000000000000000008|+0000000000000000000|+0000000000000000000|+3.8400000000000e+00|-3.3657920000000e-01|+0.0000000000000e+00|+9.2158175600000e-02|+0.0000000000000e+00
+0000000000000000008|+0000000000000000000|+0000000000000000000|+3.8300000000000e+00|-3.5228700000000e-01|+0.0000000000000e+00|+1.0262879000000e-01|+0.0000000000000e+00
+0000000000000000008|+0000000000000000000|+0000000000000000000|+3.8200000000000e+00|-3.5394140000000e-01|+0.0000000000000e+00|+8.9992407100000e-02|+0.0000000000000e+00
+0000000000000000008|+0000000000000000000|+0000000000000000000|+3.8100000000000e+00|-3.6584540000000e-01|+0.0000000000000e+00|+9.6817484400000e-02|+0.0000000000000e+00
+0000000000000000008|+0000000000000000000|+0000000000000000000|+3.8000000000000e+00|-3.7226200000000e-01|+0.0000000000000e+00|+1.0006891990000e-01|+0.0000000000000e+00
+0000000000000000008|+0000000000000000000|+0000000000000000000|+3.7900000000000e+00|-3.7054290000000e-01|+0.0000000000000e+00|+1.0040855990000e-01|+0.0000000000000e+00
+0000000000000000008|+0000000000000000000|+0000000000000000000|+3.7800000000000e+00|-3.8713640000000e-01|+0.0000000000000e+00|+9.7905455600000e-02|+0.0000000000000e+00
+0000000000000000008|+0000000000000000000|+0000000000000000000|+3.7700000000000e+00|-3.8845710000000e-01|+0.0000000000000e+00|+1.1097012710000e-01|+0.0000000000000e+00
+0000000000000000008|+0000000000000000000|+0000000000000000000|+3.7600000000000e+00|-3.8120560000000e-01|+0.0000000000000e+00|+1.0584642390000e-01|+0.0000000000000e+00
+0000000000000000008|+0000000000000000000|+0000000000000000000|+3.7500000000000e+00|-3.6552500000000e-01|+0.0000000000000e+00|+9.9486060400000e-02|+0.0000000000000e+00
+0000000000000000008|+0000000000000000000|+0000000000000000000|+3.7400000000000e+00|-3.8449280000000e-01|+0.0000000000000e+00|+1.0869868160000e-01|+0.0000000000000e+00
+0000000000000000008|+0000000000000000000|+0000000000000000000|+3.7300000000000e+00|-3.9385480000000e-01|+0.0000000000000e+00|+1.0957094240000e-01|+0.0000000000000e+00
+0000000000000000008|+0000000000000000000|+0000000000000000000|+3.7200000000000e+00|-3.6794480000000e-01|+0.0000000000000e+00|+1.1091196440000e-01|+0.0000000000000e+00
+0000000000000000008|+0000000000000000000|+0000000000000000000|+3.7100000000000e+00|-3.9159750000000e-01|+0.0000000000000e+00|+1.0964243750000e-01|+0.0000000000000e+00
+0000000000000000008|+0000000000000000000|+0000000000000000000|+3.7000000000000e+00|-4.0665600000000e-01|+0.0000000000000e+00|+1.0953090560000e-01|+0.0000000000000e+00
+0000000000000000008|+0000000000000000000|+0000000000000000000|+3.6900000000000e+00|-4.0200800000000e-01|+0.0000000000000e+00|+1.1241776000000e-01|+0.0000000000000e+00
+0000000000000000008|+0000000000000000000|+0000000000000000000|+3.6800000000000e+00|-3.9017760000000e-01|+0.0000000000000e+00|+1.0585633510000e-01|+0.0000000000000e+00
+0000000000000000008|+0000000000000000000|+0000000000000000000|+3.6700000000000e+00|-3.9005040000000e-01|+0.0000000000000e+00|+1.1259106560000e-01|+0.0000000000000e+00
+0000000000000000008|+0000000000000000000|+0000000000000000000|+3.6600000000000e+00|-3.6822500000000e-01|+0.0000000000000e+00|+1.0568843750000e-01|+0.0000000000000e+00
+0000000000000000008|+0000000000000000000|+0000000000000000000|+3.6500000000000e+00|-3.8678300000000e-01|+0.0000000000000e+00|+1.0982342360000e-01|+0.0000000000000e+00
+0000000000000000008|+0000000000000000000|+0000000000000000000|+3.6400000000000e+00|-3.9450600000000e-01|+0.0000000000000e+00|+1.1476227750000e-01|+0.0000000000000e+00
+0000000000000000008|+0000000000000000000|+0000000000000000000|+3.6300000000000e+00|-3.7601840000000e-01|+0.0000000000000e+00|+1.0735893760000e-01|+0.0000000000000e+00
+0000000000000000008|+0000000000000000000|+0000000000000000000|+3.6200000000000e+00|-3.9843380000000e-01|+0.0000000000000e+00|+1.1698961990000e-01|+0.0000000000000e+00
+0000000000000000008|+0000000000000000000|+0000000000000000000|+3.6100000000000e+00|-3.8228260000000e-01|+0.0000000000000e+00|+1.1308076440000e-01|+0.0000000000000e+00
+0000000000000000008|+0000000000000000000|+0000000000000000000|+3.6000000000000e+00|-3.8832800000000e-01|+0.0000000000000e+00|+1.1196775960000e-01|+0.0000000000000e+00
+0000000000000000008|+0000000000000000000|+0000000000000000000|+3.5900000000000e+00|-4.1031840000000e-01|+0.0000000000000e+00|+1.1512490240000e-01|+0.0000000000000e+00
+0000000000000000008|+0000000000000000000|+0000000000000000000|+3.5800000000000e+00|-3.6395420000000e-01|+0.0000000000000e+00|+1.1506155990000e-01|+0.0000000000000e+00
+0000000000000000008|+0000000000000000000|+0000000000000000000|+3.5700000000000e+00|-3.8832290000000e-01|+0.0000000000000e+00|+1.1309493910000e-01|+0.0000000000000e+00
+0000000000000000008|+0000000000000000000|+0000000000000000000|+3.5600000000000e+00|-3.8767320000000e-01|+0.0000000000000e+00|+1.1331577910000e-01|+0.0000000000000e+00
+0000000000000000008|+0000000000000000000|+0000000000000000000|+3.5500000000000e+00|-3.8518300000000e-01|+0.0000000000000e+00|+1.1644586840000e-01|+0.0000000000000e+00
+0000000000000000008|+0000000000000000000|+0000000000000000000|+3.5400000000000e+00|-3.9322220000000e-01|+0.0000000000000e+00|+1.1071451510000e-01|+0.0000000000000e+00
+0000000000000000008|+0000000000000000000|+0000000000000000000|+3.5300000000000e+00|-4.0566510000000e-01|+0.0000000000000e+00|+1.2180215110000e-01|+0.0000000000000e+00
+0000000000000000008|+0000000000000000000|+0000000000000000000|+3.5200000000000e+00|-3.9554560000000e-01|+0.0000000000000e+00|+1.1349317910000e-01|+0.0000000000000e+00
+0000000000000000008|+0000000000000000000|+0000000000000000000|+3.5100000000000e+00|-4.1015930000000e-01|+0.0000000000000e+00|+1.1184591510000e-01|+0.0000000000000e+00
+0000000000000000008|+0000000000000000000|+0000000000000000000|+3.5000000000000e+00|-3.9088000000000e-01|+0.0000000000000e+00|+1.2066757760000e-01|+0.0000000000000e+00
+0000000000000000008|+0000000000000000000|+0000000000000000000|+3.4900000000000e+00|-3.8535650000000e-01|+0.0000000000000e+00|+1.1051957750000e-01|+0.0000000000000e+00
+0000000000000000008|+0000000000000000000|+0000000000000000000|+3.4800000000000e+00|-4.1010560000000e-01|+0.0000000000000e+00|+1.2536668160000e-01|+0.0000000000000e+00
+0000000000000000008|+0000000000000000000|+0000000000000000000|+3.4700000000000e+00|-3.9574390000000e-01|+0.0000000000000e+00|+1.2579854310000e-01|+0.0000000000000e+00
+0000000000000000008|+0000000000000000000|+0000000000000000000|+3.4600000000000e+00|-4.3042280000000e-01|+0.0000000000000e+00|+1.2345316760000e-01|+0.0000000000000e+00
+0000000000000000008|+0000000000000000000|+0000000000000000000|+3.4500000000000e+00|-4.0518050000000e-01|+0.0000000000000e+00|+1.3506240390000e-01|+0.0000000000000e+00
+0000000000000000008|+0000000000000000000|+0000000000000000000|+3.4400000000000e+00|-3.8833840000000e-01|+0.0000000000000e+00|+1.1656100790000e-01|+0.0000000000000e+00
+0000000000000000008|+0000000000000000000|+0000000000000000000|+3.4300000000000e+00|-4.0873910000000e-01|+0.0000000000000e+00|+1.2697340310000e-01|+0.0000000000000e+00
+0000000000000000008|+0000000000000000000|+0000000000000000000|+3.4200000000000e+00|-4.3007900000000e-01|+0.0000000000000e+00|+1.3071749750000e-01|+0.0000000000000e+00
+0000000000000000008|+0000000000000000000|+0000000000000000000|+3.4100000000000e+00|-3.8670600000000e-01|+0.0000000000000e+00|+1.1597244000000e-01|+0.0000000000000e+00
+0000000000000000008|+0000000000000000000|+0000000000000000000|+3.4000000000000e+00|-4.1484800000000e-01|+0.0000000000000e+00|+1.3014764160000e-01|+0.0000000000000e+00
+0000000000000000008|+0000000000000000000|+0000000000000000000|+3.3900000000000e+00|-4.1065040000000e-01|+0.0000000000000e+00|+1.2533223040000e-01|+0.0000000000000e+00
+0000000000000000008|+0000000000000000000|+0000000000000000000|+3.3800000000000e+00|-4.0309380000000e-01|+0.0000000000000e+00|+1.2919825990000e-01|+0.0000000000000e+00
+0000000000000000008|+0000000000000000000|+0000000000000000000|+3.3700000000000e+00|-4.1751660000000e-01|+0.0000000000000e+00|+1.3171948760000e-01|+0.0000000000000e+00
+0000000000000000008|+0000000000000000000|+0000000000000000000|+3.3600000000000e+00|-3.8870720000000e-01|+0.0000000000000e+00|+1.3182228960000e-01|+0.0000000000000e+00
+0000000000000000008|+0000000000000000000|+0000000000000000000|+3.3500000000000e+00|-4.2096750000000e-01|+0.0000000000000e+00|+1.3345119750000e-01|+0.0000000000000e+00
+0000000000000000008|+0000000000000000000|+0000000000000000000|+3.3400000000000e+00|-4.0904280000000e-01|+0.0000000000000e+00|+1.3210118360000e-01|+0.0000000000000e+00
+0000000000000000008|+0000000000000000000|+0000000000000000000|+3.3300000000000e+00|-4.1196920000000e-01|+0.0000000000000e+00|+1.3090742240000e-01|+0.0000000000000e+00
+0000000000000000008|+0000000000000000000|+0000000000000000000|+3.3200000000000e+00|-4.3612040000000e-01|+0.0000000000000e+00|+1.3891725910000e-01|+0.0000000000000e+00
+0000000000000000008|+0000000000000000000|+0000000000000000000|+3.3100000000000e+00|-4.2745040000000e-01|+0.0000000000000e+00|+1.3868653440000e-01|+0.0000000000000e+00
+0000000000000000008|+0000000000000000000|+0000000000000000000|+3.3000000000000e+00|-4.2793400000000e-01|+0.0000000000000e+00|+1.3682639960000e-01|+0.0000000000000e+00
+0000000000000000008|+0000000000000000000|+0000000000000000000|+3.2900000000000e+00|-4.5048360000000e-01|+0.0000000000000e+00|+1.4381305440000e-01|+0.0000000000000e+00
+0000000000000000008|+0000000000000000000|+0000000000000000000|+3.2800000000000e+00|-4.2017920000000e-01|+0.0000000000000e+00|+1.3815251040000e-01|+0.0000000000000e+00
+0000000000000000008|+0000000000000000000|+0000000000000000000|+3.2700000000000e+00|-4.2007010000000e-01|+0.0000000000000e+00|+1.4081522310000e-01|+0.0000000000000e+00
+0000000000000000008|+0000000000000000000|+0000000000000000000|+3.2600000000000e+00|-4.2937520000000e-01|+0.0000000000000e+00|+1.3790100960000e-01|+0.0000000000000e+00
+0000000000000000008|+0000000000000000000|+0000000000000000000|+3.2500000000000e+00|-4.2145500000000e-01|+0.0000000000000e+00|+1.3268894040000e-01|+0.0000000000000e+00
+0000000000000000008|+0000000000000000000|+0000000000000000000|+3.2400000000000e+00|-4.3013120000000e-01|+0.0000000000000e+00|+1.4019250560000e-01|+0.0000000000000e+00
+0000000000000000008|+0000000000000000000|+0000000000000000000|+3.2300000000000e+00|-4.0408700000000e-01|+0.0000000000000e+00|+1.3608439000000e-01|+0.0000000000000e+00
+0000000000000000008|+0000000000000000000|+0000000000000000000|+3.2200000000000e+00|-4.4655520000000e-01|+0.0000000000000e+00|+1.4159773440000e-01|+0.0000000000000e+00
+0000000000000000008|+0000000000000000000|+0000000000000000000|+3.2100000000000e+00|-4.5803060000000e-01|+0.0000000000000e+00|+1.4304862040000e-01|+0.0000000000000e+00
+0000000000000000008|+0000000000000000000|+0000000000000000000|+3.2000000000000e+00|-4.7048000000000e-01|+0.0000000000000e+00|+1.5372279000000e-01|+0.0000000000000e+00
+0000000000000000008|+0000000000000000000|+0000000000000000000|+3.1900000000000e+00|-4.5221650000000e-01|+0.0000000000000e+00|+1.5103687750000e-01|+0.0000000000000e+00
+0000000000000000008|+0000000000000000000|+0000000000000000000|+3.1800000000000e+00|-4.1551640000000e-01|+0.0000000000000e+00|+1.3866623960000e-01|+0.0000000000000e+00
+0000000000000000008|+0000000000000000000|+0000000000000000000|+3.1700000000000e+00|-4.4636620000000e-01|+0.0000000000000e+00|+1.4914502040000e-01|+0.0000000000000e+00
+0000000000000000008|+0000000000000000000|+0000000000000000000|+3.1600000000000e+00|-4.5956680000000e-01|+0.0000000000000e+00|+1.5405740710000e-01|+0.0000000000000e+00
+0000000000000000008|+0000000000000000000|+0000000000000000000|+3.1500000000000e+00|-4.2967400000000e-01|+0.0000000000000e+00|+1.5113135840000e-01|+0.0000000000000e+00
+0000000000000000008|+0000000000000000000|+0000000000000000000|+3.1400000000000e+00|-4.4941300000000e-01|+0.0000000000000e+00|+1.5154979750000e-01|+0.0000000000000e+00
+0000000000000000008|+0000000000000000000|+0000000000000000000|+3.1300000000000e+00|-4.1642950000000e-01|+0.0000000000000e+00|+1.4986837750000e-01|+0.0000000000000e+00
+0000000000000000008|+0000000000000000000|+0000000000000000000|+3.1200000000000e+00|-4.5337520000000e-01|+0.0000000000000e+00|+1.4404743590000e-01|+0.0000000000000e+00
+0000000000000000008|+0000000000000000000|+0000000000000000000|+3.1100000000000e+00|-4.4824130000000e-01|+0.0000000000000e+00|+1.5895135110000e-01|+0.0000000000000e+00
+0000000000000000008|+0000000000000000000|+0000000000000000000|+3.1000000000000e+00|-4.4830300000000e-01|+0.0000000000000e+00|+1.5853464310000e-01|+0.0000000000000e+00
+0000000000000000008|+0000000000000000000|+0000000000000000000|+3.0900000000000e+00|-4.6027700000000e-01|+0.0000000000000e+00|+1.5890591000000e-01|+0.0000000000000e+00
+0000000000000000008|+0000000000000000000|+0000000000000000000|+3.0800000000000e+00|-4.7526920000000e-01|+0.0000000000000e+00|+1.5442819990000e-01|+0.0000000000000e+00
+0000000000000000008|+0000000000000000000|+0000000000000000000|+3.0700000000000e+00|-4.6491290000000e-01|+0.0000000000000e+00|+1.5702103910000e-01|+0.0000000000000e+00
+0000000000000000008|+0000000000000000000|+0000000000000000000|+3.0600000000000e+00|-4.6865300000000e-01|+0.0000000000000e+00|+1.6780249750000e-01|+0.0000000000000e+00
+0000000000000000008|+0000000000000000000|+0000000000000000000|+3.0500000000000e+00|-4.5850500000000e-01|+0.0000000000000e+00|+1.5823919000000e-01|+0.0000000000000e+00
+0000000000000000008|+0000000000000000000|+0000000000000000000|+3.0400000000000e+00|-4.5162880000000e-01|+0.0000000000000e+00|+1.5526539160000e-01|+0.0000000000000e+00
+0000000000000000008|+0000000000000000000|+0000000000000000000|+3.0300000000000e+00|-4.8329180000000e-01|+0.0000000000000e+00|+1.7216255640000e-01|+0.0000000000000e+00
+0000000000000000008|+0000000000000000000|+0000000000000000000|+3.0200000000000e+00|-4.7139120000000e-01|+0.0000000000000e+00|+1.6171148640000e-01|+0.0000000000000e+00
+0000000000000000008|+0000000000000000000|+0000000000000000000|+3.0100000000000e+00|-4.7965750000000e-01|+0.0000000000000e+00|+1.7248943750000e-01|+0.0000000000000e+00
+0000000000000000008|+0000000000000000000|+0000000000000000000|+3.0000000000000e+00|-4.7762000000000e-01|+0.0000000000000e+00|+1.6925434840000e-01|+0.0000000000000e+00
+0000000000000000008|+0000000000000000000|+0000000000000000000|+2.9900000000000e+00|-4.9689530000000e-01|+0.0000000000000e+00|+1.6835283910000e-01|+0.0000000000000e+00
+0000000000000000008|+0000000000000000000|+0000000000000000000|+2.9800000000000e+00|-4.9402940000000e-01|+0.0000000000000e+00|+1.5984581910000e-01|+0.0000000000000e+00
+0000000000000000008|+0000000000000000000|+0000000000000000000|+2.9700000000000e+00|-4.7943050000000e-01|+0.0000000000000e+00|+1.6102457750000e-01|+0.0000000000000e+00
+0000000000000000008|+0000000000000000000|+0000000000000000000|+2.9600000000000e+00|-4.5380880000000e-01|+0.0000000000000e+00|+1.6689507910000e-01|+0.0000000000000e+00
+0000000000000000008|+0000000000000000000|+0000000000000000000|+2.9500000000000e+00|-4.8840100000000e-01|+0.0000000000000e+00|+1.7727291160000e-01|+0.0000000000000e+00
+0000000000000000008|+0000000000000000000|+0000000000000000000|+2.9400000000000e+00|-4.7746160000000e-01|+0.0000000000000e+00|+1.6842163040000e-01|+0.0000000000000e+00
+0000000000000000008|+0000000000000000000|+0000000000000000000|+2.9300000000000e+00|-4.8049180000000e-01|+0.0000000000000e+00|+1.8218321240000e-01|+0.0000000000000e+00
+0000000000000000008|+0000000000000000000|+0000000000000000000|+2.9200000000000e+00|-4.8952320000000e-01|+0.0000000000000e+00|+1.7035235840000e-01|+0.0000000000000e+00
+0000000000000000008|+0000000000000000000|+0000000000000000000|+2.9100000000000e+00|-4.8895400000000e-01|+0.0000000000000e+00|+1.8708364000000e-01|+0.0000000000000e+00
+0000000000000000008|+0000000000000000000|+0000000000000000000|+2.9000000000000e+00|-4.6815200000000e-01|+0.0000000000000e+00|+1.7819858560000e-01|+0.0000000000000e+00
+0000000000000000008|+0000000000000000000|+0000000000000000000|+2.8900000000000e+00|-5.0223480000000e-01|+0.0000000000000e+00|+1.7856033760000e-01|+0.0000000000000e+00
+0000000000000000008|+0000000000000000000|+0000000000000000000|+2.8800000000000e+00|-5.0596160000000e-01|+0.0000000000000e+00|+1.7140977760000e-01|+0.0000000000000e+00
+0000000000000000008|+0000000000000000000|+0000000000000000000|+2.8700000000000e+00|-4.7631640000000e-01|+0.0000000000000e+00|+1.7303848160000e-01|+0.0000000000000e+00
+0000000000000000008|+0000000000000000000|+0000000000000000000|+2.8600000000000e+00|-4.8840760000000e-01|+0.0000000000000e+00|+1.7382332440000e-01|+0.0000000000000e+00
+0000000000000000008|+0000000000000000000|+0000000000000000000|+2.8500000000000e+00|-4.9702550000000e-01|+0.0000000000000e+00|+1.8005813510000e-01|+0.0000000000000e+00
+0000000000000000008|+0000000000000000000|+0000000000000000000|+2.8400000000000e+00|-4.6023000000000e-01|+0.0000000000000e+00|+1.7158693750000e-01|+0.0000000000000e+00
+0000000000000000008|+0000000000000000000|+0000000000000000000|+2.8300000000000e+00|-5.1377360000000e-01|+0.0000000000000e+00|+1.8926799360000e-01|+0.0000000000000e+00
+0000000000000000008|+0000000000000000000|+0000000000000000000|+2.8200000000000e+00|-4.7808200000000e-01|+0.0000000000000e+00|+1.8374199000000e-01|+0.0000000000000e+00
+0000000000000000008|+0000000000000000000|+0000000000000000000|+2.8100000000000e+00|-5.0308610000000e-01|+0.0000000000000e+00|+1.8678072390000e-01|+0.0000000000000e+00
+0000000000000000008|+0000000000000000000|+0000000000000000000|+2.8000000000000e+00|-4.9434000000000e-01|+0.0000000000000e+00|+1.8827759750000e-01|+0.0000000000000e+00
+0000000000000000008|+0000000000000000000|+0000000000000000000|+2.7900000000000e+00|-5.1690290000000e-01|+0.0000000000000e+00|+1.9704749990000e-01|+0.0000000000000e+00
+0000000000000000008|+0000000000000000000|+0000000000000000000|+2.7800000000000e+00|-5.1845220000000e-01|+0.0000000000000e+00|+1.9438031990000e-01|+0.0000000000000e+00
+0000000000000000008|+0000000000000000000|+0000000000000000000|+2.7700000000000e+00|-4.9602680000000e-01|+0.0000000000000e+00|+1.8599849440000e-01|+0.0000000000000e+00
+0000000000000000008|+0000000000000000000|+0000000000000000000|+2.7600000000000e+00|-5.2120400000000e-01|+0.0000000000000e+00|+1.8419559000000e-01|+0.0000000000000e+00
+0000000000000000008|+0000000000000000000|+0000000000000000000|+2.7500000000000e+00|-4.9864750000000e-01|+0.0000000000000e+00|+1.8838306390000e-01|+0.0000000000000e+00
+0000000000000000008|+0000000000000000000|+0000000000000000000|+2.7400000000000e+00|-5.1373320000000e-01|+0.0000000000000e+00|+2.0372660760000e-01|+0.0000000000000e+00
+0000000000000000008|+0000000000000000000|+0000000000000000000|+2.7300000000000e+00|-5.3099690000000e-01|+0.0000000000000e+00|+1.9888961910000e-01|+0.0000000000000e+00
+0000000000000000008|+0000000000000000000|+0000000000000000000|+2.7200000000000e+00|-5.1660320000000e-01|+0.0000000000000e+00|+1.9911444390000e-01|+0.0000000000000e+00
+0000000000000000008|+0000000000000000000|+0000000000000000000|+2.7100000000000e+00|-5.4233480000000e-01|+0.0000000000000e+00|+2.0454702560000e-01|+0.0000000000000e+00
+0000000000000000008|+0000000000000000000|+0000000000000000000|+2.7000000000000e+00|-5.4068000000000e-01|+0.0000000000000e+00|+2.0275744000000e-01|+0.0000000000000e+00
+0000000000000000008|+0000000000000000000|+0000000000000000000|+2.6900000000000e+00|-5.1799280000000e-01|+0.0000000000000e+00|+2.0726866560000e-01|+0.0000000000000e+00
+0000000000000000008|+0000000000000000000|+0000000000000000000|+2.6800000000000e+00|-5.2585600000000e-01|+0.0000000000000e+00|+2.1305936000000e-01|+0.0000000000000e+00
+0000000000000000008|+0000000000000000000|+0000000000000000000|+2.6700000000000e+00|-5.2772360000000e-01|+0.0000000000000e+00|+2.0689451360000e-01|+0.0000000000000e+00
+0000000000000000008|+0000000000000000000|+0000000000000000000|+2.6600000000000e+00|-5.4143040000000e-01|+0.0000000000000e+00|+2.1528112640000e-01|+0.0000000000000e+00
+0000000000000000008|+0000000000000000000|+0000000000000000000|+2.6500000000000e+00|-5.4598650000000e-01|+0.0000000000000e+00|+2.1321371190000e-01|+0.0000000000000e+00
+0000000000000000008|+0000000000000000000|+0000000000000000000|+2.6400000000000e+00|-5.2076960000000e-01|+0.0000000000000e+00|+2.1487918040000e-01|+0.0000000000000e+00
+0000000000000000008|+0000000000000000000|+0000000000000000000|+2.6300000000000e+00|-5.2150470000000e-01|+0.0000000000000e+00|+2.1125958390000e-01|+0.0000000000000e+00
+0000000000000000008|+0000000000000000000|+0000000000000000000|+2.6200000000000e+00|-5.2861400000000e-01|+0.0000000000000e+00|+2.2604191000000e-01|+0.0000000000000e+00
+0000000000000000008|+0000000000000000000|+0000000000000000000|+2.6100000000000e+00|-5.3020040000000e-01|+0.0000000000000e+00|+2.2029315040000e-01|+0.0000000000000e+00
+0000000000000000008|+0000000000000000000|+0000000000000000000|+2.6000000000000e+00|-5.5404200000000e-01|+0.0000000000000e+00|+2.2930273110000e-01|+0.0000000000000e+00
+0000000000000000008|+0000000000000000000|+0000000000000000000|+2.5900000000000e+00|-5.5352010000000e-01|+0.0000000000000e+00|+2.3116542790000e-01|+0.0000000000000e+00
+0000000000000000008|+0000000000000000000|+0000000000000000000|+2.5800000000000e+00|-5.6841380000000e-01|+0.0000000000000e+00|+2.2508006790000e-01|+0.0000000000000e+00
+0000000000000000008|+0000000000000000000|+0000000000000000000|+2.5700000000000e+00|-5.4174610000000e-01|+0.0000000000000e+00|+2.2863760710000e-01|+0.0000000000000e+00
+0000000000000000008|+0000000000000000000|+0000000000000000000|+2.5600000000000e+00|-5.6057920000000e-01|+0.0000000000000e+00|+2.3288739510000e-01|+0.0000000000000e+00
+0000000000000000008|+0000000000000000000|+0000000000000000000|+2.5500000000000e+00|-5.4928400000000e-01|+0.0000000000000e+00|+2.2967317760000e-01|+0.0000000000000e+00
+0000000000000000008|+0000000000000000000|+0000000000000000000|+2.5400000000000e+00|-5.6223820000000e-01|+0.0000000000000e+00|+2.3225929110000e-01|+0.0000000000000e+00
+0000000000000000008|+0000000000000000000|+0000000000000000000|+2.5300000000000e+00|-5.6140800000000e-01|+0.0000000000000e+00|+2.4227504000000e-01|+0.0000000000000e+00
+0000000000000000008|+0000000000000000000|+0000000000000000000|+2.5200000000000e+00|-5.6603120000000e-01|+0.0000000000000e+00|+2.3152871640000e-01|+0.0000000000000e+00
+0000000000000000008|+0000000000000000000|+0000000000000000000|+2.5100000000000e+00|-5.5006360000000e-01|+0.0000000000000e+00|+2.2462435040000e-01|+0.0000000000000e+00
+0000000000000000008|+0000000000000000000|+0000000000000000000|+2.5000000000000e+00|-5.7122500000000e-01|+0.0000000000000e+00|+2.3808631990000e-01|+0.0000000000000e+00
+0000000000000000008|+0000000000000000000|+0000000000000000000|+2.4900000000000e+00|-5.8776140000000e-01|+0.0000000000000e+00|+2.4894190040000e-01|+0.0000000000000e+00
+0000000000000000008|+0000000000000000000|+0000000000000000000|+2.4800000000000e+00|-5.4675280000000e-01|+0.0000000000000e+00|+2.4086026790000e-01|+0.0000000000000e+00
+0000000000000000008|+0000000000000000000|+0000000000000000000|+2.4700000000000e+00|-5.7753040000000e-01|+0.0000000000000e+00|+2.5229301760000e-01|+0.0000000000000e+00
+0000000000000000008|+0000000000000000000|+0000000000000000000|+2.4600000000000e+00|-5.9027180000000e-01|+0.0000000000000e+00|+2.4509123110000e-01|+0.0000000000000e+00
+0000000000000000008|+0000000000000000000|+0000000000000000000|+2.4500000000000e+00|-5.8093000000000e-01|+0.0000000000000e+00|+2.4821804000000e-01|+0.0000000000000e+00
+0000000000000000008|+0000000000000000000|+0000000000000000000|+2.4400000000000e+00|-5.7044000000000e-01|+0.0000000000000e+00|+2.4599900000000e-01|+0.0000000000000e+00
+0000000000000000008|+0000000000000000000|+0000000000000000000|+2.4300000000000e+00|-5.6778260000000e-01|+0.0000000000000e+00|+2.6296740760000e-01|+0.0000000000000e+00
+0000000000000000008|+0000000000000000000|+0000000000000000000|+2.4200000000000e+00|-6.0557960000000e-01|+0.0000000000000e+00|+2.5829137560000e-01|+0.0000000000000e+00
+0000000000000000008|+0000000000000000000|+0000000000000000000|+2.4100000000000e+00|-5.7377020000000e-01|+0.0000000000000e+00|+2.5325979160000e-01|+0.0000000000000e+00
+0000000000000000008|+0000000000000000000|+0000000000000000000|+2.4000000000000e+00|-5.9501600000000e-01|+0.0000000000000e+00|+2.5281513190000e-01|+0.0000000000000e+00
+0000000000000000008|+0000000000000000000|+0000000000000000000|+2.3900000000000e+00|-5.9234340000000e-01|+0.0000000000000e+00|+2.7516239640000e-01|+0.0000000000000e+00
+0000000000000000008|+0000000000000000000|+0000000000000000000|+2.3800000000000e+00|-6.0120200000000e-01|+0.0000000000000e+00|+2.5897359000000e-01|+0.0000000000000e+00
+0000000000000000008|+0000000000000000000|+0000000000000000000|+2.3700000000000e+00|-6.0841070000000e-01|+0.0000000000000e+00|+2.7501608790000e-01|+0.0000000000000e+00
+0000000000000000008|+0000000000000000000|+0000000000000000000|+2.3600000000000e+00|-6.0721520000000e-01|+0.0000000000000e+00|+2.6293860760000e-01|+0.0000000000000e+00
+0000000000000000008|+0000000000000000000|+0000000000000000000|+2.3500000000000e+00|-6.0674450000000e-01|+0.0000000000000e+00|+2.6815176310000e-01|+0.0000000000000e+00
+0000000000000000008|+0000000000000000000|+0000000000000000000|+2.3400000000000e+00|-6.1344680000000e-01|+0.0000000000000e+00|+2.8527959960000e-01|+0.0000000000000e+00
+0000000000000000008|+0000000000000000000|+0000000000000000000|+2.3300000000000e+00|-6.0350970000000e-01|+0.0000000000000e+00|+2.7791819190000e-01|+0.0000000000000e+00
+0000000000000000008|+0000000000000000000|+0000000000000000000|+2.3200000000000e+00|-6.1642320000000e-01|+0.0000000000000e+00|+2.8823959990000e-01|+0.0000000000000e+00
+0000000000000000008|+0000000000000000000|+0000000000000000000|+2.3100000000000e+00|-6.0546080000000e-01|+0.0000000000000e+00|+2.7457269760000e-01|+0.0000000000000e+00
+0000000000000000008|+0000000000000000000|+0000000000000000000|+2.3000000000000e+00|-6.2836100000000e-01|+0.0000000000000e+00|+2.8375923510000e-01|+0.0000000000000e+00
+0000000000000000008|+0000000000000000000|+0000000000000000000|+2.2900000000000e+00|-6.3375260000000e-01|+0.0000000000000e+00|+2.8142391640000e-01|+0.0000000000000e+00
+0000000000000000008|+0000000000000000000|+0000000000000000000|+2.2800000000000e+00|-6.3260000000000e-01|+0.0000000000000e+00|+3.0429500000000e-01|+0.0000000000000e+00
+0000000000000000008|+0000000000000000000|+0000000000000000000|+2.2700000000000e+00|-6.2278560000000e-01|+0.0000000000000e+00|+2.8786972160000e-01|+0.0000000000000e+00
+0000000000000000008|+0000000000000000000|+0000000000000000000|+2.2600000000000e+00|-6.2957660000000e-01|+0.0000000000000e+00|+2.8740053190000e-01|+0.0000000000000e+00
+0000000000000000008|+0000000000000000000|+0000000000000000000|+2.2500000000000e+00|-6.2665250000000e-01|+0.0000000000000e+00|+2.9721143590000e-01|+0.0000000000000e+00
+0000000000000000008|+0000000000000000000|+0000000000000000000|+2.2400000000000e+00|-6.5620800000000e-01|+0.0000000000000e+00|+3.0379436000000e-01|+0.0000000000000e+00
+0000000000000000008|+0000000000000000000|+0000000000000000000|+2.2300000000000e+00|-6.4160810000000e-01|+0.0000000000000e+00|+2.9576809910000e-01|+0.0000000000000e+00
+0000000000000000008|+0000000000000000000|+0000000000000000000|+2.2200000000000e+00|-6.4799960000000e-01|+0.0000000000000e+00|+3.1351116760000e-01|+0.0000000000000e+00
+0000000000000000008|+0000000000000000000|+0000000000000000000|+2.2100000000000e+00|-6.5352970000000e-01|+0.0000000000000e+00|+3.0823149510000e-01|+0.0000000000000e+00
+0000000000000000008|+0000000000000000000|+0000000000000000000|+2.2000000000000e+00|-6.5268600000000e-01|+0.0000000000000e+00|+3.2691206310000e-01|+0.0000000000000e+00
+0000000000000000008|+0000000000000000000|+0000000000000000000|+2.1900000000000e+00|-6.4667030000000e-01|+0.0000000000000e+00|+3.1691430310000e-01|+0.0000000000000e+00
+0000000000000000008|+0000000000000000000|+0000000000000000000|+2.1800000000000e+00|-6.2269020000000e-01|+0.0000000000000e+00|+2.9954720790000e-01|+0.0000000000000e+00
+0000000000000000008|+0000000000000000000|+0000000000000000000|+2.1700000000000e+00|-6.5477230000000e-01|+0.0000000000000e+00|+3.1247492390000e-01|+0.0000000000000e+00
+0000000000000000008|+0000000000000000000|+0000000000000000000|+2.1600000000000e+00|-6.7012880000000e-01|+0.0000000000000e+00|+3.3839661510000e-01|+0.0000000000000e+00
+0000000000000000008|+0000000000000000000|+0000000000000000000|+2.1500000000000e+00|-6.6421350000000e-01|+0.0000000000000e+00|+3.3785804790000e-01|+0.0000000000000e+00
+0000000000000000008|+0000000000000000000|+0000000000000000000|+2.1400000000000e+00|-6.6214380000000e-01|+0.0000000000000e+00|+3.2344779110000e-01|+0.0000000000000e+00
+0000000000000000008|+0000000000000000000|+0000000000000000000|+2.1300000000000e+00|-6.9227930000000e-01|+0.0000000000000e+00|+3.4616550790000e-01|+0.0000000000000e+00
+0000000000000000008|+0000000000000000000|+0000000000000000000|+2.1200000000000e+00|-6.8530760000000e-01|+0.0000000000000e+00|+3.4169938710000e-01|+0.0000000000000e+00
+0000000000000000008|+0000000000000000000|+0000000000000000000|+2.1100000000000e+00|-6.6381890000000e-01|+0.0000000000000e+00|+3.2960687990000e-01|+0.0000000000000e+00
+0000000000000000008|+0000000000000000000|+0000000000000000000|+2.1000000000000e+00|-6.8965400000000e-01|+0.0000000000000e+00|+3.4160017240000e-01|+0.0000000000000e+00
+0000000000000000008|+0000000000000000000|+0000000000000000000|+2.0900000000000e+00|-6.7914430000000e-01|+0.0000000000000e+00|+3.5202844710000e-01|+0.0000000000000e+00
+0000000000000000008|+0000000000000000000|+0000000000000000000|+2.0800000000000e+00|-6.8780160000000e-01|+0.0000000000000e+00|+3.3956911960000e-01|+0.0000000000000e+00
+0000000000000000008|+0000000000000000000|+0000000000000000000|+2.0700000000000e+00|-6.8434070000000e-01|+0.0000000000000e+00|+3.5484047990000e-01|+0.0000000000000e+00
+0000000000000000008|+0000000000000000000|+0000000000000000000|+2.0600000000000e+00|-7.1775640000000e-01|+0.0000000000000e+00|+3.8339975640000e-01|+0.0000000000000e+00
+0000000000000000008|+0000000000000000000|+0000000000000000000|+2.0500000000000e+00|-6.9423550000000e-01|+0.0000000000000e+00|+3.7083686390000e-01|+0.0000000000000e+00
+0000000000000000008|+0000000000000000000|+0000000000000000000|+2.0400000000000e+00|-7.0636400000000e-01|+0.0000000000000e+00|+3.6378319000000e-01|+0.0000000000000e+00
+0000000000000000008|+0000000000000000000|+0000000000000000000|+2.0300000000000e+00|-6.9148100000000e-01|+0.0000000000000e+00|+3.4869271000000e-01|+0.0000000000000e+00
+0000000000000000008|+0000000000000000000|+0000000000000000000|+2.0200000000000e+00|-7.2474240000000e-01|+0.0000000000000e+00|+3.8380098560000e-01|+0.0000000000000e+00
+0000000000000000008|+0000000000000000000|+0000000000000000000|+2.0100000000000e+00|-7.0143620000000e-01|+0.0000000000000e+00|+3.6924705560000e-01|+0.0000000000000e+00
+0000000000000000008|+0000000000000000000|+0000000000000000000|+2.0000000000000e+00|-7.4098000000000e-01|+0.0000000000000e+00|+3.9375465990000e-01|+0.0000000000000e+00
+0000000000000000008|+0000000000000000000|+0000000000000000000|+1.9900000000000e+00|-7.0225710000000e-01|+0.0000000000000e+00|+3.6574135590000e-01|+0.0000000000000e+00
+0000000000000000008|+0000000000000000000|+0000000000000000000|+1.9800000000000e+00|-7.4038460000000e-01|+0.0000000000000e+00|+3.9021462710000e-01|+0.0000000000000e+00
+0000000000000000008|+0000000000000000000|+0000000000000000000|+1.9700000000000e+00|-7.2498980000000e-01|+0.0000000000000e+00|+3.9214980440000e-01|+0.0000000000000e+00
+0000000000000000008|+0000000000000000000|+0000000000000000000|+1.9600000000000e+00|-7.4008200000000e-01|+0.0000000000000e+00|+3.9411679750000e-01|+0.0000000000000e+00
+0000000000000000008|+0000000000000000000|+0000000000000000000|+1.9500000000000e+00|-7.2728000000000e-01|+0.0000000000000e+00|+3.7922384000000e-01|+0.0000000000000e+00
+0000000000000000008|+0000000000000000000|+0000000000000000000|+1.9400000000000e+00|-7.3940800000000e-01|+0.0000000000000e+00|+4.0717776000000e-01|+0.0000000000000e+00
+0000000000000000008|+0000000000000000000|+0000000000000000000|+1.9300000000000e+00|-7.5691560000000e-01|+0.0000000000000e+00|+4.0692683360000e-01|+0.0000000000000e+00
+0000000000000000008|+0000000000000000000|+0000000000000000000|+1.9200000000000e+00|-7.5581120000000e-01|+0.0000000000000e+00|+4.3374788790000e-01|+0.0000000000000e+00
+0000000000000000008|+0000000000000000000|+0000000000000000000|+1.9100000000000e+00|-7.7670080000000e-01|+0.0000000000000e+00|+4.3200850560000e-01|+0.0000000000000e+00
+0000000000000000008|+0000000000000000000|+0000000000000000000|+1.9000000000000e+00|-7.6592300000000e-01|+0.0000000000000e+00|+4.1075381110000e-01|+0.0000000000000e+00
+0000000000000000008|+0000000000000000000|+0000000000000000000|+1.8900000000000e+00|-7.5264350000000e-01|+0.0000000000000e+00|+4.1018677750000e-01|+0.0000000000000e+00
+0000000000000000008|+0000000000000000000|+0000000000000000000|+1.8800000000000e+00|-7.8811280000000e-01|+0.0000000000000e+00|+4.3403799640000e-01|+0.0000000000000e+00
+0000000000000000008|+0000000000000000000|+0000000000000000000|+1.8700000000000e+00|-7.7341540000000e-01|+0.0000000000000e+00|+4.4528566360000e-01|+0.0000000000000e+00
+0000000000000000008|+0000000000000000000|+0000000000000000000|+1.8600000000000e+00|-7.7535920000000e-01|+0.0000000000000e+00|+4.1421640160000e-01|+0.0000000000000e+00
+0000000000000000008|+0000000000000000000|+0000000000000000000|+1.8500000000000e+00|-7.4781450000000e-01|+0.0000000000000e+00|+4.1342097110000e-01|+0.0000000000000e+00
+0000000000000000008|+0000000000000000000|+0000000000000000000|+1.8400000000000e+00|-7.6327440000000e-01|+0.0000000000000e+00|+4.4170987190000e-01|+0.0000000000000e+00
+0000000000000000008|+0000000000000000000|+0000000000000000000|+1.8300000000000e+00|-7.9273010000000e-01|+0.0000000000000e+00|+4.5239311910000e-01|+0.0000000000000e+00
+0000000000000000008|+0000000000000000000|+0000000000000000000|+1.8200000000000e+00|-8.1858420000000e-01|+0.0000000000000e+00|+4.6062408390000e-01|+0.0000000000000e+00
+0000000000000000008|+0000000000000000000|+0000000000000000000|+1.8100000000000e+00|-7.9943930000000e-01|+0.0000000000000e+00|+4.3908323910000e-01|+0.0000000000000e+00
+0000000000000000008|+0000000000000000000|+0000000000000000000|+1.8000000000000e+00|-8.0396600000000e-01|+0.0000000000000e+00|+4.6514792310000e-01|+0.0000000000000e+00
+0000000000000000008|+0000000000000000000|+0000000000000000000|+1.7900000000000e+00|-8.2568470000000e-01|+0.0000000000000e+00|+4.8692045510000e-01|+0.0000000000000e+00
+0000000000000000008|+0000000000000000000|+0000000000000000000|+1.7800000000000e+00|-8.0408640000000e-01|+0.0000000000000e+00|+4.8821938560000e-01|+0.0000000000000e+00
+0000000000000000008|+0000000000000000000|+0000000000000000000|+1.7700000000000e+00|-8.2280120000000e-01|+0.0000000000000e+00|+4.9404332640000e-01|+0.0000000000000e+00
+0000000000000000008|+0000000000000000000|+0000000000000000000|+1.7600000000000e+00|-8.0163040000000e-01|+0.0000000000000e+00|+4.7518895590000e-01|+0.0000000000000e+00
+0000000000000000008|+0000000000000000000|+0000000000000000000|+1.7500000000000e+00|-8.2904500000000e-01|+0.0000000000000e+00|+4.9919041240000e-01|+0.0000000000000e+00
+0000000000000000008|+0000000000000000000|+0000000000000000000|+1.7400000000000e+00|-8.2192880000000e-01|+0.0000000000000e+00|+5.1844126560000e-01|+0.0000000000000e+00
+0000000000000000008|+0000000000000000000|+0000000000000000000|+1.7300000000000e+00|-8.4961910000000e-01|+0.0000000000000e+00|+5.1700287110000e-01|+0.0000000000000e+00
+0000000000000000008|+0000000000000000000|+0000000000000000000|+1.7200000000000e+00|-8.2788440000000e-01|+0.0000000000000e+00|+4.9294848710000e-01|+0.0000000000000e+00
+0000000000000000008|+0000000000000000000|+0000000000000000000|+1.7100000000000e+00|-8.3273270000000e-01|+0.0000000000000e+00|+5.0626246310000e-01|+0.0000000000000e+00
+0000000000000000008|+0000000000000000000|+0000000000000000000|+1.7000000000000e+00|-8.3644800000000e-01|+0.0000000000000e+00|+5.2334032640000e-01|+0.0000000000000e+00
+0000000000000000008|+0000000000000000000|+0000000000000000000|+1.6900000000000e+00|-8.3970530000000e-01|+0.0000000000000e+00|+5.1014218310000e-01|+0.0000000000000e+00
+0000000000000000008|+0000000000000000000|+0000000000000000000|+1.6800000000000e+00|-8.4108080000000e-01|+0.0000000000000e+00|+5.4461986390000e-01|+0.0000000000000e+00
+0000000000000000008|+0000000000000000000|+0000000000000000000|+1.6700000000000e+00|-8.8432480000000e-01|+0.0000000000000e+00|+5.5044304640000e-01|+0.0000000000000e+00
+0000000000000000008|+0000000000000000000|+0000000000000000000|+1.6600000000000e+00|-8.3870360000000e-01|+0.0000000000000e+00|+5.3874450840000e-01|+0.0000000000000e+00
+0000000000000000008|+0000000000000000000|+0000000000000000000|+1.6500000000000e+00|-8.7991850000000e-01|+0.0000000000000e+00|+5.6345466790000e-01|+0.0000000000000e+00
+0000000000000000008|+0000000000000000000|+0000000000000000000|+1.6400000000000e+00|-8.9028520000000e-01|+0.0000000000000e+00|+5.6202539510000e-01|+0.0000000000000e+00
+0000000000000000008|+0000000000000000000|+0000000000000000000|+1.6300000000000e+00|-8.7932040000000e-01|+0.0000000000000e+00|+5.6223291360000e-01|+0.0000000000000e+00
+0000000000000000008|+0000000000000000000|+0000000000000000000|+1.6200000000000e+00|-9.0464540000000e-01|+0.0000000000000e+00|+5.8298063110000e-01|+0.0000000000000e+00
+0000000000000000008|+0000000000000000000|+0000000000000000000|+1.6100000000000e+00|-9.0247500000000e-01|+0.0000000000000e+00|+5.8402375000000e-01|+0.0000000000000e+00
+0000000000000000008|+0000000000000000000|+0000000000000000000|+1.6000000000000e+00|-9.0422400000000e-01|+0.0000000000000e+00|+6.1284396790000e-01|+0.0000000000000e+00
+0000000000000000008|+0000000000000000000|+0000000000000000000|+1.5900000000000e+00|-9.3046970000000e-01|+0.0000000000000e+00|+6.1105721110000e-01|+0.0000000000000e+00
+0000000000000000008|+0000000000000000000|+0000000000000000000|+1.5800000000000e+00|-9.2057920000000e-01|+0.0000000000000e+00|+6.2076874240000e-01|+0.0000000000000e+00
+0000000000000000008|+0000000000000000000|+0000000000000000000|+1.5700000000000e+00|-9.2364720000000e-01|+0.0000000000000e+00|+6.1446723840000e-01|+0.0000000000000e+00
+0000000000000000008|+0000000000000000000|+0000000000000000000|+1.5600000000000e+00|-9.1429280000000e-01|+0.0000000000000e+00|+5.9940590560000e-01|+0.0000000000000e+00
+0000000000000000008|+0000000000000000000|+0000000000000000000|+1.5500000000000e+00|-9.3779300000000e-01|+0.0000000000000e+00|+6.2901591640000e-01|+0.0000000000000e+00
+0000000000000000008|+0000000000000000000|+0000000000000000000|+1.5400000000000e+00|-9.5901400000000e-01|+0.0000000000000e+00|+6.4642719000000e-01|+0.0000000000000e+00
+0000000000000000008|+0000000000000000000|+0000000000000000000|+1.5300000000000e+00|-9.4090280000000e-01|+0.0000000000000e+00|+6.5056326240000e-01|+0.0000000000000e+00
+0000000000000000008|+0000000000000000000|+0000000000000000000|+1.5200000000000e+00|-9.5981040000000e-01|+0.0000000000000e+00|+6.5683112710000e-01|+0.0000000000000e+00
+0000000000000000008|+0000000000000000000|+0000000000000000000|+1.5100000000000e+00|-9.5226580000000e-01|+0.0000000000000e+00|+6.4146342360000e-01|+0.0000000000000e+00
+0000000000000000008|+0000000000000000000|+0000000000000000000|+1.5000000000000e+00|-9.6345500000000e-01|+0.0000000000000e+00|+6.9166753910000e-01|+0.0000000000000e+00
+0000000000000000008|+0000000000000000000|+0000000000000000000|+1.4900000000000e+00|-9.5810480000000e-01|+0.0000000000000e+00|+6.6986104960000e-01|+0.0000000000000e+00
+0000000000000000008|+0000000000000000000|+0000000000000000000|+1.4800000000000e+00|-9.9973640000000e-01|+0.0000000000000e+00|+6.8919611510000e-01|+0.0000000000000e+00
+0000000000000000008|+0000000000000000000|+0000000000000000000|+1.4700000000000e+00|-9.9379910000000e-01|+0.0000000000000e+00|+6.7892575910000e-01|+0.0000000000000e+00
+0000000000000000008|+0000000000000000000|+0000000000000000000|+1.4600000000000e+00|-9.9569060000000e-01|+0.0000000000000e+00|+7.0422602790000e-01|+0.0000000000000e+00
+0000000000000000008|+0000000000000000000|+0000000000000000000|+1.4500000000000e+00|-1.0078130000000e+00|+0.0000000000000e+00|+7.0348423640000e-01|+0.0000000000000e+00
+0000000000000000008|+0000000000000000000|+0000000000000000000|+1.4400000000000e+00|-1.0254416000000e+00|+0.0000000000000e+00|+7.4022778790000e-01|+0.0000000000000e+00
+0000000000000000008|+0000000000000000000|+0000000000000000000|+1.4300000000000e+00|-1.0270171000000e+00|+0.0000000000000e+00|+7.3777251910000e-01|+0.0000000000000e+00
+0000000000000000008|+0000000000000000000|+0000000000000000000|+1.4200000000000e+00|-1.0363382000000e+00|+0.0000000000000e+00|+7.4491191590000e-01|+0.0000000000000e+00
+0000000000000000008|+0000000000000000000|+0000000000000000000|+1.4100000000000e+00|-1.0477079000000e+00|+0.0000000000000e+00|+7.6217004390000e-01|+0.0000000000000e+00
+0000000000000000008|+0000000000000000000|+0000000000000000000|+1.4000000000000e+00|-1.0346420000000e+00|+0.0000000000000e+00|+7.4831965910000e-01|+0.0000000000000e+00
+0000000000000000008|+0000000000000000000|+0000000000000000000|+1.3900000000000e+00|-1.0640689000000e+00|+0.0000000000000e+00|+7.8725925990000e-01|+0.0000000000000e+00
+0000000000000000008|+0000000000000000000|+0000000000000000000|+1.3800000000000e+00|-1.0637510000000e+00|+0.0000000000000e+00|+7.9338289750000e-01|+0.0000000000000e+00
+0000000000000000008|+0000000000000000000|+0000000000000000000|+1.3700000000000e+00|-1.0719260000000e+00|+0.0000000000000e+00|+8.3316396000000e-01|+0.0000000000000e+00
+0000000000000000008|+0000000000000000000|+0000000000000000000|+1.3600000000000e+00|-1.0902240000000e+00|+0.0000000000000e+00|+8.2342544000000e-01|+0.0000000000000e+00
+0000000000000000008|+0000000000000000000|+0000000000000000000|+1.3500000000000e+00|-1.0852565000000e+00|+0.0000000000000e+00|+8.1794196390000e-01|+0.0000000000000e+00
+0000000000000000008|+0000000000000000000|+0000000000000000000|+1.3400000000000e+00|-1.0867532000000e+00|+0.0000000000000e+00|+8.2897567960000e-01|+0.0000000000000e+00
+0000000000000000008|+0000000000000000000|+0000000000000000000|+1.3300000000000e+00|-1.1099522000000e+00|+0.0000000000000e+00|+8.4121788440000e-01|+0.0000000000000e+00
+0000000000000000008|+0000000000000000000|+0000000000000000000|+1.3200000000000e+00|-1.0987448000000e+00|+0.0000000000000e+00|+8.5845174040000e-01|+0.0000000000000e+00
+0000000000000000008|+0000000000000000000|+0000000000000000000|+1.3100000000000e+00|-1.1203934000000e+00|+0.0000000000000e+00|+8.7896550040000e-01|+0.0000000000000e+00
+0000000000000000008|+0000000000000000000|+0000000000000000000|+1.3000000000000e+00|-1.1092460000000e+00|+0.0000000000000e+00|+8.7647166360000e-01|+0.0000000000000e+00
+0000000000000000008|+0000000000000000000|+0000000000000000000|+1.2900000000000e+00|-1.1188310000000e+00|+0.0000000000000e+00|+8.6658879000000e-01|+0.0000000000000e+00
+0000000000000000008|+0000000000000000000|+0000000000000000000|+1.2800000000000e+00|-1.1542944000000e+00|+0.0000000000000e+00|+9.3172975960000e-01|+0.0000000000000e+00
+0000000000000000008|+0000000000000000000|+0000000000000000000|+1.2700000000000e+00|-1.1544265000000e+00|+0.0000000000000e+00|+9.4547969750000e-01|+0.0000000000000e+00
+0000000000000000008|+0000000000000000000|+0000000000000000000|+1.2600000000000e+00|-1.1676308000000e+00|+0.0000000000000e+00|+9.5192926360000e-01|+0.0000000000000e+00
+0000000000000000008|+0000000000000000000|+0000000000000000000|+1.2500000000000e+00|-1.1871500000000e+00|+0.0000000000000e+00|+9.3013592160000e-01|+0.0000000000000e+00
+0000000000000000008|+0000000000000000000|+0000000000000000000|+1.2400000000000e+00|-1.1834308000000e+00|+0.0000000000000e+00|+9.4918545110000e-01|+0.0000000000000e+00
+0000000000000000008|+0000000000000000000|+0000000000000000000|+1.2300000000000e+00|-1.1689130000000e+00|+0.0000000000000e+00|+9.3511639000000e-01|+0.0000000000000e+00
+0000000000000000008|+0000000000000000000|+0000000000000000000|+1.2200000000000e+00|-1.1851858000000e+00|+0.0000000000000e+00|+9.4227330790000e-01|+0.0000000000000e+00
+0000000000000000008|+0000000000000000000|+0000000000000000000|+1.2100000000000e+00|-1.1986248000000e+00|+0.0000000000000e+00|+9.7823586560000e-01|+0.0000000000000e+00
+0000000000000000008|+0000000000000000000|+0000000000000000000|+1.2000000000000e+00|-1.2149600000000e+00|+0.0000000000000e+00|+1.0221073600000e+00|+0.0000000000000e+00
+0000000000000000008|+0000000000000000000|+0000000000000000000|+1.1900000000000e+00|-1.2178957000000e+00|+0.0000000000000e+00|+9.9827435910000e-01|+0.0000000000000e+00
+0000000000000000008|+0000000000000000000|+0000000000000000000|+1.1800000000000e+00|-1.2541148000000e+00|+0.0000000000000e+00|+1.0415968604000e+00|+0.0000000000000e+00
+0000000000000000008|+0000000000000000000|+0000000000000000000|+1.1700000000000e+00|-1.2516701000000e+00|+0.0000000000000e+00|+1.0254758191000e+00|+0.0000000000000e+00
+0000000000000000008|+0000000000000000000|+0000000000000000000|+1.1600000000000e+00|-1.2554440000000e+00|+0.0000000000000e+00|+1.0721171900000e+00|+0.0000000000000e+00
+0000000000000000008|+0000000000000000000|+0000000000000000000|+1.1500000000000e+00|-1.2587910000000e+00|+0.0000000000000e+00|+1.1180650044000e+00|+0.0000000000000e+00
+0000000000000000008|+0000000000000000000|+0000000000000000000|+1.1400000000000e+00|-1.2713876000000e+00|+0.0000000000000e+00|+1.1360378844000e+00|+0.0000000000000e+00
+0000000000000000008|+0000000000000000000|+0000000000000000000|+1.1300000000000e+00|-1.2800950000000e+00|+0.0000000000000e+00|+1.1006977500000e+00|+0.0000000000000e+00
+0000000000000000008|+0000000000000000000|+0000000000000000000|+1.1200000000000e+00|-1.2928496000000e+00|+0.0000000000000e+00|+1.1133347511000e+00|+0.0000000000000e+00
+0000000000000000008|+0000000000000000000|+0000000000000000000|+1.1100000000000e+00|-1.3100813000000e+00|+0.0000000000000e+00|+1.1696683511000e+00|+0.0000000000000e+00
+0000000000000000008|+0000000000000000000|+0000000000000000000|+1.1000000000000e+00|-1.3115750000000e+00|+0.0000000000000e+00|+1.1476794375000e+00|+0.0000000000000e+00
+0000000000000000008|+0000000000000000000|+0000000000000000000|+1.0900000000000e+00|-1.3387439000000e+00|+0.0000000000000e+00|+1.1927676359000e+00|+0.0000000000000e+00
+0000000000000000008|+0000000000000000000|+0000000000000000000|+1.0800000000000e+00|-1.3307108000000e+00|+0.0000000000000e+00|+1.2013266999000e+00|+0.0000000000000e+00
+0000000000000000008|+0000000000000000000|+0000000000000000000|+1.0700000000000e+00|-1.3528716000000e+00|+0.0000000000000e+00|+1.2604359856000e+00|+0.0000000000000e+00
+0000000000000000008|+0000000000000000000|+0000000000000000000|+1.0600000000000e+00|-1.3673646000000e+00|+0.0000000000000e+00|+1.2721083719000e+00|+0.0000000000000e+00
+0000000000000000008|+0000000000000000000|+0000000000000000000|+1.0500000000000e+00|-1.3922825000000e+00|+0.0000000000000e+00|+1.2526259775000e+00|+0.0000000000000e+00
+0000000000000000008|+0000000000000000000|+0000000000000000000|+1.0400000000000e+00|-1.4017512000000e+00|+0.0000000000000e+00|+1.3123279191000e+00|+0.0000000000000e+00
+0000000000000000008|+0000000000000000000|+0000000000000000000|+1.0300000000000e+00|-1.4022429000000e+00|+0.0000000000000e+00|+1.3200482151000e+00|+0.0000000000000e+00
+0000000000000000008|+0000000000000000000|+0000000000000000000|+1.0200000000000e+00|-1.4156924000000e+00|+0.0000000000000e+00|+1.3362028956000e+00|+0.0000000000000e+00
+0000000000000000008|+0000000000000000000|+0000000000000000000|+1.0100000000000e+00|-1.4434079000000e+00|+0.0000000000000e+00|+1.3377039959000e+00|+0.0000000000000e+00
+0000000000000000008|+0000000000000000000|+0000000000000000000|+1.0000000000000e+00|-1.4579000000000e+00|+0.0000000000000e+00|+1.3694775900000e+00|+0.0000000000000e+00
+0000000000000000008|+0000000000000000000|+0000000000000000000|+9.9000000000000e-01|-1.4796869000000e+00|+0.0000000000000e+00|+1.4301134639000e+00|+0.0000000000000e+00
+0000000000000000008|+0000000000000000000|+0000000000000000000|+9.8000000000000e-01|-1.4959168000000e+00|+0.0000000000000e+00|+1.4482161344000e+00|+0.0000000000000e+00
+0000000000000000008|+0000000000000000000|+0000000000000000000|+9.7000000000000e-01|-1.4941262000000e+00|+0.0000000000000e+00|+1.4139673084000e+00|+0.0000000000000e+00
+0000000000000000008|+0000000000000000000|+0000000000000000000|+9.6000000000000e-01|-1.5420992000000e+00|+0.0000000000000e+00|+1.4731272671000e+00|+0.0000000000000e+00
+0000000000000000008|+0000000000000000000|+0000000000000000000|+9.5000000000000e-01|-1.5286970000000e+00|+0.0000000000000e+00|+1.5209444124000e+00|+0.0000000000000e+00
+0000000000000000008|+0000000000000000000|+0000000000000000000|+9.4000000000000e-01|-1.5410058000000e+00|+0.0000000000000e+00|+1.4950088551000e+00|+0.0000000000000e+00
+0000000000000000008|+0000000000000000000|+0000000000000000000|+9.3000000000000e-01|-1.5627809000000e+00|+0.0000000000000e+00|+1.5342898631000e+00|+0.0000000000000e+00
+0000000000000000008|+0000000000000000000|+0000000000000000000|+9.2000000000000e-01|-1.5465256000000e+00|+0.0000000000000e+00|+1.5786610876000e+00|+0.0000000000000e+00
+0000000000000000008|+0000000000000000000|+0000000000000000000|+9.1000000000000e-01|-1.5676871000000e+00|+0.0000000000000e+00|+1.6053694439000e+00|+0.0000000000000e+00
+0000000000000000008|+0000000000000000000|+0000000000000000000|+9.0000000000000e-01|-1.6132370000000e+00|+0.0000000000000e+00|+1.6678741751000e+00|+0.0000000000000e+00
+0000000000000000008|+0000000000000000000|+0000000000000000000|+8.9000000000000e-01|-1.6390666000000e+00|+0.0000000000000e+00|+1.6052729564000e+00|+0.0000000000000e+00
+0000000000000000008|+0000000000000000000|+0000000000000000000|+8.8000000000000e-01|-1.6247208000000e+00|+0.0000000000000e+00|+1.6664252919000e+00|+0.0000000000000e+00
+0000000000000000008|+0000000000000000000|+0000000000000000000|+8.7000000000000e-01|-1.6439657000000e+00|+0.0000000000000e+00|+1.7149407679000e+00|+0.0000000000000e+00
+0000000000000000008|+0000000000000000000|+0000000000000000000|+8.6000000000000e-01|-1.6592034000000e+00|+0.0000000000000e+00|+1.6704576439000e+00|+0.0000000000000e+00
+0000000000000000008|+0000000000000000000|+0000000000000000000|+8.5000000000000e-01|-1.6853600000000e+00|+0.0000000000000e+00|+1.8107294400000e+00|+0.0000000000000e+00
+0000000000000000008|+0000000000000000000|+0000000000000000000|+8.4000000000000e-01|-1.6975952000000e+00|+0.0000000000000e+00|+1.7790456816000e+00|+0.0000000000000e+00
+0000000000000000008|+0000000000000000000|+0000000000000000000|+8.3000000000000e-01|-1.7043355000000e+00|+0.0000000000000e+00|+1.7542845775000e+00|+0.0000000000000e+00
+0000000000000000008|+0000000000000000000|+0000000000000000000|+8.2000000000000e-01|-1.7240530000000e+00|+0.0000000000000e+00|+1.7876367775000e+00|+0.0000000000000e+00
+0000000000000000008|+0000000000000000000|+0000000000000000000|+8.1000000000000e-01|-1.7675384000000e+00|+0.0000000000000e+00|+1.8490378304000e+00|+0.0000000000000e+00
+0000000000000000008|+0000000000000000000|+0000000000000000000|+8.0000000000000e-01|-1.7591680000000e+00|+0.0000000000000e+00|+1.8532086684000e+00|+0.0000000000000e+00
+0000000000000000008|+0000000000000000000|+0000000000000000000|+7.9000000000000e-01|-1.7975503000000e+00|+0.0000000000000e+00|+1.9259010751000e+00|+0.0000000000000e+00
+0000000000000000008|+0000000000000000000|+0000000000000000000|+7.8000000000000e-01|-1.8274700000000e+00|+0.0000000000000e+00|+2.0249177500000e+00|+0.0000000000000e+00
+0000000000000000008|+0000000000000000000|+0000000000000000000|+7.7000000000000e-01|-1.8404869000000e+00|+0.0000000000000e+00|+1.9242107791000e+00|+0.0000000000000e+00
+0000000000000000008|+0000000000000000000|+0000000000000000000|+7.6000000000000e-01|-1.8384768000000e+00|+0.0000000000000e+00|+1.9755979776000e+00|+0.0000000000000e+00
+0000000000000000008|+0000000000000000000|+0000000000000000000|+7.5000000000000e-01|-1.8752450000000e+00|+0.0000000000000e+00|+2.0944910044000e+00|+0.0000000000000e+00
+0000000000000000008|+0000000000000000000|+0000000000000000000|+7.4000000000000e-01|-1.8872702000000e+00|+0.0000000000000e+00|+2.1324140471000e+00|+0.0000000000000e+00
+0000000000000000008|+0000000000000000000|+0000000000000000000|+7.3000000000000e-01|-1.9127896000000e+00|+0.0000000000000e+00|+2.1025330496000e+00|+0.0000000000000e+00
+0000000000000000008|+0000000000000000000|+0000000000000000000|+7.2000000000000e-01|-1.9321952000000e+00|+0.0000000000000e+00|+2.1701274944000e+00|+0.0000000000000e+00
+0000000000000000008|+0000000000000000000|+0000000000000000000|+7.1000000000000e-01|-1.9626539000000e+00|+0.0000000000000e+00|+2.2109977719000e+00|+0.0000000000000e+00
+0000000000000000008|+0000000000000000000|+0000000000000000000|+7.0000000000000e-01|-1.9774860000000e+00|+0.0000000000000e+00|+2.2200079996000e+00|+0.0000000000000e+00
+0000000000000000008|+0000000000000000000|+0000000000000000000|+6.9000000000000e-01|-2.0153576000000e+00|+0.0000000000000e+00|+2.2419544384000e+00|+0.0000000000000e+00
+0000000000000000008|+0000000000000000000|+0000000000000000000|+6.8000000000000e-01|-2.0199472000000e+00|+0.0000000000000e+00|+2.3243604784000e+00|+0.0000000000000e+00
+0000000000000000008|+0000000000000000000|+0000000000000000000|+6.7000000000000e-01|-2.0492551000000e+00|+0.0000000000000e+00|+2.2705095191000e+00|+0.0000000000000e+00
+0000000000000000008|+0000000000000000000|+0000000000000000000|+6.6000000000000e-01|-2.0582594000000e+00|+0.0000000000000e+00|+2.2821613919000e+00|+0.0000000000000e+00
+0000000000000000008|+0000000000000000000|+0000000000000000000|+6.5000000000000e-01|-2.0897450000000e+00|+0.0000000000000e+00|+2.3801467100000e+00|+0.0000000000000e+00
+0000000000000000008|+0000000000000000000|+0000000000000000000|+6.4000000000000e-01|-2.1187168000000e+00|+0.0000000000000e+00|+2.5223266831000e+00|+0.0000000000000e+00
+0000000000000000008|+0000000000000000000|+0000000000000000000|+6.3000000000000e-01|-2.1230951000000e+00|+0.0000000000000e+00|+2.4168640271000e+00|+0.0000000000000e+00
+0000000000000000008|+0000000000000000000|+0000000000000000000|+6.2000000000000e-01|-2.1826600000000e+00|+0.0000000000000e+00|+2.4816110000000e+00|+0.0000000000000e+00
+0000000000000000008|+0000000000000000000|+0000000000000000000|+6.1000000000000e-01|-2.1927594000000e+00|+0.0000000000000e+00|+2.5074106684000e+00|+0.0000000000000e+00
+0000000000000000008|+0000000000000000000|+0000000000000000000|+6.0000000000000e-01|-2.1974480000000e+00|+0.0000000000000e+00|+2.5478263536000e+00|+0.0000000000000e+00
+0000000000000000008|+0000000000000000000|+0000000000000000000|+5.9000000000000e-01|-2.2539760000000e+00|+0.0000000000000e+00|+2.5981550400000e+00|+0.0000000000000e+00
+0000000000000000008|+0000000000000000000|+0000000000000000000|+5.8000000000000e-01|-2.2651544000000e+00|+0.0000000000000e+00|+2.6206216176000e+00|+0.0000000000000e+00
+0000000000000000008|+0000000000000000000|+0000000000000000000|+5.7000000000000e-01|-2.2926680000000e+00|+0.0000000000000e+00|+2.5501222400000e+00|+0.0000000000000e+00
+0000000000000000008|+0000000000000000000|+0000000000000000000|+5.6000000000000e-01|-2.3045624000000e+00|+0.0000000000000e+00|+2.5307607159000e+00|+0.0000000000000e+00
+0000000000000000008|+0000000000000000000|+0000000000000000000|+5.5000000000000e-01|-2.3383645000000e+00|+0.0000000000000e+00|+2.6471931079000e+00|+0.0000000000000e+00
+0000000000000000008|+0000000000000000000|+0000000000000000000|+5.4000000000000e-01|-2.3801252000000e+00|+0.0000000000000e+00|+2.7676633756000e+00|+0.0000000000000e+00
+0000000000000000008|+0000000000000000000|+0000000000000000000|+5.3000000000000e-01|-2.3976581000000e+00|+0.0000000000000e+00|+2.7323839071000e+00|+0.0000000000000e+00
+0000000000000000008|+0000000000000000000|+0000000000000000000|+5.2000000000000e-01|-2.4142120000000e+00|+0.0000000000000e+00|+2.7998543900000e+00|+0.0000000000000e+00
+0000000000000000008|+0000000000000000000|+0000000000000000000|+5.1000000000000e-01|-2.4479885000000e+00|+0.0000000000000e+00|+2.7623771775000e+00|+0.0000000000000e+00
+0000000000000000008|+0000000000000000000|+0000000000000000000|+5.0000000000000e-01|-2.4822200000000e+00|+0.0000000000000e+00|+2.7326954864000e+00|+0.0000000000000e+00
+0000000000000000008|+0000000000000000000|+0000000000000000000|+4.9000000000000e-01|-2.5127550000000e+00|+0.0000000000000e+00|+2.6648797500000e+00|+0.0000000000000e+00
+0000000000000000008|+0000000000000000000|+0000000000000000000|+4.8000000000000e-01|-2.5343456000000e+00|+0.0000000000000e+00|+2.7729024816000e+00|+0.0000000000000e+00
+0000000000000000008|+0000000000000000000|+0000000000000000000|+4.7000000000000e-01|-2.5770550000000e+00|+0.0000000000000e+00|+2.7806177500000e+00|+0.0000000000000e+00
+0000000000000000008|+0000000000000000000|+0000000000000000000|+4.6000000000000e-01|-2.6056986000000e+00|+0.0000000000000e+00|+2.7585034119000e+00|+0.0000000000000e+00
+0000000000000000008|+0000000000000000000|+0000000000000000000|+4.5000000000000e-01|-2.6299265000000e+00|+0.0000000000000e+00|+2.8017617511000e+00|+0.0000000000000e+00
+0000000000000000008|+0000000000000000000|+0000000000000000000|+4.4000000000000e-01|-2.6565032000000e+00|+0.0000000000000e+00|+2.8792415516000e+00|+0.0000000000000e+00
+0000000000000000008|+0000000000000000000|+0000000000000000000|+4.3000000000000e-01|-2.6908465000000e+00|+0.0000000000000e+00|+2.9023709975000e+00|+0.0000000000000e+00
+0000000000000000008|+0000000000000000000|+0000000000000000000|+4.2000000000000e-01|-2.7118238000000e+00|+0.0000000000000e+00|+2.7987249079000e+00|+0.0000000000000e+00
+0000000000000000008|+0000000000000000000|+0000000000000000000|+4.1000000000000e-01|-2.7273599000000e+00|+0.0000000000000e+00|+2.6991822479000e+00|+0.0000000000000e+00
+0000000000000000008|+0000000000000000000|+0000000000000000000|+4.0000000000000e-01|-2.7549600000000e+00|+0.0000000000000e+00|+2.7655662400000e+00|+0.0000000000000e+00
+0000000000000000008|+0000000000000000000|+0000000000000000000|+3.9000000000000e-01|-2.7835082000000e+00|+0.0000000000000e+00|+2.8108296156000e+00|+0.0000000000000e+00
+0000000000000000008|+0000000000000000000|+0000000000000000000|+3.8000000000000e-01|-2.8202790000000e+00|+0.0000000000000e+00|+2.6603682975000e+00|+0.0000000000000e+00
+0000000000000000008|+0000000000000000000|+0000000000000000000|+3.7000000000000e-01|-2.8376707000000e+00|+0.0000000000000e+00|+2.7638312079000e+00|+0.0000000000000e+00
+0000000000000000008|+0000000000000000000|+0000000000000000000|+3.6000000000000e-01|-2.8664744000000e+00|+0.0000000000000e+00|+2.6219018684000e+00|+0.0000000000000e+00
+0000000000000000008|+0000000000000000000|+0000000000000000000|+3.5000000000000e-01|-2.8937020000000e+00|+0.0000000000000e+00|+2.5441460016000e+00|+0.0000000000000e+00
+0000000000000000008|+0000000000000000000|+0000000000000000000|+3.4000000000000e-01|-2.9321026000000e+00|+0.0000000000000e+00|+2.4535286079000e+00|+0.0000000000000e+00
+0000000000000000008|+0000000000000000000|+0000000000000000000|+3.3000000000000e-01|-2.9519357000000e+00|+0.0000000000000e+00|+2.3368120759000e+00|+0.0000000000000e+00
+0000000000000000008|+0000000000000000000|+0000000000000000000|+3.2000000000000e-01|-2.9679776000000e+00|+0.0000000000000e+00|+2.6653600576000e+00|+0.0000000000000e+00
+0000000000000000008|+0000000000000000000|+0000000000000000000|+3.1000000000000e-01|-2.9890909000000e+00|+0.0000000000000e+00|+2.4457269879000e+00|+0.0000000000000e+00
+0000000000000000008|+0000000000000000000|+0000000000000000000|+3.0000000000000e-01|-3.0134660000000e+00|+0.0000000000000e+00|+2.2938696316000e+00|+0.0000000000000e+00
+0000000000000000008|+0000000000000000000|+0000000000000000000|+2.9000000000000e-01|-3.0353654000000e+00|+0.0000000000000e+00|+2.3081584124000e+00|+0.0000000000000e+00
+0000000000000000008|+0000000000000000000|+0000000000000000000|+2.8000000000000e-01|-3.0643676000000e+00|+0.0000000000000e+00|+2.1878380111000e+00|+0.0000000000000e+00
+0000000000000000008|+0000000000000000000|+0000000000000000000|+2.7000000000000e-01|-3.1012412000000e+00|+0.0000000000000e+00|+2.0583876464001e+00|+0.0000000000000e+00
+0000000000000000008|+0000000000000000000|+0000000000000000000|+2.6000000000000e-01|-3.1123744000000e+00|+0.0000000000000e+00|+2.2892619263999e+00|+0.0000000000000e+00
+0000000000000000008|+0000000000000000000|+0000000000000000000|+2.5000000000000e-01|-3.1347275000000e+00|+0.0000000000000e+00|+1.8775560118999e+00|+0.0000000000000e+00
+0000000000000000008|+0000000000000000000|+0000000000000000000|+2.4000000000000e-01|-3.1489688000000e+00|+0.0000000000000e+00|+1.9227909831000e+00|+0.0000000000000e+00
+0000000000000000008|+0000000000000000000|+0000000000000000000|+2.3000000000000e-01|-3.1809792000000e+00|+0.0000000000000e+00|+1.9916238784001e+00|+0.0000000000000e+00
+0000000000000000008|+0000000000000000000|+0000000000000000000|+2.2000000000000e-01|-3.1910460000000e+00|+0.0000000000000e+00|+2.0200235100000e+00|+0.0000000000000e+00
+0000000000000000008|+0000000000000000000|+0000000000000000000|+2.1000000000000e-01|-3.1987781000000e+00|+0.0000000000000e+00|+1.6639853279000e+00|+0.0000000000000e+00
+0000000000000000008|+0000000000000000000|+0000000000000000000|+2.0000000000000e-01|-3.2146460000000e+00|+0.0000000000000e+00|+1.6414923671001e+00|+0.0000000000000e+00
+0000000000000000008|+0000000000000000000|+0000000000000000000|+1.9000000000000e-01|-3.2386590000000e+00|+0.0000000000000e+00|+1.4797527900001e+00|+0.0000000000000e+00
+0000000000000000008|+0000000000000000000|+0000000000000000000|+1.8000000000000e-01|-3.2493362000000e+00|+0.0000000000000e+00|+1.3636646718999e+00|+0.0000000000000e+00
+0000000000000000008|+0000000000000000000|+0000000000000000000|+1.7000000000000e-01|-3.2647178000000e+00|+0.0000000000000e+00|+1.5136172444001e+00|+0.0000000000000e+00
+0000000000000000008|+0000000000000000000|+0000000000000000000|+1.6000000000000e-01|-3.2828912000000e+00|+0.0000000000000e+00|+1.7186759750999e+00|+0.0000000000000e+00
+0000000000000000008|+0000000000000000000|+0000000000000000000|+1.5000000000000e-01|-3.2955335000000e+00|+0.0000000000000e+00|+1.2904111278998e+00|+0.0000000000000e+00
+0000000000000000008|+0000000000000000000|+0000000000000000000|+1.4000000000000e-01|-3.3103336000000e+00|+0.0000000000000e+00|+1.3757253423998e+00|+0.0000000000000e+00
+0000000000000000008|+0000000000000000000|+0000000000000000000|+1.3000000000000e-01|-3.3178823000000e+00|+0.0000000000000e+00|+1.2148146358998e+00|+0.0000000000000e+00
+0000000000000000008|+0000000000000000000|+0000000000000000000|+1.2000000000000e-01|-3.3335840000000e+00|+0.0000000000000e+00|+1.5311657600001e+00|+0.0000000000000e+00
+0000000000000000008|+0000000000000000000|+0000000000000000000|+1.1000000000000e-01|-3.3409144000000e+00|+0.0000000000000e+00|+1.2822365184003e+00|+0.0000000000000e+00
+0000000000000000008|+0000000000000000000|+0000000000000000000|+1.0000000000000e-01|-3.3520730000000e+00|+0.0000000000000e+00|+6.2723026710012e-01|+0.0000000000000e+00
+0000000000000000008|+0000000000000000000|+0000000000000000000|+9.0000000000000e-02|-3.3582011000000e+00|+0.0000000000000e+00|+1.0867743159001e+00|+0.0000000000000e+00
+0000000000000000008|+0000000000000000000|+0000000000000000000|+8.0000000000000e-02|-3.3597048000000e+00|+0.0000000000000e+00|-2.4022111610024e-01|+0.0000000000000e+00
+0000000000000000008|+0000000000000000000|+0000000000000000000|+7.0000000000000e-02|-3.3689838000000e+00|+0.0000000000000e+00|+1.1310884440072e-01|+0.0000000000000e+00
+0000000000000000008|+0000000000000000000|+0000000000000000000|+6.0000000000000e-02|-3.3747506000000e+00|+0.0000000000000e+00|-2.9246450009922e-01|+0.0000000000000e+00
+0000000000000000008|+0000000000000000000|+0000000000000000000|+5.0000000000000e-02|-3.3756595000000e+00|+0.0000000000000e+00|+1.9716023901655e-02|+0.0000000000000e+00
+0000000000000000008|+0000000000000000000|+0000000000000000000|+4.0000000000000e-02|-3.3759104000000e+00|+0.0000000000000e+00|+7.8146698239924e-01|+0.0000000000000e+00
+0000000000000000008|+0000000000000000000|+0000000000000000000|+3.0000000000000e-02|-3.3762806000000e+00|+0.0000000000000e+00|-8.6751104040346e-01|+0.0000000000000e+00
+0000000000000000008|+0000000000000000000|+0000000000000000000|+2.0000000000000e-02|-3.3754572000000e+00|+0.0000000000000e+00|-1.5207925795934e+00|+0.0000000000000e+00
+0000000000000000008|+0000000000000000000|+0000000000000000000|+9.9999999999999e-03|-3.3758638000000e+00|+0.0000000000000e+00|-2.9814015043839e+00|+0.0000000000000e+00
