#
# QHS - DATA
#
# ----------------------------------------
#
# Size                 = +0000000000000000049
# Model                = Periodic-2D
# Algorithm            = SSE
# Start-Temperature    = +0.0000000000000e+00
# End-Temperature      = +4.0000000000000e+00
# Temperature-Step     = +1.0000000000000e-02
#
# Size              | Model-Index        | Algorithm-Index    | Temperature        | AverageEnergy      | StdDvOfEnergy      | AverageCHeat      
# ------------------------------------------------------------------------------------------------------
+0000000000000000049|+0000000000000000003|+0000000000000000000|+4.0000000000000e+00|-4.8366444444442e+00|+1.1734912261242e-01|+1.2717385740439e+00
+0000000000000000049|+0000000000000000003|+0000000000000000000|+3.9900000000000e+00|-4.7273884000000e+00|+1.1683526973641e-01|+1.2483509744004e+00
+0000000000000000049|+0000000000000000003|+0000000000000000000|+3.9800000000000e+00|-4.7805018000001e+00|+1.1714237078326e-01|+1.3050952518995e+00
+0000000000000000049|+0000000000000000003|+0000000000000000000|+3.9700000000000e+00|-4.8934433000001e+00|+1.1695400830615e-01|+1.2738328678997e+00
+0000000000000000049|+0000000000000000003|+0000000000000000000|+3.9600000000000e+00|-4.8367096000000e+00|+1.1680452001749e-01|+1.2910637724000e+00
+0000000000000000049|+0000000000000000003|+0000000000000000000|+3.9500000000000e+00|-4.8608108333333e+00|+1.1665952727754e-01|+1.2886166197226e+00
+0000000000000000049|+0000000000000000003|+0000000000000000000|+3.9400000000000e+00|-4.8854656000000e+00|+1.1619036458159e-01|+1.2374561024001e+00
+0000000000000000049|+0000000000000000003|+0000000000000000000|+3.9300000000000e+00|-4.9244995000000e+00|+1.1720274918700e-01|+1.4058248775001e+00
+0000000000000000049|+0000000000000000003|+0000000000000000000|+3.9200000000000e+00|-4.8897688000001e+00|+1.1648744341903e-01|+1.3322431878997e+00
+0000000000000000049|+0000000000000000003|+0000000000000000000|+3.9100000000000e+00|-5.0005199000001e+00|+1.1610294911736e-01|+1.2714748878996e+00
+0000000000000000049|+0000000000000000003|+0000000000000000000|+3.9000000000000e+00|-4.9514740000001e+00|+1.1617810438256e-01|+1.3214512443998e+00
+0000000000000000049|+0000000000000000003|+0000000000000000000|+3.8900000000000e+00|-5.0366144000002e+00|+1.1647010079075e-01|+1.3707184383995e+00
+0000000000000000049|+0000000000000000003|+0000000000000000000|+3.8800000000000e+00|-4.9437292000000e+00|+1.1622286657271e-01|+1.3831418119003e+00
+0000000000000000049|+0000000000000000003|+0000000000000000000|+3.8700000000000e+00|-4.9618456000000e+00|+1.1591289732188e-01|+1.3572381056004e+00
+0000000000000000049|+0000000000000000003|+0000000000000000000|+3.8600000000000e+00|-5.0342110000000e+00|+1.1599024554011e-01|+1.3773431775002e+00
+0000000000000000049|+0000000000000000003|+0000000000000000000|+3.8500000000000e+00|-5.0882895000001e+00|+1.1597822264861e-01|+1.3885050270996e+00
+0000000000000000049|+0000000000000000003|+0000000000000000000|+3.8400000000000e+00|-5.0183872000000e+00|+1.1557536891604e-01|+1.3707610736003e+00
+0000000000000000049|+0000000000000000003|+0000000000000000000|+3.8300000000000e+00|-5.0698213999999e+00|+1.1596150378141e-01|+1.4455644636005e+00
+0000000000000000049|+0000000000000000003|+0000000000000000000|+3.8200000000000e+00|-5.0905604000001e+00|+1.1532343452590e-01|+1.3668557115999e+00
+0000000000000000049|+0000000000000000003|+0000000000000000000|+3.8100000000000e+00|-5.0910889000002e+00|+1.1517164436395e-01|+1.3701864438997e+00
+0000000000000000049|+0000000000000000003|+0000000000000000000|+3.8000000000000e+00|-5.1087450000001e+00|+1.1474539774269e-01|+1.3253923493748e+00
+0000000000000000049|+0000000000000000003|+0000000000000000000|+3.7900000000000e+00|-5.0845126000000e+00|+1.1534014830069e-01|+1.4546607163997e+00
+0000000000000000049|+0000000000000000003|+0000000000000000000|+3.7800000000000e+00|-5.1408322000000e+00|+1.1437707961466e-01|+1.3133545799002e+00
+0000000000000000049|+0000000000000000003|+0000000000000000000|+3.7700000000000e+00|-5.1587031000001e+00|+1.1519483232092e-01|+1.4685189790996e+00
+0000000000000000049|+0000000000000000003|+0000000000000000000|+3.7600000000000e+00|-5.2178368000000e+00|+1.1454832793891e-01|+1.3765424576004e+00
+0000000000000000049|+0000000000000000003|+0000000000000000000|+3.7500000000000e+00|-5.1563125000000e+00|+1.1483273970669e-01|+1.4678202775002e+00
+0000000000000000049|+0000000000000000003|+0000000000000000000|+3.7400000000000e+00|-5.1674752000001e+00|+1.1450227516185e-01|+1.4397210495999e+00
+0000000000000000049|+0000000000000000003|+0000000000000000000|+3.7300000000000e+00|-5.2235120999999e+00|+1.1462987994303e-01|+1.4747646871008e+00
+0000000000000000049|+0000000000000000003|+0000000000000000000|+3.7200000000000e+00|-5.2189683999999e+00|+1.1462658214444e-01|+1.5048583391010e+00
+0000000000000000049|+0000000000000000003|+0000000000000000000|+3.7100000000000e+00|-5.1874941999999e+00|+1.1402345954947e-01|+1.4428759196004e+00
+0000000000000000049|+0000000000000000003|+0000000000000000000|+3.7000000000000e+00|-5.3068300000000e+00|+1.1428598227116e-01|+1.4838951899999e+00
+0000000000000000049|+0000000000000000003|+0000000000000000000|+3.6900000000000e+00|-5.2507910500000e+00|+1.1373034399266e-01|+1.4359881229752e+00
+0000000000000000049|+0000000000000000003|+0000000000000000000|+3.6800000000000e+00|-5.2911088000000e+00|+1.1375702343809e-01|+1.4592969319002e+00
+0000000000000000049|+0000000000000000003|+0000000000000000000|+3.6700000000000e+00|-5.3179059000000e+00|+1.1351719459853e-01|+1.4416124471000e+00
+0000000000000000049|+0000000000000000003|+0000000000000000000|+3.6600000000000e+00|-5.3518384000000e+00|+1.1363550316334e-01|+1.4825490624000e+00
+0000000000000000049|+0000000000000000003|+0000000000000000000|+3.6500000000000e+00|-5.3455390000001e+00|+1.1416508521267e-01|+1.6053605403997e+00
+0000000000000000049|+0000000000000000003|+0000000000000000000|+3.6400000000000e+00|-5.3965940000001e+00|+1.1407468426288e-01|+1.6071217774998e+00
+0000000000000000049|+0000000000000000003|+0000000000000000000|+3.6300000000000e+00|-5.3315941000000e+00|+1.1344137447567e-01|+1.5472454751001e+00
+0000000000000000049|+0000000000000000003|+0000000000000000000|+3.6200000000000e+00|-5.3591356000001e+00|+1.1316402910037e-01|+1.5230073755999e+00
+0000000000000000049|+0000000000000000003|+0000000000000000000|+3.6100000000000e+00|-5.3784899000000e+00|+1.1325619021282e-01|+1.5650179719003e+00
+0000000000000000049|+0000000000000000003|+0000000000000000000|+3.6000000000000e+00|-5.3982880000001e+00|+1.1270361199767e-01|+1.4949461935993e+00
+0000000000000000049|+0000000000000000003|+0000000000000000000|+3.5900000000000e+00|-5.3769851999999e+00|+1.1282247283825e-01|+1.5532156016008e+00
+0000000000000000049|+0000000000000000003|+0000000000000000000|+3.5800000000000e+00|-5.4839320000001e+00|+1.1346216456694e-01|+1.6682748399995e+00
+0000000000000000049|+0000000000000000003|+0000000000000000000|+3.5700000000000e+00|-5.4597970000001e+00|+1.1252043660040e-01|+1.5409575899998e+00
+0000000000000000049|+0000000000000000003|+0000000000000000000|+3.5600000000000e+00|-5.4222806000001e+00|+1.1225439795069e-01|+1.5366256317752e+00
+0000000000000000049|+0000000000000000003|+0000000000000000000|+3.5500000000000e+00|-5.3766225000001e+00|+1.1214546949112e-01|+1.5625055975004e+00
+0000000000000000049|+0000000000000000003|+0000000000000000000|+3.5400000000000e+00|-5.5578214000003e+00|+1.1257961824955e-01|+1.6218473718991e+00
+0000000000000000049|+0000000000000000003|+0000000000000000000|+3.5300000000000e+00|-5.5069414999999e+00|+1.1188799477959e-01|+1.5450096975009e+00
+0000000000000000049|+0000000000000000003|+0000000000000000000|+3.5200000000000e+00|-5.5440800000002e+00|+1.1188987542124e-01|+1.5678074374994e+00
+0000000000000000049|+0000000000000000003|+0000000000000000000|+3.5100000000000e+00|-5.5549366000001e+00|+1.1239696947192e-01|+1.6903537243993e+00
+0000000000000000049|+0000000000000000003|+0000000000000000000|+3.5000000000000e+00|-5.5888700000001e+00|+1.1221479148603e-01|+1.6814658875997e+00
+0000000000000000049|+0000000000000000003|+0000000000000000000|+3.4900000000000e+00|-5.5862430000000e+00|+1.1171083902940e-01|+1.6239315100005e+00
+0000000000000000049|+0000000000000000003|+0000000000000000000|+3.4800000000000e+00|-5.5693576000002e+00|+1.1153556488652e-01|+1.6306660155995e+00
+0000000000000000049|+0000000000000000003|+0000000000000000000|+3.4700000000000e+00|-5.6762304000002e+00|+1.1145092289718e-01|+1.6185784575995e+00
+0000000000000000049|+0000000000000000003|+0000000000000000000|+3.4600000000000e+00|-5.5733858000001e+00|+1.1090985135843e-01|+1.5823896071003e+00
+0000000000000000049|+0000000000000000003|+0000000000000000000|+3.4500000000000e+00|-5.6120830000001e+00|+1.1154537470094e-01|+1.7243921404003e+00
+0000000000000000049|+0000000000000000003|+0000000000000000000|+3.4400000000000e+00|-5.7166848000002e+00|+1.1126055297368e-01|+1.6758494335993e+00
+0000000000000000049|+0000000000000000003|+0000000000000000000|+3.4300000000000e+00|-5.6607103000000e+00|+1.1104418269724e-01|+1.6867578959004e+00
+0000000000000000049|+0000000000000000003|+0000000000000000000|+3.4200000000000e+00|-5.7247972000001e+00|+1.1138224576994e-01|+1.7679657243999e+00
+0000000000000000049|+0000000000000000003|+0000000000000000000|+3.4100000000000e+00|-5.6292596000002e+00|+1.1068017961494e-01|+1.6982994863990e+00
+0000000000000000049|+0000000000000000003|+0000000000000000000|+3.4000000000000e+00|-5.7380360000003e+00|+1.1088780842309e-01|+1.7421662683992e+00
+0000000000000000049|+0000000000000000003|+0000000000000000000|+3.3900000000000e+00|-5.7161887000001e+00|+1.1054509663544e-01|+1.7191883111000e+00
+0000000000000000049|+0000000000000000003|+0000000000000000000|+3.3800000000000e+00|-5.6986438000002e+00|+1.1040700567610e-01|+1.7343110598993e+00
+0000000000000000049|+0000000000000000003|+0000000000000000000|+3.3700000000000e+00|-5.7278216000001e+00|+1.1042587763157e-01|+1.7662206976002e+00
+0000000000000000049|+0000000000000000003|+0000000000000000000|+3.3600000000000e+00|-5.7065680000001e+00|+1.1045098173251e-01|+1.8147609975007e+00
+0000000000000000049|+0000000000000000003|+0000000000000000000|+3.3500000000000e+00|-5.8092255000000e+00|+1.1030545913937e-01|+1.7932608991007e+00
+0000000000000000049|+0000000000000000003|+0000000000000000000|+3.3400000000000e+00|-5.8316088000002e+00|+1.1042062239166e-01|+1.8472670575997e+00
+0000000000000000049|+0000000000000000003|+0000000000000000000|+3.3300000000000e+00|-5.8819210000001e+00|+1.0997971741553e-01|+1.7829983099998e+00
+0000000000000000049|+0000000000000000003|+0000000000000000000|+3.3200000000000e+00|-5.8164140000001e+00|+1.0948793463959e-01|+1.7431408975001e+00
+0000000000000000049|+0000000000000000003|+0000000000000000000|+3.3100000000000e+00|-5.9137364000001e+00|+1.1026583340697e-01|+1.9079703664003e+00
+0000000000000000049|+0000000000000000003|+0000000000000000000|+3.3000000000000e+00|-5.9161000000002e+00|+1.0974500642691e-01|+1.8415509999998e+00
+0000000000000000049|+0000000000000000003|+0000000000000000000|+3.2900000000000e+00|-5.9490158000001e+00|+1.0971287683891e-01|+1.8643447996003e+00
+0000000000000000049|+0000000000000000003|+0000000000000000000|+3.2800000000000e+00|-5.8537760000002e+00|+1.0932753861151e-01|+1.8546223599999e+00
+0000000000000000049|+0000000000000000003|+0000000000000000000|+3.2700000000000e+00|-5.9150221000001e+00|+1.0937624187995e-01|+1.8856004871004e+00
+0000000000000000049|+0000000000000000003|+0000000000000000000|+3.2600000000000e+00|-5.9457594000002e+00|+1.0937883415847e-01|+1.9169101438995e+00
+0000000000000000049|+0000000000000000003|+0000000000000000000|+3.2500000000000e+00|-5.9237375000001e+00|+1.0945213939294e-01|+1.9795106775006e+00
+0000000000000000049|+0000000000000000003|+0000000000000000000|+3.2400000000000e+00|-5.9712604000001e+00|+1.0920961046649e-01|+1.9555498159005e+00
+0000000000000000049|+0000000000000000003|+0000000000000000000|+3.2300000000000e+00|-5.9981445000001e+00|+1.0837224789688e-01|+1.8139433774999e+00
+0000000000000000049|+0000000000000000003|+0000000000000000000|+3.2200000000000e+00|-6.1484108000004e+00|+1.0905507287392e-01|+1.9511509403986e+00
+0000000000000000049|+0000000000000000003|+0000000000000000000|+3.2100000000000e+00|-6.1335115000001e+00|+1.0897489330472e-01|+1.9807480775008e+00
+0000000000000000049|+0000000000000000003|+0000000000000000000|+3.2000000000000e+00|-6.0456000000001e+00|+1.0876491201030e-01|+2.0058897500005e+00
+0000000000000000049|+0000000000000000003|+0000000000000000000|+3.1900000000000e+00|-6.1599832000001e+00|+1.0852947397755e-01|+1.9623767616001e+00
+0000000000000000049|+0000000000000000003|+0000000000000000000|+3.1800000000000e+00|-6.1448014000001e+00|+1.0830309165958e-01|+1.9612949071002e+00
+0000000000000000049|+0000000000000000003|+0000000000000000000|+3.1700000000000e+00|-6.1513006000002e+00|+1.0864784959937e-01|+2.0765581275999e+00
+0000000000000000049|+0000000000000000003|+0000000000000000000|+3.1600000000000e+00|-6.1207918400002e+00|+1.0799497220992e-01|+1.9884408646234e+00
+0000000000000000049|+0000000000000000003|+0000000000000000000|+3.1500000000000e+00|-6.2010655000002e+00|+1.0827931265910e-01|+2.0684318231000e+00
+0000000000000000049|+0000000000000000003|+0000000000000000000|+3.1400000000000e+00|-6.2491879000003e+00|+1.0792467127360e-01|+2.0196812197741e+00
+0000000000000000049|+0000000000000000003|+0000000000000000000|+3.1300000000000e+00|-6.2335639000001e+00|+1.0781342283861e-01|+2.0444898591011e+00
+0000000000000000049|+0000000000000000003|+0000000000000000000|+3.1200000000000e+00|-6.1686328000002e+00|+1.0756379559912e-01|+2.0547745039006e+00
+0000000000000000049|+0000000000000000003|+0000000000000000000|+3.1100000000000e+00|-6.2575579000002e+00|+1.0754234991024e-01|+2.0663557878995e+00
+0000000000000000049|+0000000000000000003|+0000000000000000000|+3.1000000000000e+00|-6.2645395000003e+00|+1.0765819280919e-01|+2.1354008379745e+00
+0000000000000000049|+0000000000000000003|+0000000000000000000|+3.0900000000000e+00|-6.4010815000002e+00|+1.0801391817441e-01|+2.2176198775003e+00
+0000000000000000049|+0000000000000000003|+0000000000000000000|+3.0800000000000e+00|-6.3732732000001e+00|+1.0729995812077e-01|+2.1116140359008e+00
+0000000000000000049|+0000000000000000003|+0000000000000000000|+3.0700000000000e+00|-6.3288786000002e+00|+1.0657377004541e-01|+2.0078376795993e+00
+0000000000000000049|+0000000000000000003|+0000000000000000000|+3.0600000000000e+00|-6.3521134000001e+00|+1.0702559511237e-01|+2.1493718879010e+00
+0000000000000000049|+0000000000000000003|+0000000000000000000|+3.0500000000000e+00|-6.3816770000001e+00|+1.0700141936976e-01|+2.1813999804005e+00
+0000000000000000049|+0000000000000000003|+0000000000000000000|+3.0400000000000e+00|-6.3967360000002e+00|+1.0726947266304e-01|+2.2863804400006e+00
+0000000000000000049|+0000000000000000003|+0000000000000000000|+3.0300000000000e+00|-6.4409965000002e+00|+1.0656606727317e-01|+2.1567265975006e+00
+0000000000000000049|+0000000000000000003|+0000000000000000000|+3.0200000000000e+00|-6.4343734000002e+00|+1.0646894779898e-01|+2.1844683511001e+00
+0000000000000000049|+0000000000000000003|+0000000000000000000|+3.0100000000000e+00|-6.5007726000001e+00|+1.0647189349645e-01|+2.2117834524001e+00
+0000000000000000049|+0000000000000000003|+0000000000000000000|+3.0000000000000e+00|-6.4798600000002e+00|+1.0665488720418e-01|+2.3112993756002e+00
+0000000000000000049|+0000000000000000003|+0000000000000000000|+2.9900000000000e+00|-6.4286198000004e+00|+1.0616930072458e-01|+2.2629902395992e+00
+0000000000000000049|+0000000000000000003|+0000000000000000000|+2.9800000000000e+00|-6.6210638000001e+00|+1.0624164868838e-01|+2.2657562439008e+00
+0000000000000000049|+0000000000000000003|+0000000000000000000|+2.9700000000000e+00|-6.7012459000002e+00|+1.0629675647035e-01|+2.3026000791003e+00
+0000000000000000049|+0000000000000000003|+0000000000000000000|+2.9600000000000e+00|-6.6019928000002e+00|+1.0626034535317e-01|+2.3784947951001e+00
+0000000000000000049|+0000000000000000003|+0000000000000000000|+2.9500000000000e+00|-6.6163640000004e+00|+1.0617368860582e-01|+2.4043636735986e+00
+0000000000000000049|+0000000000000000003|+0000000000000000000|+2.9400000000000e+00|-6.6402154000003e+00|+1.0543160791980e-01|+2.2669825518992e+00
+0000000000000000049|+0000000000000000003|+0000000000000000000|+2.9300000000000e+00|-6.6418273000003e+00|+1.0588310335910e-01|+2.4293294678991e+00
+0000000000000000049|+0000000000000000003|+0000000000000000000|+2.9200000000000e+00|-6.7318528000002e+00|+1.0523359758043e-01|+2.2908866944002e+00
+0000000000000000049|+0000000000000000003|+0000000000000000000|+2.9100000000000e+00|-6.7205752000003e+00|+1.0498346264845e-01|+2.2853271616001e+00
+0000000000000000049|+0000000000000000003|+0000000000000000000|+2.9000000000000e+00|-6.7305060000003e+00|+1.0562917244115e-01|+2.4965036603993e+00
+0000000000000000049|+0000000000000000003|+0000000000000000000|+2.8900000000000e+00|-6.7134739000003e+00|+1.0484707280496e-01|+2.3600237398990e+00
+0000000000000000049|+0000000000000000003|+0000000000000000000|+2.8800000000000e+00|-6.7109056000003e+00|+1.0494333469610e-01|+2.4393101055996e+00
+0000000000000000049|+0000000000000000003|+0000000000000000000|+2.8700000000000e+00|-6.8255047000004e+00|+1.0510453256356e-01|+2.4954026638986e+00
+0000000000000000049|+0000000000000000003|+0000000000000000000|+2.8600000000000e+00|-6.8680510000002e+00|+1.0547452179752e-01|+2.6315463775012e+00
+0000000000000000049|+0000000000000000003|+0000000000000000000|+2.8500000000000e+00|-6.8046850000003e+00|+1.0454502683696e-01|+2.4705871899995e+00
+0000000000000000049|+0000000000000000003|+0000000000000000000|+2.8400000000000e+00|-6.8566956000002e+00|+1.0458242709222e-01|+2.5182116118999e+00
+0000000000000000049|+0000000000000000003|+0000000000000000000|+2.8300000000000e+00|-6.9227082476192e+00|+1.0455414447364e-01|+2.5444811842156e+00
+0000000000000000049|+0000000000000000003|+0000000000000000000|+2.8200000000000e+00|-7.0000768000002e+00|+1.0424859556454e-01|+2.4944183424005e+00
+0000000000000000049|+0000000000000000003|+0000000000000000000|+2.8100000000000e+00|-7.0418285000004e+00|+1.0443668014723e-01|+2.5869424774997e+00
+0000000000000000049|+0000000000000000003|+0000000000000000000|+2.8000000000000e+00|-6.9573840000003e+00|+1.0419214628747e-01|+2.6107783515999e+00
+0000000000000000049|+0000000000000000003|+0000000000000000000|+2.7900000000000e+00|-7.0046800000002e+00|+1.0401337725709e-01|+2.6051760000012e+00
+0000000000000000049|+0000000000000000003|+0000000000000000000|+2.7800000000000e+00|-7.1000932000003e+00|+1.0413034707735e-01|+2.6618950364001e+00
+0000000000000000049|+0000000000000000003|+0000000000000000000|+2.7700000000000e+00|-7.0328490000002e+00|+1.0365773287739e-01|+2.6186343100012e+00
+0000000000000000049|+0000000000000000003|+0000000000000000000|+2.7600000000000e+00|-7.0692388000005e+00|+1.0353995502358e-01|+2.6338221030981e+00
+0000000000000000049|+0000000000000000003|+0000000000000000000|+2.7500000000000e+00|-7.1692200000002e+00|+1.0337986541788e-01|+2.6146014336012e+00
+0000000000000000049|+0000000000000000003|+0000000000000000000|+2.7400000000000e+00|-7.1357934000003e+00|+1.0305921682154e-01|+2.5999422719008e+00
+0000000000000000049|+0000000000000000003|+0000000000000000000|+2.7300000000000e+00|-7.1452045000005e+00|+1.0360204485138e-01|+2.8085302774989e+00
+0000000000000000049|+0000000000000000003|+0000000000000000000|+2.7200000000000e+00|-7.2006752000003e+00|+1.0319502086653e-01|+2.7378402844009e+00
+0000000000000000049|+0000000000000000003|+0000000000000000000|+2.7100000000000e+00|-7.1893579000005e+00|+1.0308538140035e-01|+2.7746316198992e+00
+0000000000000000049|+0000000000000000003|+0000000000000000000|+2.7000000000000e+00|-7.2857500000002e+00|+1.0314234323520e-01|+2.8191037500008e+00
+0000000000000000049|+0000000000000000003|+0000000000000000000|+2.6900000000000e+00|-7.2521144000002e+00|+1.0284609707763e-01|+2.8122098624006e+00
+0000000000000000049|+0000000000000000003|+0000000000000000000|+2.6800000000000e+00|-7.2350056000003e+00|+1.0279134143879e-01|+2.8681523836005e+00
+0000000000000000049|+0000000000000000003|+0000000000000000000|+2.6700000000000e+00|-7.3437016000004e+00|+1.0273893358441e-01|+2.8783748095989e+00
+0000000000000000049|+0000000000000000003|+0000000000000000000|+2.6600000000000e+00|-7.3874682000004e+00|+1.0241816246642e-01|+2.8356104270994e+00
+0000000000000000049|+0000000000000000003|+0000000000000000000|+2.6500000000000e+00|-7.4152750000004e+00|+1.0202648000740e-01|+2.7779477499991e+00
+0000000000000000049|+0000000000000000003|+0000000000000000000|+2.6400000000000e+00|-7.4776336000004e+00|+1.0212796992518e-01|+2.8509296923995e+00
+0000000000000000049|+0000000000000000003|+0000000000000000000|+2.6300000000000e+00|-7.4876643000004e+00|+1.0223151672969e-01|+2.9456579879000e+00
+0000000000000000049|+0000000000000000003|+0000000000000000000|+2.6200000000000e+00|-7.4123598000003e+00|+1.0205988954550e-01|+2.9924555159005e+00
+0000000000000000049|+0000000000000000003|+0000000000000000000|+2.6100000000000e+00|-7.5238126000003e+00|+1.0211831150172e-01|+3.0370834843997e+00
+0000000000000000049|+0000000000000000003|+0000000000000000000|+2.6000000000000e+00|-7.5325720000003e+00|+1.0199650579898e-01|+3.0677191516013e+00
+0000000000000000049|+0000000000000000003|+0000000000000000000|+2.5900000000000e+00|-7.5797659000003e+00|+1.0165565823458e-01|+3.0175162799015e+00
+0000000000000000049|+0000000000000000003|+0000000000000000000|+2.5800000000000e+00|-7.5714382000004e+00|+1.0157096572577e-01|+3.0665199758998e+00
+0000000000000000049|+0000000000000000003|+0000000000000000000|+2.5700000000000e+00|-7.6640897000003e+00|+1.0191228353682e-01|+3.2080786558998e+00
+0000000000000000049|+0000000000000000003|+0000000000000000000|+2.5600000000000e+00|-7.6757696000005e+00|+1.0166443943973e-01|+3.2007258043985e+00
+0000000000000000049|+0000000000000000003|+0000000000000000000|+2.5500000000000e+00|-7.6863295000004e+00|+1.0139909226337e-01|+3.1883640319004e+00
+0000000000000000049|+0000000000000000003|+0000000000000000000|+2.5400000000000e+00|-7.6904360000003e+00|+1.0112383266839e-01|+3.1753924400002e+00
+0000000000000000049|+0000000000000000003|+0000000000000000000|+2.5300000000000e+00|-7.6777038000003e+00|+1.0094848148208e-01|+3.2005152284001e+00
+0000000000000000049|+0000000000000000003|+0000000000000000000|+2.5200000000000e+00|-7.7744212000003e+00|+1.0023412900485e-01|+3.0119705639012e+00
+0000000000000000049|+0000000000000000003|+0000000000000000000|+2.5100000000000e+00|-7.8175050000004e+00|+1.0061464725388e-01|+3.1913797500001e+00
+0000000000000000049|+0000000000000000003|+0000000000000000000|+2.5000000000000e+00|-7.9079625000004e+00|+1.0044340407713e-01|+3.1774046557753e+00
+0000000000000000049|+0000000000000000003|+0000000000000000000|+2.4900000000000e+00|-7.9051588000005e+00|+1.0048280499612e-01|+3.2691406255998e+00
+0000000000000000049|+0000000000000000003|+0000000000000000000|+2.4800000000000e+00|-7.9007660000005e+00|+1.0009395423346e-01|+3.2232177193725e+00
+0000000000000000049|+0000000000000000003|+0000000000000000000|+2.4700000000000e+00|-8.0082134000003e+00|+9.9914001709373e-02|+3.1999881116010e+00
+0000000000000000049|+0000000000000000003|+0000000000000000000|+2.4600000000000e+00|-8.0227498000003e+00|+1.0000910624535e-01|+3.3052824031008e+00
+0000000000000000049|+0000000000000000003|+0000000000000000000|+2.4500000000000e+00|-8.0539830000005e+00|+1.0052968121531e-01|+3.5476557243988e+00
+0000000000000000049|+0000000000000000003|+0000000000000000000|+2.4400000000000e+00|-8.0481604000005e+00|+1.0039526346237e-01|+3.5885008518985e+00
+0000000000000000049|+0000000000000000003|+0000000000000000000|+2.4300000000000e+00|-8.2033288000006e+00|+1.0002100691500e-01|+3.4823494143989e+00
+0000000000000000049|+0000000000000000003|+0000000000000000000|+2.4200000000000e+00|-8.1399113333336e+00|+9.9698897541710e-02|+3.4833987455577e+00
+0000000000000000049|+0000000000000000003|+0000000000000000000|+2.4100000000000e+00|-8.1815280000005e+00|+1.0012402753091e-01|+3.6975433599990e+00
+0000000000000000049|+0000000000000000003|+0000000000000000000|+2.4000000000000e+00|-8.2735720000005e+00|+9.9438369631732e-02|+3.5092765209744e+00
+0000000000000000049|+0000000000000000003|+0000000000000000000|+2.3900000000000e+00|-8.2298311000005e+00|+9.8776539359912e-02|+3.3847436398999e+00
+0000000000000000049|+0000000000000000003|+0000000000000000000|+2.3800000000000e+00|-8.2745040000006e+00|+9.9451806342450e-02|+3.6885473599982e+00
+0000000000000000049|+0000000000000000003|+0000000000000000000|+2.3700000000000e+00|-8.3158495000004e+00|+9.8852132873566e-02|+3.5489516775010e+00
+0000000000000000049|+0000000000000000003|+0000000000000000000|+2.3600000000000e+00|-8.2868546000004e+00|+9.8774362388793e-02|+3.6227042197751e+00
+0000000000000000049|+0000000000000000003|+0000000000000000000|+2.3500000000000e+00|-8.3664655000005e+00|+9.8901104968992e-02|+3.7244563670998e+00
+0000000000000000049|+0000000000000000003|+0000000000000000000|+2.3400000000000e+00|-8.3755960000006e+00|+9.8721989143210e-02|+3.7478396399989e+00
+0000000000000000049|+0000000000000000003|+0000000000000000000|+2.3300000000000e+00|-8.3811231000007e+00|+9.7852715850730e-02|+3.5235403150978e+00
+0000000000000000049|+0000000000000000003|+0000000000000000000|+2.3200000000000e+00|-8.4170068000006e+00|+9.8190323692522e-02|+3.7225586267746e+00
+0000000000000000049|+0000000000000000003|+0000000000000000000|+2.3100000000000e+00|-8.5223278000005e+00|+9.8327294355213e-02|+3.8213906556001e+00
+0000000000000000049|+0000000000000000003|+0000000000000000000|+2.3000000000000e+00|-8.5405810000007e+00|+9.7744771380759e-02|+3.6932916790989e+00
+0000000000000000049|+0000000000000000003|+0000000000000000000|+2.2900000000000e+00|-8.6291552000004e+00|+9.7689700677165e-02|+3.7294230656014e+00
+0000000000000000049|+0000000000000000003|+0000000000000000000|+2.2800000000000e+00|-8.7058288000007e+00|+9.7819891525325e-02|+3.8412691183982e+00
+0000000000000000049|+0000000000000000003|+0000000000000000000|+2.2700000000000e+00|-8.6429988000004e+00|+9.7882260850577e-02|+3.9909918064028e+00
+0000000000000000049|+0000000000000000003|+0000000000000000000|+2.2600000000000e+00|-8.7260228000006e+00|+9.7408523558436e-02|+3.8734248315999e+00
+0000000000000000049|+0000000000000000003|+0000000000000000000|+2.2500000000000e+00|-8.8188325000005e+00|+9.7760456509169e-02|+4.0679779431015e+00
+0000000000000000049|+0000000000000000003|+0000000000000000000|+2.2400000000000e+00|-8.8187680000006e+00|+9.7272481519614e-02|+3.9811571974992e+00
+0000000000000000049|+0000000000000000003|+0000000000000000000|+2.2300000000000e+00|-8.8054514000006e+00|+9.7403648714522e-02|+4.1412583675993e+00
+0000000000000000049|+0000000000000000003|+0000000000000000000|+2.2200000000000e+00|-8.9436562000007e+00|+9.7414672840738e-02|+4.1883326158980e+00
+0000000000000000049|+0000000000000000003|+0000000000000000000|+2.2100000000000e+00|-8.8641932000004e+00|+9.6852394892171e-02|+4.1071265136036e+00
+0000000000000000049|+0000000000000000003|+0000000000000000000|+2.2000000000000e+00|-8.9038980000006e+00|+9.6769393881120e-02|+4.1622347119004e+00
+0000000000000000049|+0000000000000000003|+0000000000000000000|+2.1900000000000e+00|-9.0084892000006e+00|+9.6553708219861e-02|+4.1352915376006e+00
+0000000000000000049|+0000000000000000003|+0000000000000000000|+2.1800000000000e+00|-9.0745724000006e+00|+9.6479798899441e-02|+4.1834946076019e+00
+0000000000000000049|+0000000000000000003|+0000000000000000000|+2.1700000000000e+00|-8.9897836000005e+00|+9.6092693189890e-02|+4.1742217136011e+00
+0000000000000000049|+0000000000000000003|+0000000000000000000|+2.1600000000000e+00|-9.0938212000007e+00|+9.6172446142243e-02|+4.2694382369740e+00
+0000000000000000049|+0000000000000000003|+0000000000000000000|+2.1500000000000e+00|-9.1643345000005e+00|+9.5987815871560e-02|+4.2723796911036e+00
+0000000000000000049|+0000000000000000003|+0000000000000000000|+2.1400000000000e+00|-9.2201282714294e+00|+9.6046834118057e-02|+4.3845846680518e+00
+0000000000000000049|+0000000000000000003|+0000000000000000000|+2.1300000000000e+00|-9.2939410000006e+00|+9.5611897957082e-02|+4.2818035100004e+00
+0000000000000000049|+0000000000000000003|+0000000000000000000|+2.1200000000000e+00|-9.3108200000007e+00|+9.5832866930915e-02|+4.4836377499991e+00
+0000000000000000049|+0000000000000000003|+0000000000000000000|+2.1100000000000e+00|-9.3089731000007e+00|+9.5606180130346e-02|+4.5055912959006e+00
+0000000000000000049|+0000000000000000003|+0000000000000000000|+2.1000000000000e+00|-9.4064320000008e+00|+9.5830963369315e-02|+4.6764273535976e+00
+0000000000000000049|+0000000000000000003|+0000000000000000000|+2.0900000000000e+00|-9.4675369000009e+00|+9.5231499357406e-02|+4.5074891918963e+00
+0000000000000000049|+0000000000000000003|+0000000000000000000|+2.0800000000000e+00|-9.5400112000007e+00|+9.5681347937946e-02|+4.7930901479001e+00
+0000000000000000049|+0000000000000000003|+0000000000000000000|+2.0700000000000e+00|-9.5071399000005e+00|+9.4785059204647e-02|+4.5364677551013e+00
+0000000000000000049|+0000000000000000003|+0000000000000000000|+2.0600000000000e+00|-9.6321606000007e+00|+9.4981735876936e-02|+4.6880076198996e+00
+0000000000000000049|+0000000000000000003|+0000000000000000000|+2.0500000000000e+00|-9.5929350000008e+00|+9.5146839914374e-02|+4.9088975099975e+00
+0000000000000000049|+0000000000000000003|+0000000000000000000|+2.0400000000000e+00|-9.7684096000008e+00|+9.4789411530594e-02|+4.7899329023983e+00
+0000000000000000049|+0000000000000000003|+0000000000000000000|+2.0300000000000e+00|-9.7109810000006e+00|+9.5068079338628e-02|+5.0770627100014e+00
+0000000000000000049|+0000000000000000003|+0000000000000000000|+2.0200000000000e+00|-9.8471104000008e+00|+9.4550584581614e-02|+4.9034476095975e+00
+0000000000000000049|+0000000000000000003|+0000000000000000000|+2.0100000000000e+00|-9.8694925000007e+00|+9.4227241678044e-02|+4.8751694375009e+00
+0000000000000000049|+0000000000000000003|+0000000000000000000|+2.0000000000000e+00|-9.9066200000006e+00|+9.4051297610503e-02|+4.9085950439022e+00
+0000000000000000049|+0000000000000000003|+0000000000000000000|+1.9900000000000e+00|-9.9594768000006e+00|+9.3998493840652e-02|+4.9933016576003e+00
+0000000000000000049|+0000000000000000003|+0000000000000000000|+1.9800000000000e+00|-9.9918970000007e+00|+9.4073301391751e-02|+5.1512739775007e+00
+0000000000000000049|+0000000000000000003|+0000000000000000000|+1.9700000000000e+00|-1.0024328800001e+01|+9.3732875062790e-02|+5.1113929984009e+00
+0000000000000000049|+0000000000000000003|+0000000000000000000|+1.9600000000000e+00|-1.0080633780001e+01|+9.3673392088212e-02|+5.1958108444217e+00
+0000000000000000049|+0000000000000000003|+0000000000000000000|+1.9500000000000e+00|-1.0149231500001e+01|+9.3582441546362e-02|+5.2602168466569e+00
+0000000000000000049|+0000000000000000003|+0000000000000000000|+1.9400000000000e+00|-1.0188092400001e+01|+9.3190293756330e-02|+5.1920301883986e+00
+0000000000000000049|+0000000000000000003|+0000000000000000000|+1.9300000000000e+00|-1.0270841400001e+01|+9.3136915730080e-02|+5.2695246395998e+00
+0000000000000000049|+0000000000000000003|+0000000000000000000|+1.9200000000000e+00|-1.0301257600001e+01|+9.3401837901495e-02|+5.5370808209754e+00
+0000000000000000049|+0000000000000000003|+0000000000000000000|+1.9100000000000e+00|-1.0313016100001e+01|+9.3173105112826e-02|+5.5674825758992e+00
+0000000000000000049|+0000000000000000003|+0000000000000000000|+1.9000000000000e+00|-1.0380668666667e+01|+9.2807726963012e-02|+5.4988526591567e+00
+0000000000000000049|+0000000000000000003|+0000000000000000000|+1.8900000000000e+00|-1.0464218800001e+01|+9.2762736649503e-02|+5.5872664958252e+00
+0000000000000000049|+0000000000000000003|+0000000000000000000|+1.8800000000000e+00|-1.0540286000001e+01|+9.2566885423723e-02|+5.6026415975006e+00
+0000000000000000049|+0000000000000000003|+0000000000000000000|+1.8700000000000e+00|-1.0612840400001e+01|+9.2390219148311e-02|+5.6306953136012e+00
+0000000000000000049|+0000000000000000003|+0000000000000000000|+1.8600000000000e+00|-1.0757006800001e+01|+9.2377299673812e-02|+5.7084890555997e+00
+0000000000000000049|+0000000000000000003|+0000000000000000000|+1.8500000000000e+00|-1.0711401500001e+01|+9.2134139536048e-02|+5.7669584239032e+00
+0000000000000000049|+0000000000000000003|+0000000000000000000|+1.8400000000000e+00|-1.0750904000001e+01|+9.2096199407323e-02|+5.8917043900001e+00
+0000000000000000049|+0000000000000000003|+0000000000000000000|+1.8300000000000e+00|-1.0817732725001e+01|+9.1919518285871e-02|+5.9279400204456e+00
+0000000000000000049|+0000000000000000003|+0000000000000000000|+1.8200000000000e+00|-1.0850217933334e+01|+9.1656069927202e-02|+5.9360445813234e+00
+0000000000000000049|+0000000000000000003|+0000000000000000000|+1.8100000000000e+00|-1.0962678400001e+01|+9.1621442264819e-02|+6.0282178303985e+00
+0000000000000000049|+0000000000000000003|+0000000000000000000|+1.8000000000000e+00|-1.0974832000001e+01|+9.1712909576335e-02|+6.2498361024020e+00
+0000000000000000049|+0000000000000000003|+0000000000000000000|+1.7900000000000e+00|-1.1105838700001e+01|+9.0945645389429e-02|+5.9200342590985e+00
+0000000000000000049|+0000000000000000003|+0000000000000000000|+1.7800000000000e+00|-1.1144624600001e+01|+9.1447248151198e-02|+6.3660514950981e+00
+0000000000000000049|+0000000000000000003|+0000000000000000000|+1.7700000000000e+00|-1.1189306500001e+01|+9.0928800671101e-02|+6.2249440974981e+00
+0000000000000000049|+0000000000000000003|+0000000000000000000|+1.7600000000000e+00|-1.1224532800001e+01|+9.0708536138697e-02|+6.2619381190988e+00
+0000000000000000049|+0000000000000000003|+0000000000000000000|+1.7500000000000e+00|-1.1281917500001e+01|+9.0698697979636e-02|+6.4117408238995e+00
+0000000000000000049|+0000000000000000003|+0000000000000000000|+1.7400000000000e+00|-1.1354822800001e+01|+9.0911773333888e-02|+6.6897373115959e+00
+0000000000000000049|+0000000000000000003|+0000000000000000000|+1.7300000000000e+00|-1.1351118700001e+01|+9.0301858533571e-02|+6.5199862239004e+00
+0000000000000000049|+0000000000000000003|+0000000000000000000|+1.7200000000000e+00|-1.1432313600001e+01|+9.0239247785591e-02|+6.6317928255976e+00
+0000000000000000049|+0000000000000000003|+0000000000000000000|+1.7100000000000e+00|-1.1603264200001e+01|+9.0083120838288e-02|+6.6362264795982e+00
+0000000000000000049|+0000000000000000003|+0000000000000000000|+1.7000000000000e+00|-1.1645026000001e+01|+9.0130598236153e-02|+6.8444912316008e+00
+0000000000000000049|+0000000000000000003|+0000000000000000000|+1.6900000000000e+00|-1.1689355800001e+01|+8.9796359274278e-02|+6.8155130076014e+00
+0000000000000000049|+0000000000000000003|+0000000000000000000|+1.6800000000000e+00|-1.1758314400001e+01|+8.9743919607875e-02|+6.9507117710944e+00
+0000000000000000049|+0000000000000000003|+0000000000000000000|+1.6700000000000e+00|-1.1875522500001e+01|+8.9449237514405e-02|+6.9047069374982e+00
+0000000000000000049|+0000000000000000003|+0000000000000000000|+1.6600000000000e+00|-1.1855751300001e+01|+8.9558323952571e-02|+7.2029198869732e+00
+0000000000000000049|+0000000000000000003|+0000000000000000000|+1.6500000000000e+00|-1.1984965000001e+01|+8.9319567486031e-02|+7.1888635900010e+00
+0000000000000000049|+0000000000000000003|+0000000000000000000|+1.6400000000000e+00|-1.2072114800001e+01|+8.9071520471684e-02|+7.1948079950970e+00
+0000000000000000049|+0000000000000000003|+0000000000000000000|+1.6300000000000e+00|-1.2146792850001e+01|+8.8797574322106e-02|+7.1918155369752e+00
+0000000000000000049|+0000000000000000003|+0000000000000000000|+1.6200000000000e+00|-1.2196925800001e+01|+8.8649287849102e-02|+7.2893171274538e+00
+0000000000000000049|+0000000000000000003|+0000000000000000000|+1.6100000000000e+00|-1.2333515600001e+01|+8.8516694491911e-02|+7.3462662383912e+00
+0000000000000000049|+0000000000000000003|+0000000000000000000|+1.6000000000000e+00|-1.2361984000001e+01|+8.8865480732061e-02|+7.8061192123956e+00
+0000000000000000049|+0000000000000000003|+0000000000000000000|+1.5900000000000e+00|-1.2464558500001e+01|+8.8318477486049e-02|+7.6025815774963e+00
+0000000000000000049|+0000000000000000003|+0000000000000000000|+1.5800000000000e+00|-1.2455394200001e+01|+8.7863258709677e-02|+7.5317575398978e+00
+0000000000000000049|+0000000000000000003|+0000000000000000000|+1.5700000000000e+00|-1.2573414800001e+01|+8.8162342113683e-02|+7.9163259503951e+00
+0000000000000000049|+0000000000000000003|+0000000000000000000|+1.5600000000000e+00|-1.2668575600001e+01|+8.8014338199418e-02|+8.0023474798995e+00
+0000000000000000049|+0000000000000000003|+0000000000000000000|+1.5500000000000e+00|-1.2743365125001e+01|+8.7716357464871e-02|+7.9944572594921e+00
+0000000000000000049|+0000000000000000003|+0000000000000000000|+1.5400000000000e+00|-1.2855302600001e+01|+8.7493969495693e-02|+8.0186902438989e+00
+0000000000000000049|+0000000000000000003|+0000000000000000000|+1.5300000000000e+00|-1.2940844200001e+01|+8.8057527483733e-02|+8.6501071004031e+00
+0000000000000000049|+0000000000000000003|+0000000000000000000|+1.5200000000000e+00|-1.2990648000001e+01|+8.7271967902918e-02|+8.2975079899987e+00
+0000000000000000049|+0000000000000000003|+0000000000000000000|+1.5100000000000e+00|-1.3027584550001e+01|+8.6932581422516e-02|+8.2884641829775e+00
+0000000000000000049|+0000000000000000003|+0000000000000000000|+1.5000000000000e+00|-1.3116895000001e+01|+8.6584216162918e-02|+8.2379669151010e+00
+0000000000000000049|+0000000000000000003|+0000000000000000000|+1.4900000000000e+00|-1.3270263300001e+01|+8.6748946500457e-02|+8.5440203110979e+00
+0000000000000000049|+0000000000000000003|+0000000000000000000|+1.4800000000000e+00|-1.3306333600001e+01|+8.6376453444922e-02|+8.5135511676016e+00
+0000000000000000049|+0000000000000000003|+0000000000000000000|+1.4700000000000e+00|-1.3455870400001e+01|+8.6715217654908e-02|+8.9743350975997e+00
+0000000000000000049|+0000000000000000003|+0000000000000000000|+1.4600000000000e+00|-1.3504325600001e+01|+8.6286359576145e-02|+8.8945382703997e+00
+0000000000000000049|+0000000000000000003|+0000000000000000000|+1.4500000000000e+00|-1.3555859000001e+01|+8.6021539942016e-02|+8.9458540236006e+00
+0000000000000000049|+0000000000000000003|+0000000000000000000|+1.4400000000000e+00|-1.3667300800001e+01|+8.6081385880646e-02|+9.2263342951041e+00
+0000000000000000049|+0000000000000000003|+0000000000000000000|+1.4300000000000e+00|-1.3794427600001e+01|+8.5612398901795e-02|+9.0598403375960e+00
+0000000000000000049|+0000000000000000003|+0000000000000000000|+1.4200000000000e+00|-1.3835711600001e+01|+8.5588883349760e-02|+9.3287708796024e+00
+0000000000000000049|+0000000000000000003|+0000000000000000000|+1.4100000000000e+00|-1.3926278800001e+01|+8.5543008681612e-02|+9.5506728176076e+00
+0000000000000000049|+0000000000000000003|+0000000000000000000|+1.4000000000000e+00|-1.4061418000001e+01|+8.5054817941921e-02|+9.3622454230987e+00
+0000000000000000049|+0000000000000000003|+0000000000000000000|+1.3900000000000e+00|-1.4160195100001e+01|+8.5108558871432e-02|+9.6732846518931e+00
+0000000000000000049|+0000000000000000003|+0000000000000000000|+1.3800000000000e+00|-1.4235385600001e+01|+8.5203276947374e-02|+1.0047202425594e+01
+0000000000000000049|+0000000000000000003|+0000000000000000000|+1.3700000000000e+00|-1.4291426700001e+01|+8.4365345126413e-02|+9.6029316918991e+00
+0000000000000000049|+0000000000000000003|+0000000000000000000|+1.3600000000000e+00|-1.4384671200001e+01|+8.4300035020036e-02|+9.8262866110966e+00
+0000000000000000049|+0000000000000000003|+0000000000000000000|+1.3500000000000e+00|-1.4536195000001e+01|+8.4514822680546e-02|+1.0272453510005e+01
+0000000000000000049|+0000000000000000003|+0000000000000000000|+1.3400000000000e+00|-1.4629085400001e+01|+8.4369947476318e-02|+1.0438175343910e+01
+0000000000000000049|+0000000000000000003|+0000000000000000000|+1.3300000000000e+00|-1.4777666400001e+01|+8.3868335530178e-02|+1.0228190873603e+01
+0000000000000000049|+0000000000000000003|+0000000000000000000|+1.3200000000000e+00|-1.4872704800001e+01|+8.3741332111899e-02|+1.0415016122615e+01
+0000000000000000049|+0000000000000000003|+0000000000000000000|+1.3100000000000e+00|-1.4970627500001e+01|+8.3776435509272e-02|+1.0763574937499e+01
+0000000000000000049|+0000000000000000003|+0000000000000000000|+1.3000000000000e+00|-1.5087717000001e+01|+8.3724110239853e-02|+1.1021434631900e+01
+0000000000000000049|+0000000000000000003|+0000000000000000000|+1.2900000000000e+00|-1.5196176700001e+01|+8.3123723256814e-02|+1.0744880827102e+01
+0000000000000000049|+0000000000000000003|+0000000000000000000|+1.2800000000000e+00|-1.5263174400001e+01|+8.3219458230282e-02|+1.1200557599599e+01
+0000000000000000049|+0000000000000000003|+0000000000000000000|+1.2700000000000e+00|-1.5371675400001e+01|+8.2975047209094e-02|+1.1286919199609e+01
+0000000000000000049|+0000000000000000003|+0000000000000000000|+1.2600000000000e+00|-1.5508641400001e+01|+8.2646807876083e-02|+1.1266836647900e+01
+0000000000000000049|+0000000000000000003|+0000000000000000000|+1.2500000000000e+00|-1.5662200000001e+01|+8.2557862715002e-02|+1.1487002342394e+01
+0000000000000000049|+0000000000000000003|+0000000000000000000|+1.2400000000000e+00|-1.5702412000001e+01|+8.2172020127991e-02|+1.1488466309998e+01
+0000000000000000049|+0000000000000000003|+0000000000000000000|+1.2300000000000e+00|-1.5850715800001e+01|+8.1909235134050e-02|+1.1536214188410e+01
+0000000000000000049|+0000000000000000003|+0000000000000000000|+1.2200000000000e+00|-1.6012271600001e+01|+8.1713108304548e-02|+1.1649202031600e+01
+0000000000000000049|+0000000000000000003|+0000000000000000000|+1.2100000000000e+00|-1.6087017900002e+01|+8.1532905095851e-02|+1.1856571859896e+01
+0000000000000000049|+0000000000000000003|+0000000000000000000|+1.2000000000000e+00|-1.6208104000001e+01|+8.1649330761738e-02|+1.2367875503596e+01
+0000000000000000049|+0000000000000000003|+0000000000000000000|+1.1900000000000e+00|-1.6373477400001e+01|+8.1130635552618e-02|+1.2128931548399e+01
+0000000000000000049|+0000000000000000003|+0000000000000000000|+1.1800000000000e+00|-1.6449481000001e+01|+8.1097078203068e-02|+1.2525421297506e+01
+0000000000000000049|+0000000000000000003|+0000000000000000000|+1.1700000000000e+00|-1.6531794700002e+01|+8.0829215484333e-02|+1.2652412591897e+01
+0000000000000000049|+0000000000000000003|+0000000000000000000|+1.1600000000000e+00|-1.6690465520001e+01|+8.0669338118905e-02|+1.2847780603526e+01
+0000000000000000049|+0000000000000000003|+0000000000000000000|+1.1500000000000e+00|-1.6847905000002e+01|+8.0137875152768e-02|+1.2600587909994e+01
+0000000000000000049|+0000000000000000003|+0000000000000000000|+1.1400000000000e+00|-1.6997772700002e+01|+8.0330788974578e-02|+1.3247493581963e+01
+0000000000000000049|+0000000000000000003|+0000000000000000000|+1.1300000000000e+00|-1.7104588600002e+01|+8.0134326665341e-02|+1.3466596031608e+01
+0000000000000000049|+0000000000000000003|+0000000000000000000|+1.1200000000000e+00|-1.7189793600002e+01|+7.9493230038171e-02|+1.3147997619092e+01
+0000000000000000049|+0000000000000000003|+0000000000000000000|+1.1100000000000e+00|-1.7347888000002e+01|+7.9201662378256e-02|+1.3206399360006e+01
+0000000000000000049|+0000000000000000003|+0000000000000000000|+1.1000000000000e+00|-1.7461892500002e+01|+7.9246426710981e-02|+1.3748429519370e+01
+0000000000000000049|+0000000000000000003|+0000000000000000000|+1.0900000000000e+00|-1.7634734800002e+01|+7.9284581601051e-02|+1.4247371281586e+01
+0000000000000000049|+0000000000000000003|+0000000000000000000|+1.0800000000000e+00|-1.7794517200002e+01|+7.8748113356615e-02|+1.3998948671897e+01
+0000000000000000049|+0000000000000000003|+0000000000000000000|+1.0700000000000e+00|-1.7908401400002e+01|+7.8385124928323e-02|+1.4026678639596e+01
+0000000000000000049|+0000000000000000003|+0000000000000000000|+1.0600000000000e+00|-1.8101527200002e+01|+7.8268871510908e-02|+1.4325754385598e+01
+0000000000000000049|+0000000000000000003|+0000000000000000000|+1.0500000000000e+00|-1.8280748500002e+01|+7.7815900251226e-02|+1.4174423655103e+01
+0000000000000000049|+0000000000000000003|+0000000000000000000|+1.0400000000000e+00|-1.8289364800002e+01|+7.7726916448599e-02|+1.4707613295607e+01
+0000000000000000049|+0000000000000000003|+0000000000000000000|+1.0300000000000e+00|-1.8492921000002e+01|+7.7733288027600e-02|+1.5209623509987e+01
+0000000000000000049|+0000000000000000003|+0000000000000000000|+1.0200000000000e+00|-1.8658959100002e+01|+7.7615023712177e-02|+1.5583195582955e+01
+0000000000000000049|+0000000000000000003|+0000000000000000000|+1.0100000000000e+00|-1.8778919150002e+01|+7.6975013406918e-02|+1.5227814327770e+01
+0000000000000000049|+0000000000000000003|+0000000000000000000|+1.0000000000000e+00|-1.8959815000002e+01|+7.6687206295061e-02|+1.5343580165800e+01
+0000000000000000049|+0000000000000000003|+0000000000000000000|+9.9000000000004e-01|-1.9133784700002e+01|+7.6768042241122e-02|+1.6049365279087e+01
+0000000000000000049|+0000000000000000003|+0000000000000000000|+9.8000000000004e-01|-1.9324335800002e+01|+7.6186023747398e-02|+1.5711629269234e+01
+0000000000000000049|+0000000000000000003|+0000000000000000000|+9.7000000000004e-01|-1.9480663300002e+01|+7.5906815457955e-02|+1.5890574007910e+01
+0000000000000000049|+0000000000000000003|+0000000000000000000|+9.6000000000004e-01|-1.9633177600002e+01|+7.6153631245266e-02|+1.6948899356383e+01
+0000000000000000049|+0000000000000000003|+0000000000000000000|+9.5000000000004e-01|-1.9710425500002e+01|+7.5593357803253e-02|+1.6773339455908e+01
+0000000000000000049|+0000000000000000003|+0000000000000000000|+9.4000000000004e-01|-1.9940906400002e+01|+7.5292108319540e-02|+1.6872900446392e+01
+0000000000000000049|+0000000000000000003|+0000000000000000000|+9.3000000000004e-01|-2.0112574300002e+01|+7.5097405494660e-02|+1.7228430339898e+01
+0000000000000000049|+0000000000000000003|+0000000000000000000|+9.2000000000004e-01|-2.0286547600002e+01|+7.4788879885641e-02|+1.7396678139095e+01
+0000000000000000049|+0000000000000000003|+0000000000000000000|+9.1000000000004e-01|-2.0454582400002e+01|+7.4686502231148e-02|+1.7952527590401e+01
+0000000000000000049|+0000000000000000003|+0000000000000000000|+9.0000000000004e-01|-2.0634337000002e+01|+7.4080256313539e-02|+1.7595620457303e+01
+0000000000000000049|+0000000000000000003|+0000000000000000000|+8.9000000000004e-01|-2.0808767475002e+01|+7.3819632923167e-02|+1.7880481830768e+01
+0000000000000000049|+0000000000000000003|+0000000000000000000|+8.8000000000004e-01|-2.0998024000002e+01|+7.3343679645049e-02|+1.7754794709977e+01
+0000000000000000049|+0000000000000000003|+0000000000000000000|+8.7000000000004e-01|-2.1167252650002e+01|+7.3000917419938e-02|+1.7909235700987e+01
+0000000000000000049|+0000000000000000003|+0000000000000000000|+8.6000000000004e-01|-2.1367609800002e+01|+7.3167334756578e-02|+1.9041496575081e+01
+0000000000000000049|+0000000000000000003|+0000000000000000000|+8.5000000000004e-01|-2.1549821000002e+01|+7.2373101155566e-02|+1.8312902412404e+01
+0000000000000000049|+0000000000000000003|+0000000000000000000|+8.4000000000004e-01|-2.1740882800002e+01|+7.2409457789878e-02|+1.9251291231092e+01
+0000000000000000049|+0000000000000000003|+0000000000000000000|+8.3000000000004e-01|-2.1903537633336e+01|+7.1820869718226e-02|+1.8961066624800e+01
+0000000000000000049|+0000000000000000003|+0000000000000000000|+8.2000000000004e-01|-2.2134777600002e+01|+7.1691309779124e-02|+1.9557973977632e+01
+0000000000000000049|+0000000000000000003|+0000000000000000000|+8.1000000000004e-01|-2.2338626650002e+01|+7.0996712596861e-02|+1.8992537533774e+01
+0000000000000000049|+0000000000000000003|+0000000000000000000|+8.0000000000004e-01|-2.2493384000002e+01|+7.0866551134238e-02|+1.9720236607095e+01
+0000000000000000049|+0000000000000000003|+0000000000000000000|+7.9000000000004e-01|-2.2703749328574e+01|+7.0519116677829e-02|+1.9922325356223e+01
+0000000000000000049|+0000000000000000003|+0000000000000000000|+7.8000000000004e-01|-2.2901699800003e+01|+6.9864064558395e-02|+1.9447186611892e+01
+0000000000000000049|+0000000000000000003|+0000000000000000000|+7.7000000000004e-01|-2.3091952716002e+01|+6.9709791220884e-02|+2.0144858954757e+01
+0000000000000000049|+0000000000000000003|+0000000000000000000|+7.6000000000004e-01|-2.3285825756524e+01|+6.9349399746241e-02|+2.0379770667300e+01
+0000000000000000049|+0000000000000000003|+0000000000000000000|+7.5000000000004e-01|-2.3537695000003e+01|+6.8802119566650e-02|+2.0096553932396e+01
+0000000000000000049|+0000000000000000003|+0000000000000000000|+7.4000000000004e-01|-2.3690672200003e+01|+6.8339216340734e-02|+2.0154706399124e+01
+0000000000000000049|+0000000000000000003|+0000000000000000000|+7.3000000000004e-01|-2.3932780750003e+01|+6.8146558870140e-02|+2.0789943624363e+01
+0000000000000000049|+0000000000000000003|+0000000000000000000|+7.2000000000004e-01|-2.4142451200003e+01|+6.7907283578989e-02|+2.1386603718372e+01
+0000000000000000049|+0000000000000000003|+0000000000000000000|+7.1000000000004e-01|-2.4363300500003e+01|+6.7263745570076e-02|+2.0921735597472e+01
+0000000000000000049|+0000000000000000003|+0000000000000000000|+7.0000000000004e-01|-2.4526082875003e+01|+6.7056763738421e-02|+2.1721104099258e+01
+0000000000000000049|+0000000000000000003|+0000000000000000000|+6.9000000000004e-01|-2.4773286400003e+01|+6.6756093474374e-02|+2.2181760486394e+01
+0000000000000000049|+0000000000000000003|+0000000000000000000|+6.8000000000004e-01|-2.4982913200003e+01|+6.6050111741426e-02|+2.1568834379935e+01
+0000000000000000049|+0000000000000000003|+0000000000000000000|+6.7000000000004e-01|-2.5223329750003e+01|+6.5837370951993e-02|+2.2335996094416e+01
+0000000000000000049|+0000000000000000003|+0000000000000000000|+6.6000000000004e-01|-2.5389626600003e+01|+6.5162373851449e-02|+2.1877754748827e+01
+0000000000000000049|+0000000000000000003|+0000000000000000000|+6.5000000000004e-01|-2.5678583000003e+01|+6.4760317024195e-02|+2.2056127247514e+01
+0000000000000000049|+0000000000000000003|+0000000000000000000|+6.4000000000004e-01|-2.5869482240003e+01|+6.4341874523469e-02|+2.2358788236120e+01
+0000000000000000049|+0000000000000000003|+0000000000000000000|+6.3000000000004e-01|-2.6087110000003e+01|+6.3924919641140e-02|+2.2650511000014e+01
+0000000000000000049|+0000000000000000003|+0000000000000000000|+6.2000000000004e-01|-2.6328021600003e+01|+6.3376367142532e-02|+2.2498046737597e+01
+0000000000000000049|+0000000000000000003|+0000000000000000000|+6.1000000000004e-01|-2.6562807200003e+01|+6.2757523928573e-02|+2.2125281369629e+01
+0000000000000000049|+0000000000000000003|+0000000000000000000|+6.0000000000004e-01|-2.6769016000004e+01|+6.2451350155827e-02|+2.2878893310320e+01
+0000000000000000049|+0000000000000000003|+0000000000000000000|+5.9000000000004e-01|-2.6993294300003e+01|+6.1750861904545e-02|+2.2254618367111e+01
+0000000000000000049|+0000000000000000003|+0000000000000000000|+5.8000000000004e-01|-2.7205767500004e+01|+6.1218160211729e-02|+2.2245952984374e+01
+0000000000000000049|+0000000000000000003|+0000000000000000000|+5.7000000000004e-01|-2.7479787700004e+01|+6.0867837610329e-02|+2.2827801387852e+01
+0000000000000000049|+0000000000000000003|+0000000000000000000|+5.6000000000004e-01|-2.7677513024004e+01|+6.0376684566919e-02|+2.3056083403851e+01
+0000000000000000049|+0000000000000000003|+0000000000000000000|+5.5000000000004e-01|-2.7906681800004e+01|+5.9769797257666e-02|+2.2800129664649e+01
+0000000000000000049|+0000000000000000003|+0000000000000000000|+5.4000000000004e-01|-2.8116849400004e+01|+5.9468216602227e-02|+2.3827341267844e+01
+0000000000000000049|+0000000000000000003|+0000000000000000000|+5.3000000000004e-01|-2.8384210900004e+01|+5.8871053289573e-02|+2.3588150859083e+01
+0000000000000000049|+0000000000000000003|+0000000000000000000|+5.2000000000004e-01|-2.8604592036368e+01|+5.8167912559476e-02|+2.2992933248160e+01
+0000000000000000049|+0000000000000000003|+0000000000000000000|+5.1000000000004e-01|-2.8787293900004e+01|+5.7545450215372e-02|+2.2817981688018e+01
+0000000000000000049|+0000000000000000003|+0000000000000000000|+5.0000000000004e-01|-2.9005005000005e+01|+5.6758804613794e-02|+2.1839579799847e+01
+0000000000000000049|+0000000000000000003|+0000000000000000000|+4.9000000000004e-01|-2.9306890200004e+01|+5.6322592649479e-02|+2.2298192399596e+01
+0000000000000000049|+0000000000000000003|+0000000000000000000|+4.8000000000004e-01|-2.9508635200005e+01|+5.5904951377244e-02|+2.3117906359923e+01
+0000000000000000049|+0000000000000000003|+0000000000000000000|+4.7000000000004e-01|-2.9713155800005e+01|+5.4969310588785e-02|+2.1426193820513e+01
+0000000000000000049|+0000000000000000003|+0000000000000000000|+4.6000000000004e-01|-2.9933145500005e+01|+5.4506031850938e-02|+2.2055090944435e+01
+0000000000000000049|+0000000000000000003|+0000000000000000000|+4.5000000000004e-01|-3.0121922500005e+01|+5.3467167137384e-02|+1.9776077797544e+01
+0000000000000000049|+0000000000000000003|+0000000000000000000|+4.4000000000004e-01|-3.0371944600005e+01|+5.3235132859689e-02|+2.1659628628680e+01
+0000000000000000049|+0000000000000000003|+0000000000000000000|+4.3000000000004e-01|-3.0606048000005e+01|+5.2178155329234e-02|+1.9076667040123e+01
+0000000000000000049|+0000000000000000003|+0000000000000000000|+4.2000000000004e-01|-3.0818779600005e+01|+5.1605592557223e-02|+1.9245018495648e+01
+0000000000000000049|+0000000000000000003|+0000000000000000000|+4.1000000000004e-01|-3.0949867800006e+01|+5.0832282175227e-02|+1.8454368783483e+01
+0000000000000000049|+0000000000000000003|+0000000000000000000|+4.0000000000004e-01|-3.1167434000006e+01|+5.0142767926025e-02|+1.7959274097815e+01
+0000000000000000049|+0000000000000000003|+0000000000000000000|+3.9000000000004e-01|-3.1309017550006e+01|+4.9405634099732e-02|+1.7364950997900e+01
+0000000000000000049|+0000000000000000003|+0000000000000000000|+3.8000000000004e-01|-3.1494105800006e+01|+4.8483274058468e-02|+1.5416674531969e+01
+0000000000000000049|+0000000000000000003|+0000000000000000000|+3.7000000000004e-01|-3.1653812200006e+01|+4.7966007839957e-02|+1.6275878956285e+01
+0000000000000000049|+0000000000000000003|+0000000000000000000|+3.6000000000004e-01|-3.1828285600007e+01|+4.7019825917211e-02|+1.4106841148251e+01
+0000000000000000049|+0000000000000000003|+0000000000000000000|+3.5000000000004e-01|-3.1940825000006e+01|+4.6141844825744e-02|+1.2524739750043e+01
+0000000000000000049|+0000000000000000003|+0000000000000000000|+3.4000000000004e-01|-3.2006507400007e+01|+4.5170153163885e-02|+1.0286976727904e+01
+0000000000000000049|+0000000000000000003|+0000000000000000000|+3.3000000000004e-01|-3.2141638900007e+01|+4.4578858863421e-02|+1.0826615830903e+01
+0000000000000000049|+0000000000000000003|+0000000000000000000|+3.2000000000004e-01|-3.2251596800007e+01|+4.3771865432544e-02|+9.7396004124904e+00
+0000000000000000049|+0000000000000000003|+0000000000000000000|+3.1000000000004e-01|-3.2329816900007e+01|+4.2973596027620e-02|+8.8263224400769e+00
+0000000000000000049|+0000000000000000003|+0000000000000000000|+3.0000000000004e-01|-3.2413670714294e+01|+4.2192291003218e-02|+8.0668088587928e+00
+0000000000000000049|+0000000000000000003|+0000000000000000000|+2.9000000000004e-01|-3.2484460600008e+01|+4.1313535933474e-02|+6.4314165399286e+00
+0000000000000000049|+0000000000000000003|+0000000000000000000|+2.8000000000004e-01|-3.2532452400009e+01|+4.0516499824751e-02|+5.6777974710129e+00
+0000000000000000049|+0000000000000000003|+0000000000000000000|+2.7000000000004e-01|-3.2600805100009e+01|+3.9699702728345e-02|+4.6895819449636e+00
+0000000000000000049|+0000000000000000003|+0000000000000000000|+2.6000000000004e-01|-3.2627686720009e+01|+3.8896671696901e-02|+4.0650768149654e+00
+0000000000000000049|+0000000000000000003|+0000000000000000000|+2.5000000000004e-01|-3.2651646250009e+01|+3.8022599458013e-02|+2.6851746379343e+00
+0000000000000000049|+0000000000000000003|+0000000000000000000|+2.4000000000004e-01|-3.2703700800010e+01|+3.7218823658058e-02|+2.1203977787786e+00
+0000000000000000049|+0000000000000000003|+0000000000000000000|+2.3000000000004e-01|-3.2728414466677e+01|+3.6490060404997e-02|+2.8615922827262e+00
+0000000000000000049|+0000000000000000003|+0000000000000000000|+2.2000000000004e-01|-3.2743468700011e+01|+3.5619487854329e-02|+1.9142001679008e+00
+0000000000000000049|+0000000000000000003|+0000000000000000000|+2.1000000000004e-01|-3.2764809280011e+01|+3.4775693041574e-02|+1.5117679724798e+00
+0000000000000000049|+0000000000000000003|+0000000000000000000|+2.0000000000004e-01|-3.2814694000012e+01|+3.4136990817182e-02|+4.7309321594259e+00
+0000000000000000049|+0000000000000000003|+0000000000000000000|+1.9000000000004e-01|-3.2802870716012e+01|+3.3069597307281e-02|+1.3114577935392e+00
+0000000000000000049|+0000000000000000003|+0000000000000000000|+1.8000000000004e-01|-3.2824675600013e+01|+3.2151721247802e-02|+5.5112502407997e-01
+0000000000000000049|+0000000000000000003|+0000000000000000000|+1.7000000000004e-01|-3.2815472422236e+01|+3.1227264041308e-02|+2.3580419568799e-01
+0000000000000000049|+0000000000000000003|+0000000000000000000|+1.6000000000004e-01|-3.2828016000015e+01|+3.0241201408069e-02|-1.0974400091425e+00
+0000000000000000049|+0000000000000000003|+0000000000000000000|+1.5000000000004e-01|-3.2823215500016e+01|+2.9265402917714e-02|-1.5422537533515e+00
+0000000000000000049|+0000000000000000003|+0000000000000000000|+1.4000000000004e-01|-3.2849177263653e+01|+2.8358011373210e-02|+6.1628044435236e-01
+0000000000000000049|+0000000000000000003|+0000000000000000000|+1.3000000000004e-01|-3.2863208500018e+01|+2.7354809701694e-02|+1.4728252982585e+00
+0000000000000000049|+0000000000000000003|+0000000000000000000|+1.2000000000004e-01|-3.2856107520019e+01|+2.6243039744963e-02|+2.4651048727441e-01
+0000000000000000049|+0000000000000000003|+0000000000000000000|+1.1000000000004e-01|-3.2866682076021e+01|+2.5135274886853e-02|+5.6641536924303e-01
+0000000000000000049|+0000000000000000003|+0000000000000000000|+1.0000000000004e-01|-3.2877175000024e+01|+2.3916158767703e-02|-1.8462980635099e+00
+0000000000000000049|+0000000000000000003|+0000000000000000000|+9.0000000000041e-02|-3.2879777875026e+01|+2.2744058907998e-02|+1.0154142141492e+00
+0000000000000000049|+0000000000000000003|+0000000000000000000|+8.0000000000041e-02|-3.2872797018211e+01|+2.1435950264398e-02|+7.3693374283141e-01
+0000000000000000049|+0000000000000000003|+0000000000000000000|+7.0000000000041e-02|-3.2885056708034e+01|+2.0060463716581e-02|+1.4011537700411e+00
+0000000000000000049|+0000000000000000003|+0000000000000000000|+6.0000000000041e-02|-3.2887101250039e+01|+1.8571724400763e-02|+1.5329133962445e+00
+0000000000000000049|+0000000000000000003|+0000000000000000000|+5.0000000000041e-02|-3.2887400261952e+01|+1.6951800605053e-02|+1.5912243570533e+00
+0000000000000000049|+0000000000000000003|+0000000000000000000|+4.0000000000041e-02|-3.2893173466726e+01|+1.5137059929277e-02|-2.9063976434331e+00
+0000000000000000049|+0000000000000000003|+0000000000000000000|+3.0000000000041e-02|-3.2893204036079e+01|+1.3129905821593e-02|+2.1952814755059e+00
+0000000000000000049|+0000000000000000003|+0000000000000000000|+2.0000000000041e-02|-3.2892628058451e+01|+1.0717771618225e-02|+1.8471320109234e+00
+0000000000000000049|+0000000000000000003|+0000000000000000000|+1.0000000000041e-02|-3.2890691921069e+01|+7.5764709932668e-03|+6.4804993776943e-01
