# SSE - Data
# ----------------------------------------
# Model [=0:1DO,1:1DP,2:2DO,3:2DP] = 0000000001
# N                                = 0000000010
# TemperatureStart                 = 0.0000000000e+00
# TemperatureEnd                   = 4.0000000000e+00
#
# Model             | N                  | Temperature        | Energy             | Configuration at last measurement                                                                   
00000000000000000001|00000000000000000010|+4.0000000000000e+00|-2.9986800000000e+00|+-++---++-
00000000000000000001|00000000000000000010|+3.9900000000000e+00|-2.9989638000000e+00|-+---+++++
00000000000000000001|00000000000000000010|+3.9800000000000e+00|-2.9830100000000e+00|-+---+-+-+
00000000000000000001|00000000000000000010|+3.9700000000000e+00|-3.0069971000000e+00|+-+++--++-
00000000000000000001|00000000000000000010|+3.9600000000000e+00|-2.9918988000000e+00|++++++----
00000000000000000001|00000000000000000010|+3.9500000000000e+00|-3.0099000000000e+00|--++++--+-
00000000000000000001|00000000000000000010|+3.9400000000000e+00|-2.9990886000000e+00|-++-+-+--+
00000000000000000001|00000000000000000010|+3.9300000000000e+00|-3.0144672000000e+00|-+++-+-++-
00000000000000000001|00000000000000000010|+3.9200000000000e+00|-3.0285920000000e+00|-++++----+
00000000000000000001|00000000000000000010|+3.9100000000000e+00|-2.9980707000000e+00|-+--+--+-+
00000000000000000001|00000000000000000010|+3.9000000000000e+00|-3.0125160000000e+00|-+-+++++--
00000000000000000001|00000000000000000010|+3.8900000000000e+00|-2.9902041000000e+00|+-++---+--
00000000000000000001|00000000000000000010|+3.8800000000000e+00|-3.0204248000000e+00|--+++--+--
00000000000000000001|00000000000000000010|+3.8700000000000e+00|-3.0290490000000e+00|-+++++--+-
00000000000000000001|00000000000000000010|+3.8600000000000e+00|-3.0212992000000e+00|+---+-+++-
00000000000000000001|00000000000000000010|+3.8500000000000e+00|-2.9993810000000e+00|------++--
00000000000000000001|00000000000000000010|+3.8400000000000e+00|-3.0049920000000e+00|--++--++++
00000000000000000001|00000000000000000010|+3.8300000000000e+00|-3.0227509000000e+00|+-+--++--+
00000000000000000001|00000000000000000010|+3.8200000000000e+00|-3.0329272000000e+00|-++++-----
00000000000000000001|00000000000000000010|+3.8100000000000e+00|-3.0482286000000e+00|--++-++--+
00000000000000000001|00000000000000000010|+3.8000000000000e+00|-3.0382900000000e+00|+++---++--
00000000000000000001|00000000000000000010|+3.7900000000000e+00|-3.0315073000000e+00|-++--+---+
00000000000000000001|00000000000000000010|+3.7800000000000e+00|-3.0442986000000e+00|--+-++--++
00000000000000000001|00000000000000000010|+3.7700000000000e+00|-3.0589403000000e+00|--+-+-+-+-
00000000000000000001|00000000000000000010|+3.7600000000000e+00|-2.9965320000000e+00|-+-+--++--
00000000000000000001|00000000000000000010|+3.7500000000000e+00|-3.0212625000000e+00|++-+-+++++
00000000000000000001|00000000000000000010|+3.7400000000000e+00|-3.0409566000000e+00|+--+-++--+
00000000000000000001|00000000000000000010|+3.7300000000000e+00|-3.0211135000000e+00|+--+-+-++-
00000000000000000001|00000000000000000010|+3.7200000000000e+00|-3.0050904000000e+00|+++---++--
00000000000000000001|00000000000000000010|+3.7100000000000e+00|-3.0367092000000e+00|-----+-++-
00000000000000000001|00000000000000000010|+3.7000000000000e+00|-3.0461360000000e+00|+---+-+-++
00000000000000000001|00000000000000000010|+3.6900000000000e+00|-3.0395637000000e+00|------++--
00000000000000000001|00000000000000000010|+3.6800000000000e+00|-3.0148032000000e+00|-------+-+
00000000000000000001|00000000000000000010|+3.6700000000000e+00|-3.0655143000000e+00|+-+++++++-
00000000000000000001|00000000000000000010|+3.6600000000000e+00|-3.0143760000000e+00|-------+-+
00000000000000000001|00000000000000000010|+3.6500000000000e+00|-3.0315440000000e+00|+-----+-++
00000000000000000001|00000000000000000010|+3.6400000000000e+00|-3.0331028000000e+00|+---++-+-+
00000000000000000001|00000000000000000010|+3.6300000000000e+00|-3.0614694000000e+00|-+--+-++++
00000000000000000001|00000000000000000010|+3.6200000000000e+00|-3.0535062000000e+00|-+-+---+++
00000000000000000001|00000000000000000010|+3.6100000000000e+00|-3.0803047000000e+00|-++--+--+-
00000000000000000001|00000000000000000010|+3.6000000000000e+00|-3.0349800000000e+00|++-+---+--
00000000000000000001|00000000000000000010|+3.5900000000000e+00|-3.0712450000000e+00|-+---++--+
00000000000000000001|00000000000000000010|+3.5800000000000e+00|-3.0440024000000e+00|+-----++--
00000000000000000001|00000000000000000010|+3.5700000000000e+00|-3.0466737000000e+00|-++++--++-
00000000000000000001|00000000000000000010|+3.5600000000000e+00|-3.0743092000000e+00|+-++---+-+
00000000000000000001|00000000000000000010|+3.5500000000000e+00|-3.0632950000000e+00|+++-+--+--
00000000000000000001|00000000000000000010|+3.5400000000000e+00|-3.0605778000000e+00|+-+---++--
00000000000000000001|00000000000000000010|+3.5300000000000e+00|-3.0566270000000e+00|++--++++++
00000000000000000001|00000000000000000010|+3.5200000000000e+00|-3.0684192000000e+00|-+-+-++---
00000000000000000001|00000000000000000010|+3.5100000000000e+00|-3.0825522000000e+00|----+-----
00000000000000000001|00000000000000000010|+3.5000000000000e+00|-3.0522800000000e+00|---++--+++
00000000000000000001|00000000000000000010|+3.4900000000000e+00|-3.0577635000000e+00|+---+++---
00000000000000000001|00000000000000000010|+3.4800000000000e+00|-3.0638268000000e+00|+-+-------
00000000000000000001|00000000000000000010|+3.4700000000000e+00|-3.0556126000000e+00|+---+-+-++
00000000000000000001|00000000000000000010|+3.4600000000000e+00|-3.0792616000000e+00|-------+++
00000000000000000001|00000000000000000010|+3.4500000000000e+00|-3.0825750000000e+00|-++--+--+-
00000000000000000001|00000000000000000010|+3.4400000000000e+00|-3.0854736000000e+00|+-++---+--
00000000000000000001|00000000000000000010|+3.4300000000000e+00|-3.0790767000000e+00|+--++++---
00000000000000000001|00000000000000000010|+3.4200000000000e+00|-3.0645936000000e+00|-+++++-+-+
00000000000000000001|00000000000000000010|+3.4100000000000e+00|-3.0697843000000e+00|++++---+++
00000000000000000001|00000000000000000010|+3.4000000000000e+00|-3.0700980000000e+00|+-+-+++-++
00000000000000000001|00000000000000000010|+3.3900000000000e+00|-3.0879849000000e+00|++-+++-+-+
00000000000000000001|00000000000000000010|+3.3800000000000e+00|-3.0736706000000e+00|+--+++-++-
00000000000000000001|00000000000000000010|+3.3700000000000e+00|-3.0899867000000e+00|-+++-+--++
00000000000000000001|00000000000000000010|+3.3600000000000e+00|-3.0868992000000e+00|+++++--+-+
00000000000000000001|00000000000000000010|+3.3500000000000e+00|-3.0883985000000e+00|-+-+-+-+-+
00000000000000000001|00000000000000000010|+3.3400000000000e+00|-3.1039956000000e+00|--+--+-+++
00000000000000000001|00000000000000000010|+3.3300000000000e+00|-3.1169799000000e+00|-++--+-+++
00000000000000000001|00000000000000000010|+3.3200000000000e+00|-3.1251160000000e+00|---+++--+-
00000000000000000001|00000000000000000010|+3.3100000000000e+00|-3.1303332000000e+00|-++----+--
00000000000000000001|00000000000000000010|+3.3000000000000e+00|-3.0762930000000e+00|+--+-+-++-
00000000000000000001|00000000000000000010|+3.2900000000000e+00|-3.1306653000000e+00|-+----++--
00000000000000000001|00000000000000000010|+3.2800000000000e+00|-3.0990096000000e+00|--+++-+-++
00000000000000000001|00000000000000000010|+3.2700000000000e+00|-3.0758928000000e+00|+++--++---
00000000000000000001|00000000000000000010|+3.2600000000000e+00|-3.1004556000000e+00|+++--+--++
00000000000000000001|00000000000000000010|+3.2500000000000e+00|-3.0844450000000e+00|+++++-+++-
00000000000000000001|00000000000000000010|+3.2400000000000e+00|-3.1189536000000e+00|+---++++--
00000000000000000001|00000000000000000010|+3.2300000000000e+00|-3.1066463000000e+00|------+---
00000000000000000001|00000000000000000010|+3.2200000000000e+00|-3.1225306000000e+00|++-++-+-++
00000000000000000001|00000000000000000010|+3.2100000000000e+00|-3.1464741000000e+00|-+--++-+-+
00000000000000000001|00000000000000000010|+3.2000000000000e+00|-3.1230400000000e+00|--+++--+-+
00000000000000000001|00000000000000000010|+3.1900000000000e+00|-3.1304427000000e+00|----+-++-+
00000000000000000001|00000000000000000010|+3.1800000000000e+00|-3.1287066000000e+00|----++-+++
00000000000000000001|00000000000000000010|+3.1700000000000e+00|-3.1208650000000e+00|-+-+++--+-
00000000000000000001|00000000000000000010|+3.1600000000000e+00|-3.1258720000000e+00|+++--++-+-
00000000000000000001|00000000000000000010|+3.1500000000000e+00|-3.1285800000000e+00|-++++-+---
00000000000000000001|00000000000000000010|+3.1400000000000e+00|-3.1361692000000e+00|+--+-+-++-
00000000000000000001|00000000000000000010|+3.1300000000000e+00|-3.1261501000000e+00|------+--+
00000000000000000001|00000000000000000010|+3.1200000000000e+00|-3.1385952000000e+00|-+++-+--++
00000000000000000001|00000000000000000010|+3.1100000000000e+00|-3.1637719000000e+00|+--++-+--+
00000000000000000001|00000000000000000010|+3.1000000000000e+00|-3.1259470000000e+00|--+-+-+++-
00000000000000000001|00000000000000000010|+3.0900000000000e+00|-3.1416339000000e+00|-+-+-+-++-
00000000000000000001|00000000000000000010|+3.0800000000000e+00|-3.1573080000000e+00|--+-+-++++
00000000000000000001|00000000000000000010|+3.0700000000000e+00|-3.1502805000000e+00|+++---+-+-
00000000000000000001|00000000000000000010|+3.0600000000000e+00|-3.1685688000000e+00|+-+-+-++--
00000000000000000001|00000000000000000010|+3.0500000000000e+00|-3.1756905000000e+00|+---+--+--
00000000000000000001|00000000000000000010|+3.0400000000000e+00|-3.1775600000000e+00|+---+++-+-
00000000000000000001|00000000000000000010|+3.0300000000000e+00|-3.1497759000000e+00|++++-++-++
00000000000000000001|00000000000000000010|+3.0200000000000e+00|-3.1744428000000e+00|+--++--+-+
00000000000000000001|00000000000000000010|+3.0100000000000e+00|-3.1434032000000e+00|--+-+-----
00000000000000000001|00000000000000000010|+3.0000000000000e+00|-3.1695300000000e+00|--+-+---+-
00000000000000000001|00000000000000000010|+2.9900000000000e+00|-3.1890144000000e+00|+-+-+++---
00000000000000000001|00000000000000000010|+2.9800000000000e+00|-3.1784382000000e+00|+-++--++--
00000000000000000001|00000000000000000010|+2.9700000000000e+00|-3.1578525000000e+00|----++++-+
00000000000000000001|00000000000000000010|+2.9600000000000e+00|-3.2064200000000e+00|-+-+-+++--
00000000000000000001|00000000000000000010|+2.9500000000000e+00|-3.1548185000000e+00|-++-++++-+
00000000000000000001|00000000000000000010|+2.9400000000000e+00|-3.1795218000000e+00|-++--+-+++
00000000000000000001|00000000000000000010|+2.9300000000000e+00|-3.1612942000000e+00|++-+-+--+-
00000000000000000001|00000000000000000010|+2.9200000000000e+00|-3.1778068000000e+00|---++-+-++
00000000000000000001|00000000000000000010|+2.9100000000000e+00|-3.1851987000000e+00|+-++++++++
00000000000000000001|00000000000000000010|+2.9000000000000e+00|-3.1892170000000e+00|-+++-+++++
00000000000000000001|00000000000000000010|+2.8900000000000e+00|-3.2006750000000e+00|--+---+--+
00000000000000000001|00000000000000000010|+2.8800000000000e+00|-3.1993344000000e+00|--+-++++--
00000000000000000001|00000000000000000010|+2.8700000000000e+00|-3.1936786000000e+00|-+------++
00000000000000000001|00000000000000000010|+2.8600000000000e+00|-3.2004544000000e+00|-+-+--++++
00000000000000000001|00000000000000000010|+2.8500000000000e+00|-3.1942800000000e+00|--+-+++---
00000000000000000001|00000000000000000010|+2.8400000000000e+00|-3.2454952000000e+00|-------+-+
00000000000000000001|00000000000000000010|+2.8300000000000e+00|-3.1861272000000e+00|+++-+-+++-
00000000000000000001|00000000000000000010|+2.8200000000000e+00|-3.2259108000000e+00|-+-++--+-+
00000000000000000001|00000000000000000010|+2.8100000000000e+00|-3.2218617000000e+00|++--+--+-+
00000000000000000001|00000000000000000010|+2.8000000000000e+00|-3.2275040000000e+00|---+--+-++
00000000000000000001|00000000000000000010|+2.7900000000000e+00|-3.2397480000000e+00|+-+--+--+-
00000000000000000001|00000000000000000010|+2.7800000000000e+00|-3.2462894000000e+00|+++----++-
00000000000000000001|00000000000000000010|+2.7700000000000e+00|-3.2273547000000e+00|-++-++----
00000000000000000001|00000000000000000010|+2.7600000000000e+00|-3.2421168000000e+00|+-+++-+---
00000000000000000001|00000000000000000010|+2.7500000000000e+00|-3.2230825000000e+00|+--+-+---+
00000000000000000001|00000000000000000010|+2.7400000000000e+00|-3.2368442000000e+00|+---+--+-+
00000000000000000001|00000000000000000010|+2.7300000000000e+00|-3.2229561000000e+00|++--++-+--
00000000000000000001|00000000000000000010|+2.7200000000000e+00|-3.2614704000000e+00|----+-+--+
00000000000000000001|00000000000000000010|+2.7100000000000e+00|-3.2393985000000e+00|--+--+++++
00000000000000000001|00000000000000000010|+2.7000000000000e+00|-3.2348970000000e+00|+++--+-++-
00000000000000000001|00000000000000000010|+2.6900000000000e+00|-3.2371460000000e+00|++++-+++--
00000000000000000001|00000000000000000010|+2.6800000000000e+00|-3.2647492000000e+00|+----++-+-
00000000000000000001|00000000000000000010|+2.6700000000000e+00|-3.2464263000000e+00|--+++--++-
00000000000000000001|00000000000000000010|+2.6600000000000e+00|-3.2426198000000e+00|-++-++--++
00000000000000000001|00000000000000000010|+2.6500000000000e+00|-3.2782355000000e+00|-++---++-+
00000000000000000001|00000000000000000010|+2.6400000000000e+00|-3.2522952000000e+00|--++----++
00000000000000000001|00000000000000000010|+2.6300000000000e+00|-3.2827134000000e+00|+--+-+--++
00000000000000000001|00000000000000000010|+2.6200000000000e+00|-3.2612974000000e+00|+-+-----++
00000000000000000001|00000000000000000010|+2.6100000000000e+00|-3.2764113000000e+00|-++--++-++
00000000000000000001|00000000000000000010|+2.6000000000000e+00|-3.2657820000000e+00|+-++-+-++-
00000000000000000001|00000000000000000010|+2.5900000000000e+00|-3.2946095000000e+00|+------+--
00000000000000000001|00000000000000000010|+2.5800000000000e+00|-3.2963370000000e+00|+-+-++---+
00000000000000000001|00000000000000000010|+2.5700000000000e+00|-3.2758762000000e+00|+-+-+-----
00000000000000000001|00000000000000000010|+2.5600000000000e+00|-3.2980736000000e+00|+---+--++-
00000000000000000001|00000000000000000010|+2.5500000000000e+00|-3.3003120000000e+00|--+---+-++
00000000000000000001|00000000000000000010|+2.5400000000000e+00|-3.2775144000000e+00|-+++-+++++
00000000000000000001|00000000000000000010|+2.5300000000000e+00|-3.2946419000000e+00|+-+-+---+-
00000000000000000001|00000000000000000010|+2.5200000000000e+00|-3.3113304000000e+00|+-+-++--+-
00000000000000000001|00000000000000000010|+2.5100000000000e+00|-3.2932957000000e+00|--+-++++--
00000000000000000001|00000000000000000010|+2.5000000000000e+00|-3.3196500000000e+00|+-+++-+---
00000000000000000001|00000000000000000010|+2.4900000000000e+00|-3.3096831000000e+00|-+--+-+-+-
00000000000000000001|00000000000000000010|+2.4800000000000e+00|-3.3156112000000e+00|+---++----
00000000000000000001|00000000000000000010|+2.4700000000000e+00|-3.3402304000000e+00|+++-++-+-+
00000000000000000001|00000000000000000010|+2.4600000000000e+00|-3.3140874000000e+00|-+-++---++
00000000000000000001|00000000000000000010|+2.4500000000000e+00|-3.3307505000000e+00|--++---++-
00000000000000000001|00000000000000000010|+2.4400000000000e+00|-3.3340160000000e+00|+--+-----+
00000000000000000001|00000000000000000010|+2.4300000000000e+00|-3.3422463000000e+00|+-+-++----
00000000000000000001|00000000000000000010|+2.4200000000000e+00|-3.3146740000000e+00|-++++++---
00000000000000000001|00000000000000000010|+2.4100000000000e+00|-3.3541416000000e+00|+++--+-+-+
00000000000000000001|00000000000000000010|+2.4000000000000e+00|-3.3309120000000e+00|+++++-+-+-
00000000000000000001|00000000000000000010|+2.3900000000000e+00|-3.3257567000000e+00|+--++-+++-
00000000000000000001|00000000000000000010|+2.3800000000000e+00|-3.3362364000000e+00|+-+++-++--
00000000000000000001|00000000000000000010|+2.3700000000000e+00|-3.3519384000000e+00|----+-+--+
00000000000000000001|00000000000000000010|+2.3600000000000e+00|-3.3664928000000e+00|-+-++-+-++
00000000000000000001|00000000000000000010|+2.3500000000000e+00|-3.3358250000000e+00|++--++-+-+
00000000000000000001|00000000000000000010|+2.3400000000000e+00|-3.3347574000000e+00|--+--+--+-
00000000000000000001|00000000000000000010|+2.3300000000000e+00|-3.3646365000000e+00|--+-++--+-
00000000000000000001|00000000000000000010|+2.3200000000000e+00|-3.3845088000000e+00|--+++---+-
00000000000000000001|00000000000000000010|+2.3100000000000e+00|-3.3795993000000e+00|--+-+++-+-
00000000000000000001|00000000000000000010|+2.3000000000000e+00|-3.3937650000000e+00|-+++++++-+
00000000000000000001|00000000000000000010|+2.2900000000000e+00|-3.4037644000000e+00|--+-++----
00000000000000000001|00000000000000000010|+2.2800000000000e+00|-3.3780024000000e+00|-++-+---+-
00000000000000000001|00000000000000000010|+2.2700000000000e+00|-3.4227968000000e+00|+-++--++--
00000000000000000001|00000000000000000010|+2.2600000000000e+00|-3.4024978000000e+00|-+--++++-+
00000000000000000001|00000000000000000010|+2.2500000000000e+00|-3.3985350000000e+00|--++--+--+
00000000000000000001|00000000000000000010|+2.2400000000000e+00|-3.4071296000000e+00|++++-+-+-+
00000000000000000001|00000000000000000010|+2.2300000000000e+00|-3.4043403000000e+00|-+++++----
00000000000000000001|00000000000000000010|+2.2200000000000e+00|-3.4222632000000e+00|+-+----+--
00000000000000000001|00000000000000000010|+2.2100000000000e+00|-3.4061183000000e+00|+-++-+--++
00000000000000000001|00000000000000000010|+2.2000000000000e+00|-3.4232220000000e+00|++-+--++-+
00000000000000000001|00000000000000000010|+2.1900000000000e+00|-3.4230795000000e+00|++++---+--
00000000000000000001|00000000000000000010|+2.1800000000000e+00|-3.4275486000000e+00|-+-+++----
00000000000000000001|00000000000000000010|+2.1700000000000e+00|-3.4533380000000e+00|--+-++-+++
00000000000000000001|00000000000000000010|+2.1600000000000e+00|-3.4418736000000e+00|-+++++----
00000000000000000001|00000000000000000010|+2.1500000000000e+00|-3.4320880000000e+00|-++++-++-+
00000000000000000001|00000000000000000010|+2.1400000000000e+00|-3.4578120000000e+00|-+--++-+--
00000000000000000001|00000000000000000010|+2.1300000000000e+00|-3.4570965000000e+00|+---------
00000000000000000001|00000000000000000010|+2.1200000000000e+00|-3.4669208000000e+00|+-+-+-++++
00000000000000000001|00000000000000000010|+2.1100000000000e+00|-3.4344048000000e+00|+---+-++-+
00000000000000000001|00000000000000000010|+2.1000000000000e+00|-3.4700820000000e+00|---------+
00000000000000000001|00000000000000000010|+2.0900000000000e+00|-3.4547700000000e+00|+-+--++++-
00000000000000000001|00000000000000000010|+2.0800000000000e+00|-3.4767200000000e+00|+--+-+--+-
00000000000000000001|00000000000000000010|+2.0700000000000e+00|-3.4869564000000e+00|+-+++-++--
00000000000000000001|00000000000000000010|+2.0600000000000e+00|-3.5137832000000e+00|++++---+++
00000000000000000001|00000000000000000010|+2.0500000000000e+00|-3.4918060000000e+00|-+-+--+-++
00000000000000000001|00000000000000000010|+2.0400000000000e+00|-3.4854216000000e+00|--+--+--+-
00000000000000000001|00000000000000000010|+2.0300000000000e+00|-3.5105805000000e+00|-+-++---++
00000000000000000001|00000000000000000010|+2.0200000000000e+00|-3.5092248000000e+00|-+--+-++-+
00000000000000000001|00000000000000000010|+2.0100000000000e+00|-3.5348463000000e+00|+--+--+-++
00000000000000000001|00000000000000000010|+2.0000000000000e+00|-3.5338000000000e+00|-+---+-+--
00000000000000000001|00000000000000000010|+1.9900000000000e+00|-3.5415831000000e+00|-+-+++-+--
00000000000000000001|00000000000000000010|+1.9800000000000e+00|-3.5511696000000e+00|----++-+-+
00000000000000000001|00000000000000000010|+1.9700000000000e+00|-3.5388292000000e+00|-++-+--+-+
00000000000000000001|00000000000000000010|+1.9600000000000e+00|-3.5350560000000e+00|-+--+++-++
00000000000000000001|00000000000000000010|+1.9500000000000e+00|-3.5084595000000e+00|++-++--+-+
00000000000000000001|00000000000000000010|+1.9400000000000e+00|-3.5734994000000e+00|-+--+-+-++
00000000000000000001|00000000000000000010|+1.9300000000000e+00|-3.5389252000000e+00|+-+--++---
00000000000000000001|00000000000000000010|+1.9200000000000e+00|-3.5862144000000e+00|-+----+-++
00000000000000000001|00000000000000000010|+1.9100000000000e+00|-3.5630286000000e+00|-+-+--++++
00000000000000000001|00000000000000000010|+1.9000000000000e+00|-3.5855850000000e+00|-+-+-++-++
00000000000000000001|00000000000000000010|+1.8900000000000e+00|-3.5721567000000e+00|+++-+--+--
00000000000000000001|00000000000000000010|+1.8800000000000e+00|-3.5956316000000e+00|-++---+-+-
00000000000000000001|00000000000000000010|+1.8700000000000e+00|-3.6183939000000e+00|+-++--+-+-
00000000000000000001|00000000000000000010|+1.8600000000000e+00|-3.6155982000000e+00|-+-++-++-+
00000000000000000001|00000000000000000010|+1.8500000000000e+00|-3.6176565000000e+00|-+--+-++-+
00000000000000000001|00000000000000000010|+1.8400000000000e+00|-3.6096016000000e+00|+-++-++---
00000000000000000001|00000000000000000010|+1.8300000000000e+00|-3.6354048000000e+00|-++++-+-++
00000000000000000001|00000000000000000010|+1.8200000000000e+00|-3.6533406000000e+00|--++-++-++
00000000000000000001|00000000000000000010|+1.8100000000000e+00|-3.6134659000000e+00|+------+-+
00000000000000000001|00000000000000000010|+1.8000000000000e+00|-3.6472500000000e+00|-+--+--+++
00000000000000000001|00000000000000000010|+1.7900000000000e+00|-3.6716838000000e+00|++-++-++-+
00000000000000000001|00000000000000000010|+1.7800000000000e+00|-3.6499434000000e+00|-+-+-+++-+
00000000000000000001|00000000000000000010|+1.7700000000000e+00|-3.6718827000000e+00|+-++--+-+-
00000000000000000001|00000000000000000010|+1.7600000000000e+00|-3.6715360000000e+00|+--++-++-+
00000000000000000001|00000000000000000010|+1.7500000000000e+00|-3.6944775000000e+00|+--++--++-
00000000000000000001|00000000000000000010|+1.7400000000000e+00|-3.6828318000000e+00|++++--+---
00000000000000000001|00000000000000000010|+1.7300000000000e+00|-3.6772880000000e+00|+--++-----
00000000000000000001|00000000000000000010|+1.7200000000000e+00|-3.6889528000000e+00|-+--+-+-+-
00000000000000000001|00000000000000000010|+1.7100000000000e+00|-3.6989010000000e+00|+-+---++++
00000000000000000001|00000000000000000010|+1.7000000000000e+00|-3.7033820000000e+00|-+-+-+++-+
00000000000000000001|00000000000000000010|+1.6900000000000e+00|-3.7241854000000e+00|+---+-++-+
00000000000000000001|00000000000000000010|+1.6800000000000e+00|-3.7227288000000e+00|+-+--++-++
00000000000000000001|00000000000000000010|+1.6700000000000e+00|-3.7623263000000e+00|+--++++---
00000000000000000001|00000000000000000010|+1.6600000000000e+00|-3.7368758000000e+00|-----+-+++
00000000000000000001|00000000000000000010|+1.6500000000000e+00|-3.7459125000000e+00|+-++-++-+-
00000000000000000001|00000000000000000010|+1.6400000000000e+00|-3.7366580000000e+00|-++--+-+-+
00000000000000000001|00000000000000000010|+1.6300000000000e+00|-3.7670441000000e+00|--++-+-+--
00000000000000000001|00000000000000000010|+1.6200000000000e+00|-3.7719270000000e+00|+--++--++-
00000000000000000001|00000000000000000010|+1.6100000000000e+00|-3.7749670000000e+00|----+--+++
00000000000000000001|00000000000000000010|+1.6000000000000e+00|-3.7872160000000e+00|+--+-+--+-
00000000000000000001|00000000000000000010|+1.5900000000000e+00|-3.8067780000000e+00|+++-+--+-+
00000000000000000001|00000000000000000010|+1.5800000000000e+00|-3.8125558000000e+00|-++-+-+--+
00000000000000000001|00000000000000000010|+1.5700000000000e+00|-3.8117088000000e+00|++-+-+-+++
00000000000000000001|00000000000000000010|+1.5600000000000e+00|-3.8239032000000e+00|+++++-+---
00000000000000000001|00000000000000000010|+1.5500000000000e+00|-3.8384200000000e+00|+++-+-+--+
00000000000000000001|00000000000000000010|+1.5400000000000e+00|-3.8692962000000e+00|--+--+-+++
00000000000000000001|00000000000000000010|+1.5300000000000e+00|-3.8363679000000e+00|+-+---+++-
00000000000000000001|00000000000000000010|+1.5200000000000e+00|-3.8511176000000e+00|-+++-+-+-+
00000000000000000001|00000000000000000010|+1.5100000000000e+00|-3.8733312000000e+00|-----++-++
00000000000000000001|00000000000000000010|+1.5000000000000e+00|-3.8555850000000e+00|++-+++-++-
00000000000000000001|00000000000000000010|+1.4900000000000e+00|-3.8760711000000e+00|++-++++-++
00000000000000000001|00000000000000000010|+1.4800000000000e+00|-3.8802492000000e+00|-++--+----
00000000000000000001|00000000000000000010|+1.4700000000000e+00|-3.9267669000000e+00|----+---++
00000000000000000001|00000000000000000010|+1.4600000000000e+00|-3.8974116000000e+00|---+++-+++
00000000000000000001|00000000000000000010|+1.4500000000000e+00|-3.9195820000000e+00|---+-+++-+
00000000000000000001|00000000000000000010|+1.4400000000000e+00|-3.9407760000000e+00|-++-++-+++
00000000000000000001|00000000000000000010|+1.4300000000000e+00|-3.9473291000000e+00|-++-++--++
00000000000000000001|00000000000000000010|+1.4200000000000e+00|-3.9555662000000e+00|-+--+-+++-
00000000000000000001|00000000000000000010|+1.4100000000000e+00|-3.9805428000000e+00|-+-+----+-
00000000000000000001|00000000000000000010|+1.4000000000000e+00|-3.9911760000000e+00|-+-+--+-++
00000000000000000001|00000000000000000010|+1.3900000000000e+00|-3.9952492000000e+00|++-+-++++-
00000000000000000001|00000000000000000010|+1.3800000000000e+00|-3.9864750000000e+00|++--++----
00000000000000000001|00000000000000000010|+1.3700000000000e+00|-4.0136068000000e+00|++-+++-++-
00000000000000000001|00000000000000000010|+1.3600000000000e+00|-4.0071176000000e+00|++-+-+--+-
00000000000000000001|00000000000000000010|+1.3500000000000e+00|-4.0183425000000e+00|+-++-+----
00000000000000000001|00000000000000000010|+1.3400000000000e+00|-4.0366830000000e+00|+-+---++--
00000000000000000001|00000000000000000010|+1.3300000000000e+00|-4.0555025000000e+00|++--+--+-+
00000000000000000001|00000000000000000010|+1.3200000000000e+00|-4.0604124000000e+00|++-+++--+-
00000000000000000001|00000000000000000010|+1.3100000000000e+00|-4.0733926000000e+00|-+-+++-+-+
00000000000000000001|00000000000000000010|+1.3000000000000e+00|-4.0815970000000e+00|--++-+++--
00000000000000000001|00000000000000000010|+1.2900000000000e+00|-4.1149452000000e+00|--++-+-+--
00000000000000000001|00000000000000000010|+1.2800000000000e+00|-4.1030912000000e+00|-++---+-+-
00000000000000000001|00000000000000000010|+1.2700000000000e+00|-4.1282747000000e+00|-+-++-+--+
00000000000000000001|00000000000000000010|+1.2600000000000e+00|-4.1386842000000e+00|-+-++-----
00000000000000000001|00000000000000000010|+1.2500000000000e+00|-4.1615375000000e+00|+--+-++++-
00000000000000000001|00000000000000000010|+1.2400000000000e+00|-4.1788620000000e+00|--+-+++-++
00000000000000000001|00000000000000000010|+1.2300000000000e+00|-4.1925780000000e+00|-+-+-+---+
00000000000000000001|00000000000000000010|+1.2200000000000e+00|-4.1585286000000e+00|--+---+-++
00000000000000000001|00000000000000000010|+1.2100000000000e+00|-4.2144058000000e+00|-+-+----++
00000000000000000001|00000000000000000010|+1.2000000000000e+00|-4.2242760000000e+00|+-+-+-+-+-
00000000000000000001|00000000000000000010|+1.1900000000000e+00|-4.2333655000000e+00|--++++-+++
00000000000000000001|00000000000000000010|+1.1800000000000e+00|-4.2592454000000e+00|+-+----+--
00000000000000000001|00000000000000000010|+1.1700000000000e+00|-4.2361956000000e+00|++--+-+-++
00000000000000000001|00000000000000000010|+1.1600000000000e+00|-4.2749364000000e+00|----++++++
00000000000000000001|00000000000000000010|+1.1500000000000e+00|-4.2980445000000e+00|+--++---++
00000000000000000001|00000000000000000010|+1.1400000000000e+00|-4.2883722000000e+00|-++-+---+-
00000000000000000001|00000000000000000010|+1.1300000000000e+00|-4.3263632000000e+00|+--+++-+--
00000000000000000001|00000000000000000010|+1.1200000000000e+00|-4.3333136000000e+00|+--+-++-++
00000000000000000001|00000000000000000010|+1.1100000000000e+00|-4.3454724000000e+00|+--++-++-+
00000000000000000001|00000000000000000010|+1.1000000000000e+00|-4.3655480000000e+00|-+-++-+-++
00000000000000000001|00000000000000000010|+1.0900000000000e+00|-4.3822360000000e+00|--++--+-+-
00000000000000000001|00000000000000000010|+1.0800000000000e+00|-4.3776396000000e+00|+--+-+--++
00000000000000000001|00000000000000000010|+1.0700000000000e+00|-4.4069876000000e+00|-++-+-++-+
00000000000000000001|00000000000000000010|+1.0600000000000e+00|-4.4319448000000e+00|++++--+--+
00000000000000000001|00000000000000000010|+1.0500000000000e+00|-4.4672670000000e+00|-+++--+--+
00000000000000000001|00000000000000000010|+1.0400000000000e+00|-4.4752448000000e+00|++++-+--+-
00000000000000000001|00000000000000000010|+1.0300000000000e+00|-4.4947449000000e+00|+-+-+-+-+-
00000000000000000001|00000000000000000010|+1.0200000000000e+00|-4.5183552000000e+00|++--+-+--+
00000000000000000001|00000000000000000010|+1.0100000000000e+00|-4.5357585000000e+00|+-+++---++
00000000000000000001|00000000000000000010|+1.0000000000000e+00|-4.5525600000000e+00|+-+-+----+
00000000000000000001|00000000000000000010|+9.9000000000000e-01|-4.5755127000000e+00|+-+----++-
00000000000000000001|00000000000000000010|+9.8000000000000e-01|-4.5820782000000e+00|-+-+++-+-+
00000000000000000001|00000000000000000010|+9.7000000000000e-01|-4.6081790000000e+00|-+----+--+
00000000000000000001|00000000000000000010|+9.6000000000000e-01|-4.6036992000000e+00|+-+++--+--
00000000000000000001|00000000000000000010|+9.5000000000000e-01|-4.6366935000000e+00|----+-+-++
00000000000000000001|00000000000000000010|+9.4000000000000e-01|-4.6373114000000e+00|+---+-++--
00000000000000000001|00000000000000000010|+9.3000000000000e-01|-4.6915059000000e+00|--++-+++-+
00000000000000000001|00000000000000000010|+9.2000000000000e-01|-4.7076124000000e+00|-++-+----+
00000000000000000001|00000000000000000010|+9.1000000000000e-01|-4.7059922000000e+00|+--+--+++-
00000000000000000001|00000000000000000010|+9.0000000000000e-01|-4.7461230000000e+00|-++-++-+-+
00000000000000000001|00000000000000000010|+8.9000000000000e-01|-4.7680326000000e+00|---+-++++-
00000000000000000001|00000000000000000010|+8.8000000000000e-01|-4.7912744000000e+00|-+-+-+-+--
00000000000000000001|00000000000000000010|+8.7000000000000e-01|-4.8223056000000e+00|-+-+--+-++
00000000000000000001|00000000000000000010|+8.6000000000000e-01|-4.8348598000000e+00|----+++-++
00000000000000000001|00000000000000000010|+8.5000000000000e-01|-4.8679330000000e+00|----+---+-
00000000000000000001|00000000000000000010|+8.4000000000000e-01|-4.8703452000000e+00|----+--+-+
00000000000000000001|00000000000000000010|+8.3000000000000e-01|-4.9017393000000e+00|+-+-++-+--
00000000000000000001|00000000000000000010|+8.2000000000000e-01|-4.9449280000000e+00|-------+-+
00000000000000000001|00000000000000000010|+8.1000000000000e-01|-4.9548591000000e+00|+++-+---+-
00000000000000000001|00000000000000000010|+8.0000000000000e-01|-4.9853920000000e+00|+-+-+-++--
00000000000000000001|00000000000000000010|+7.9000000000000e-01|-5.0250715000000e+00|+-+-++-+--
00000000000000000001|00000000000000000010|+7.8000000000000e-01|-5.0468964000000e+00|+++++-+++-
00000000000000000001|00000000000000000010|+7.7000000000000e-01|-5.0807372000000e+00|--+-+-+-++
00000000000000000001|00000000000000000010|+7.6000000000000e-01|-5.0925168000000e+00|-+-+-+-+-+
00000000000000000001|00000000000000000010|+7.5000000000000e-01|-5.1232650000000e+00|+--++--+--
00000000000000000001|00000000000000000010|+7.4000000000000e-01|-5.1687298000000e+00|+++--+--+-
00000000000000000001|00000000000000000010|+7.3000000000000e-01|-5.1816203000000e+00|-+-+----++
00000000000000000001|00000000000000000010|+7.2000000000000e-01|-5.2040304000000e+00|++-++-+-+-
00000000000000000001|00000000000000000010|+7.1000000000000e-01|-5.2248687000000e+00|++-++-+--+
00000000000000000001|00000000000000000010|+7.0000000000000e-01|-5.2807580000000e+00|+-+-+-+-+-
00000000000000000001|00000000000000000010|+6.9000000000000e-01|-5.2812669000000e+00|+--++-+-+-
00000000000000000001|00000000000000000010|+6.8000000000000e-01|-5.3158456000000e+00|-+-+-+++--
00000000000000000001|00000000000000000010|+6.7000000000000e-01|-5.3526032000000e+00|+-+-+-++--
00000000000000000001|00000000000000000010|+6.6000000000000e-01|-5.3833032000000e+00|--+--++---
00000000000000000001|00000000000000000010|+6.5000000000000e-01|-5.4135055000000e+00|---+-++-++
00000000000000000001|00000000000000000010|+6.4000000000000e-01|-5.4556736000000e+00|---+-+-+-+
00000000000000000001|00000000000000000010|+6.3000000000000e-01|-5.4591327000000e+00|+-++---+-+
00000000000000000001|00000000000000000010|+6.2000000000000e-01|-5.5188246000000e+00|+-++-+--+-
00000000000000000001|00000000000000000010|+6.1000000000000e-01|-5.5385072000000e+00|-+-+-+-+-+
00000000000000000001|00000000000000000010|+6.0000000000000e-01|-5.5529580000000e+00|-+---+-+--
00000000000000000001|00000000000000000010|+5.9000000000000e-01|-5.6122039000000e+00|---++--+-+
00000000000000000001|00000000000000000010|+5.8000000000000e-01|-5.6324438000000e+00|+++--+-+--
00000000000000000001|00000000000000000010|+5.7000000000000e-01|-5.6609550000000e+00|+-+-+--+-+
00000000000000000001|00000000000000000010|+5.6000000000000e-01|-5.7363320000000e+00|+--++-+-+-
00000000000000000001|00000000000000000010|+5.5000000000000e-01|-5.7469225000000e+00|+-+-++--+-
00000000000000000001|00000000000000000010|+5.4000000000000e-01|-5.7955932000000e+00|--++--+--+
00000000000000000001|00000000000000000010|+5.3000000000000e-01|-5.8257123000000e+00|++--+-+-+-
00000000000000000001|00000000000000000010|+5.2000000000000e-01|-5.8671444000000e+00|-++-+-++-+
00000000000000000001|00000000000000000010|+5.1000000000000e-01|-5.8871391000000e+00|-+-+-+--+-
00000000000000000001|00000000000000000010|+5.0000000000000e-01|-5.9079650000000e+00|-+-+-++-++
00000000000000000001|00000000000000000010|+4.9000000000000e-01|-5.9475073000000e+00|+-+-+---+-
00000000000000000001|00000000000000000010|+4.8000000000000e-01|-6.0062400000000e+00|--+-++-+-+
00000000000000000001|00000000000000000010|+4.7000000000000e-01|-6.0276231000000e+00|+--++--+-+
00000000000000000001|00000000000000000010|+4.6000000000000e-01|-6.0628690000000e+00|-+-+-+++-+
00000000000000000001|00000000000000000010|+4.5000000000000e-01|-6.1027515000000e+00|+-++-++-+-
00000000000000000001|00000000000000000010|+4.4000000000000e-01|-6.1222964000000e+00|--++-++++-
00000000000000000001|00000000000000000010|+4.3000000000000e-01|-6.1851845000000e+00|+-+--+-+-+
00000000000000000001|00000000000000000010|+4.2000000000000e-01|-6.2025306000000e+00|+-+-++----
00000000000000000001|00000000000000000010|+4.1000000000000e-01|-6.2345502000000e+00|+-+-+++-+-
00000000000000000001|00000000000000000010|+4.0000000000000e-01|-6.2591880000000e+00|+--+-+--+-
00000000000000000001|00000000000000000010|+3.9000000000000e-01|-6.3160422000000e+00|-++--+--++
00000000000000000001|00000000000000000010|+3.8000000000000e-01|-6.3260918000000e+00|-+--+-+-++
00000000000000000001|00000000000000000010|+3.7000000000000e-01|-6.3836470000000e+00|-++-++-+-+
00000000000000000001|00000000000000000010|+3.6000000000000e-01|-6.4119852000000e+00|+-+-++--+-
00000000000000000001|00000000000000000010|+3.5000000000000e-01|-6.4257200000000e+00|-++--+-+-+
00000000000000000001|00000000000000000010|+3.4000000000000e-01|-6.4741882000000e+00|+--+-+-+-+
00000000000000000001|00000000000000000010|+3.3000000000000e-01|-6.5094711000000e+00|-++--+-+-+
00000000000000000001|00000000000000000010|+3.2000000000000e-01|-6.5467936000000e+00|-+---+++-+
00000000000000000001|00000000000000000010|+3.1000000000000e-01|-6.5729796000000e+00|+-+-+-++--
00000000000000000001|00000000000000000010|+3.0000000000000e-01|-6.5907540000000e+00|--++--++-+
00000000000000000001|00000000000000000010|+2.9000000000000e-01|-6.6196821000000e+00|-+++--++-+
00000000000000000001|00000000000000000010|+2.8000000000000e-01|-6.6617964000000e+00|+-++-+-+--
00000000000000000001|00000000000000000010|+2.7000000000000e-01|-6.6634893000000e+00|+-+-+-+-+-
00000000000000000001|00000000000000000010|+2.6000000000000e-01|-6.6936688000000e+00|--+-+-++-+
00000000000000000001|00000000000000000010|+2.5000000000000e-01|-6.7329675000000e+00|++---+-+-+
00000000000000000001|00000000000000000010|+2.4000000000000e-01|-6.7653648000000e+00|+--++---++
00000000000000000001|00000000000000000010|+2.3000000000000e-01|-6.7772421000000e+00|+-+--+--+-
00000000000000000001|00000000000000000010|+2.2000000000000e-01|-6.8101946000000e+00|-+++-+-+-+
00000000000000000001|00000000000000000010|+2.1000000000000e-01|-6.8288430000000e+00|+-+--++--+
00000000000000000001|00000000000000000010|+2.0000000000000e-01|-6.8430980000000e+00|-+-+-+-+-+
00000000000000000001|00000000000000000010|+1.9000000000000e-01|-6.8649356000000e+00|+-++--+-+-
00000000000000000001|00000000000000000010|+1.8000000000000e-01|-6.8872734000000e+00|-+-+-++--+
00000000000000000001|00000000000000000010|+1.7000000000000e-01|-6.9008644000000e+00|+--+-+-++-
00000000000000000001|00000000000000000010|+1.6000000000000e-01|-6.9240288000000e+00|+-+-+-+-+-
00000000000000000001|00000000000000000010|+1.5000000000000e-01|-6.9425325000000e+00|++-+-+--+-
00000000000000000001|00000000000000000010|+1.4000000000000e-01|-6.9577676000000e+00|-+-+-+-+-+
00000000000000000001|00000000000000000010|+1.3000000000000e-01|-6.9692168000000e+00|--++-+--++
00000000000000000001|00000000000000000010|+1.2000000000000e-01|-6.9775872000000e+00|-+--+-++-+
00000000000000000001|00000000000000000010|+1.1000000000000e-01|-6.9889919000000e+00|+-+--++-+-
00000000000000000001|00000000000000000010|+1.0000000000000e-01|-6.9946800000000e+00|-++-+--+-+
00000000000000000001|00000000000000000010|+9.0000000000000e-02|-7.0069149000000e+00|+--++-+--+
00000000000000000001|00000000000000000010|+8.0000000000000e-02|-7.0136336000000e+00|++---++--+
00000000000000000001|00000000000000000010|+7.0000000000000e-02|-7.0082943000000e+00|+-+-+-++--
00000000000000000001|00000000000000000010|+6.0000000000000e-02|-7.0149888000000e+00|+--++-+-+-
00000000000000000001|00000000000000000010|+5.0000000000000e-02|-7.0130975000000e+00|-+-+-++-+-
00000000000000000001|00000000000000000010|+4.0000000000000e-02|-7.0110852000000e+00|++-+-++---
00000000000000000001|00000000000000000010|+3.0000000000000e-02|-7.0172547000000e+00|--+-+-++-+
00000000000000000001|00000000000000000010|+2.0000000000000e-02|-7.0175464000000e+00|+-+-+-+-+-
00000000000000000001|00000000000000000010|+9.9999999999999e-03|-7.0157951999999e+00|+--+-+-++-
