#
# QHS - DATA
#
# ----------------------------------------
#
# Size                 = +0000000000000000004
# Model                = Periodic-2D
# Algorithm            = ED
# Start-Temperature    = +0.0000000000000e+00
# End-Temperature      = +4.0000000000000e+00
# Temperature-Step     = +1.0000000000000e-02
#
# Size              | Model-Index        | Algorithm-Index    | Temperature        | AverageEnergy      | StdDvOfEnergy      | AverageCHeat      
# ------------------------------------------------------------------------------------------------------
+0000000000000000004|+0000000000000000003|+0000000000000000001|+4.0000000000000e+00|-8.3065300089459e-01|+0.0000000000000e+00|+2.2319002532005e-01
+0000000000000000004|+0000000000000000003|+0000000000000000001|+3.9900000000000e+00|-8.3289073457589e-01|+0.0000000000000e+00|+2.2435818759235e-01
+0000000000000000004|+0000000000000000003|+0000000000000000001|+3.9800000000000e+00|-8.3514019432413e-01|+0.0000000000000e+00|+2.2553525320715e-01
+0000000000000000004|+0000000000000000003|+0000000000000000001|+3.9700000000000e+00|-8.3740146960938e-01|+0.0000000000000e+00|+2.2672130966198e-01
+0000000000000000004|+0000000000000000003|+0000000000000000001|+3.9600000000000e+00|-8.3967465078182e-01|+0.0000000000000e+00|+2.2791644548674e-01
+0000000000000000004|+0000000000000000003|+0000000000000000001|+3.9500000000000e+00|-8.4195982908215e-01|+0.0000000000000e+00|+2.2912075025756e-01
+0000000000000000004|+0000000000000000003|+0000000000000000001|+3.9400000000000e+00|-8.4425709665213e-01|+0.0000000000000e+00|+2.3033431461092e-01
+0000000000000000004|+0000000000000000003|+0000000000000000001|+3.9300000000000e+00|-8.4656654654523e-01|+0.0000000000000e+00|+2.3155723025789e-01
+0000000000000000004|+0000000000000000003|+0000000000000000001|+3.9200000000000e+00|-8.4888827273747e-01|+0.0000000000000e+00|+2.3278958999860e-01
+0000000000000000004|+0000000000000000003|+0000000000000000001|+3.9100000000000e+00|-8.5122237013840e-01|+0.0000000000000e+00|+2.3403148773698e-01
+0000000000000000004|+0000000000000000003|+0000000000000000001|+3.9000000000000e+00|-8.5356893460215e-01|+0.0000000000000e+00|+2.3528301849563e-01
+0000000000000000004|+0000000000000000003|+0000000000000000001|+3.8900000000000e+00|-8.5592806293877e-01|+0.0000000000000e+00|+2.3654427843096e-01
+0000000000000000004|+0000000000000000003|+0000000000000000001|+3.8800000000000e+00|-8.5829985292559e-01|+0.0000000000000e+00|+2.3781536484855e-01
+0000000000000000004|+0000000000000000003|+0000000000000000001|+3.8700000000000e+00|-8.6068440331879e-01|+0.0000000000000e+00|+2.3909637621868e-01
+0000000000000000004|+0000000000000000003|+0000000000000000001|+3.8600000000000e+00|-8.6308181386517e-01|+0.0000000000000e+00|+2.4038741219216e-01
+0000000000000000004|+0000000000000000003|+0000000000000000001|+3.8500000000000e+00|-8.6549218531400e-01|+0.0000000000000e+00|+2.4168857361633e-01
+0000000000000000004|+0000000000000000003|+0000000000000000001|+3.8400000000000e+00|-8.6791561942906e-01|+0.0000000000000e+00|+2.4299996255134e-01
+0000000000000000004|+0000000000000000003|+0000000000000000001|+3.8300000000000e+00|-8.7035221900089e-01|+0.0000000000000e+00|+2.4432168228661e-01
+0000000000000000004|+0000000000000000003|+0000000000000000001|+3.8200000000000e+00|-8.7280208785911e-01|+0.0000000000000e+00|+2.4565383735759e-01
+0000000000000000004|+0000000000000000003|+0000000000000000001|+3.8100000000000e+00|-8.7526533088501e-01|+0.0000000000000e+00|+2.4699653356272e-01
+0000000000000000004|+0000000000000000003|+0000000000000000001|+3.8000000000000e+00|-8.7774205402426e-01|+0.0000000000000e+00|+2.4834987798066e-01
+0000000000000000004|+0000000000000000003|+0000000000000000001|+3.7900000000000e+00|-8.8023236429978e-01|+0.0000000000000e+00|+2.4971397898773e-01
+0000000000000000004|+0000000000000000003|+0000000000000000001|+3.7800000000000e+00|-8.8273636982480e-01|+0.0000000000000e+00|+2.5108894627569e-01
+0000000000000000004|+0000000000000000003|+0000000000000000001|+3.7700000000000e+00|-8.8525417981616e-01|+0.0000000000000e+00|+2.5247489086965e-01
+0000000000000000004|+0000000000000000003|+0000000000000000001|+3.7600000000000e+00|-8.8778590460765e-01|+0.0000000000000e+00|+2.5387192514638e-01
+0000000000000000004|+0000000000000000003|+0000000000000000001|+3.7500000000000e+00|-8.9033165566370e-01|+0.0000000000000e+00|+2.5528016285275e-01
+0000000000000000004|+0000000000000000003|+0000000000000000001|+3.7400000000000e+00|-8.9289154559310e-01|+0.0000000000000e+00|+2.5669971912453e-01
+0000000000000000004|+0000000000000000003|+0000000000000000001|+3.7300000000000e+00|-8.9546568816306e-01|+0.0000000000000e+00|+2.5813071050545e-01
+0000000000000000004|+0000000000000000003|+0000000000000000001|+3.7200000000000e+00|-8.9805419831332e-01|+0.0000000000000e+00|+2.5957325496648e-01
+0000000000000000004|+0000000000000000003|+0000000000000000001|+3.7100000000000e+00|-9.0065719217055e-01|+0.0000000000000e+00|+2.6102747192544e-01
+0000000000000000004|+0000000000000000003|+0000000000000000001|+3.7000000000000e+00|-9.0327478706294e-01|+0.0000000000000e+00|+2.6249348226686e-01
+0000000000000000004|+0000000000000000003|+0000000000000000001|+3.6900000000000e+00|-9.0590710153490e-01|+0.0000000000000e+00|+2.6397140836219e-01
+0000000000000000004|+0000000000000000003|+0000000000000000001|+3.6800000000000e+00|-9.0855425536212e-01|+0.0000000000000e+00|+2.6546137409019e-01
+0000000000000000004|+0000000000000000003|+0000000000000000001|+3.6700000000000e+00|-9.1121636956667e-01|+0.0000000000000e+00|+2.6696350485772e-01
+0000000000000000004|+0000000000000000003|+0000000000000000001|+3.6600000000000e+00|-9.1389356643242e-01|+0.0000000000000e+00|+2.6847792762074e-01
+0000000000000000004|+0000000000000000003|+0000000000000000001|+3.6500000000000e+00|-9.1658596952064e-01|+0.0000000000000e+00|+2.7000477090571e-01
+0000000000000000004|+0000000000000000003|+0000000000000000001|+3.6400000000000e+00|-9.1929370368582e-01|+0.0000000000000e+00|+2.7154416483116e-01
+0000000000000000004|+0000000000000000003|+0000000000000000001|+3.6300000000000e+00|-9.2201689509166e-01|+0.0000000000000e+00|+2.7309624112973e-01
+0000000000000000004|+0000000000000000003|+0000000000000000001|+3.6200000000000e+00|-9.2475567122737e-01|+0.0000000000000e+00|+2.7466113317038e-01
+0000000000000000004|+0000000000000000003|+0000000000000000001|+3.6100000000000e+00|-9.2751016092412e-01|+0.0000000000000e+00|+2.7623897598098e-01
+0000000000000000004|+0000000000000000003|+0000000000000000001|+3.6000000000000e+00|-9.3028049437173e-01|+0.0000000000000e+00|+2.7782990627125e-01
+0000000000000000004|+0000000000000000003|+0000000000000000001|+3.5900000000000e+00|-9.3306680313566e-01|+0.0000000000000e+00|+2.7943406245596e-01
+0000000000000000004|+0000000000000000003|+0000000000000000001|+3.5800000000000e+00|-9.3586922017412e-01|+0.0000000000000e+00|+2.8105158467847e-01
+0000000000000000004|+0000000000000000003|+0000000000000000001|+3.5700000000000e+00|-9.3868787985548e-01|+0.0000000000000e+00|+2.8268261483468e-01
+0000000000000000004|+0000000000000000003|+0000000000000000001|+3.5600000000000e+00|-9.4152291797596e-01|+0.0000000000000e+00|+2.8432729659719e-01
+0000000000000000004|+0000000000000000003|+0000000000000000001|+3.5500000000000e+00|-9.4437447177749e-01|+0.0000000000000e+00|+2.8598577543993e-01
+0000000000000000004|+0000000000000000003|+0000000000000000001|+3.5400000000000e+00|-9.4724267996582e-01|+0.0000000000000e+00|+2.8765819866299e-01
+0000000000000000004|+0000000000000000003|+0000000000000000001|+3.5300000000000e+00|-9.5012768272898e-01|+0.0000000000000e+00|+2.8934471541795e-01
+0000000000000000004|+0000000000000000003|+0000000000000000001|+3.5200000000000e+00|-9.5302962175584e-01|+0.0000000000000e+00|+2.9104547673347e-01
+0000000000000000004|+0000000000000000003|+0000000000000000001|+3.5100000000000e+00|-9.5594864025508e-01|+0.0000000000000e+00|+2.9276063554123e-01
+0000000000000000004|+0000000000000000003|+0000000000000000001|+3.5000000000000e+00|-9.5888488297429e-01|+0.0000000000000e+00|+2.9449034670226e-01
+0000000000000000004|+0000000000000000003|+0000000000000000001|+3.4900000000000e+00|-9.6183849621947e-01|+0.0000000000000e+00|+2.9623476703367e-01
+0000000000000000004|+0000000000000000003|+0000000000000000001|+3.4800000000000e+00|-9.6480962787464e-01|+0.0000000000000e+00|+2.9799405533565e-01
+0000000000000000004|+0000000000000000003|+0000000000000000001|+3.4700000000000e+00|-9.6779842742189e-01|+0.0000000000000e+00|+2.9976837241892e-01
+0000000000000000004|+0000000000000000003|+0000000000000000001|+3.4600000000000e+00|-9.7080504596156e-01|+0.0000000000000e+00|+3.0155788113253e-01
+0000000000000000004|+0000000000000000003|+0000000000000000001|+3.4500000000000e+00|-9.7382963623280e-01|+0.0000000000000e+00|+3.0336274639206e-01
+0000000000000000004|+0000000000000000003|+0000000000000000001|+3.4400000000000e+00|-9.7687235263435e-01|+0.0000000000000e+00|+3.0518313520814e-01
+0000000000000000004|+0000000000000000003|+0000000000000000001|+3.4300000000000e+00|-9.7993335124569e-01|+0.0000000000000e+00|+3.0701921671541e-01
+0000000000000000004|+0000000000000000003|+0000000000000000001|+3.4200000000000e+00|-9.8301278984835e-01|+0.0000000000000e+00|+3.0887116220187e-01
+0000000000000000004|+0000000000000000003|+0000000000000000001|+3.4100000000000e+00|-9.8611082794765e-01|+0.0000000000000e+00|+3.1073914513861e-01
+0000000000000000004|+0000000000000000003|+0000000000000000001|+3.4000000000000e+00|-9.8922762679465e-01|+0.0000000000000e+00|+3.1262334120991e-01
+0000000000000000004|+0000000000000000003|+0000000000000000001|+3.3900000000000e+00|-9.9236334940847e-01|+0.0000000000000e+00|+3.1452392834379e-01
+0000000000000000004|+0000000000000000003|+0000000000000000001|+3.3800000000000e+00|-9.9551816059882e-01|+0.0000000000000e+00|+3.1644108674293e-01
+0000000000000000004|+0000000000000000003|+0000000000000000001|+3.3700000000000e+00|-9.9869222698898e-01|+0.0000000000000e+00|+3.1837499891598e-01
+0000000000000000004|+0000000000000000003|+0000000000000000001|+3.3600000000000e+00|-1.0018857170389e+00|+0.0000000000000e+00|+3.2032584970935e-01
+0000000000000000004|+0000000000000000003|+0000000000000000001|+3.3500000000000e+00|-1.0050988010690e+00|+0.0000000000000e+00|+3.2229382633931e-01
+0000000000000000004|+0000000000000000003|+0000000000000000001|+3.3400000000000e+00|-1.0083316512836e+00|+0.0000000000000e+00|+3.2427911842459e-01
+0000000000000000004|+0000000000000000003|+0000000000000000001|+3.3300000000000e+00|-1.0115844417956e+00|+0.0000000000000e+00|+3.2628191801936e-01
+0000000000000000004|+0000000000000000003|+0000000000000000001|+3.3200000000000e+00|-1.0148573486505e+00|+0.0000000000000e+00|+3.2830241964663e-01
+0000000000000000004|+0000000000000000003|+0000000000000000001|+3.3100000000000e+00|-1.0181505498518e+00|+0.0000000000000e+00|+3.3034082033208e-01
+0000000000000000004|+0000000000000000003|+0000000000000000001|+3.3000000000000e+00|-1.0214642253856e+00|+0.0000000000000e+00|+3.3239731963832e-01
+0000000000000000004|+0000000000000000003|+0000000000000000001|+3.2900000000000e+00|-1.0247985572468e+00|+0.0000000000000e+00|+3.3447211969955e-01
+0000000000000000004|+0000000000000000003|+0000000000000000001|+3.2800000000000e+00|-1.0281537294643e+00|+0.0000000000000e+00|+3.3656542525668e-01
+0000000000000000004|+0000000000000000003|+0000000000000000001|+3.2700000000000e+00|-1.0315299281279e+00|+0.0000000000000e+00|+3.3867744369285e-01
+0000000000000000004|+0000000000000000003|+0000000000000000001|+3.2600000000000e+00|-1.0349273414143e+00|+0.0000000000000e+00|+3.4080838506943e-01
+0000000000000000004|+0000000000000000003|+0000000000000000001|+3.2500000000000e+00|-1.0383461596147e+00|+0.0000000000000e+00|+3.4295846216238e-01
+0000000000000000004|+0000000000000000003|+0000000000000000001|+3.2400000000000e+00|-1.0417865751614e+00|+0.0000000000000e+00|+3.4512789049912e-01
+0000000000000000004|+0000000000000000003|+0000000000000000001|+3.2300000000000e+00|-1.0452487826562e+00|+0.0000000000000e+00|+3.4731688839576e-01
+0000000000000000004|+0000000000000000003|+0000000000000000001|+3.2200000000000e+00|-1.0487329788980e+00|+0.0000000000000e+00|+3.4952567699484e-01
+0000000000000000004|+0000000000000000003|+0000000000000000001|+3.2100000000000e+00|-1.0522393629115e+00|+0.0000000000000e+00|+3.5175448030344e-01
+0000000000000000004|+0000000000000000003|+0000000000000000001|+3.2000000000000e+00|-1.0557681359758e+00|+0.0000000000000e+00|+3.5400352523175e-01
+0000000000000000004|+0000000000000000003|+0000000000000000001|+3.1900000000000e+00|-1.0593195016540e+00|+0.0000000000000e+00|+3.5627304163209e-01
+0000000000000000004|+0000000000000000003|+0000000000000000001|+3.1800000000000e+00|-1.0628936658225e+00|+0.0000000000000e+00|+3.5856326233835e-01
+0000000000000000004|+0000000000000000003|+0000000000000000001|+3.1700000000000e+00|-1.0664908367010e+00|+0.0000000000000e+00|+3.6087442320584e-01
+0000000000000000004|+0000000000000000003|+0000000000000000001|+3.1600000000000e+00|-1.0701112248832e+00|+0.0000000000000e+00|+3.6320676315159e-01
+0000000000000000004|+0000000000000000003|+0000000000000000001|+3.1500000000000e+00|-1.0737550433673e+00|+0.0000000000000e+00|+3.6556052419509e-01
+0000000000000000004|+0000000000000000003|+0000000000000000001|+3.1400000000000e+00|-1.0774225075876e+00|+0.0000000000000e+00|+3.6793595149945e-01
+0000000000000000004|+0000000000000000003|+0000000000000000001|+3.1300000000000e+00|-1.0811138354457e+00|+0.0000000000000e+00|+3.7033329341294e-01
+0000000000000000004|+0000000000000000003|+0000000000000000001|+3.1200000000000e+00|-1.0848292473428e+00|+0.0000000000000e+00|+3.7275280151099e-01
+0000000000000000004|+0000000000000000003|+0000000000000000001|+3.1100000000000e+00|-1.0885689662123e+00|+0.0000000000000e+00|+3.7519473063863e-01
+0000000000000000004|+0000000000000000003|+0000000000000000001|+3.1000000000000e+00|-1.0923332175525e+00|+0.0000000000000e+00|+3.7765933895328e-01
+0000000000000000004|+0000000000000000003|+0000000000000000001|+3.0900000000000e+00|-1.0961222294600e+00|+0.0000000000000e+00|+3.8014688796795e-01
+0000000000000000004|+0000000000000000003|+0000000000000000001|+3.0800000000000e+00|-1.0999362326635e+00|+0.0000000000000e+00|+3.8265764259490e-01
+0000000000000000004|+0000000000000000003|+0000000000000000001|+3.0700000000000e+00|-1.1037754605580e+00|+0.0000000000000e+00|+3.8519187118961e-01
+0000000000000000004|+0000000000000000003|+0000000000000000001|+3.0600000000000e+00|-1.1076401492396e+00|+0.0000000000000e+00|+3.8774984559520e-01
+0000000000000000004|+0000000000000000003|+0000000000000000001|+3.0500000000000e+00|-1.1115305375402e+00|+0.0000000000000e+00|+3.9033184118721e-01
+0000000000000000004|+0000000000000000003|+0000000000000000001|+3.0400000000000e+00|-1.1154468670634e+00|+0.0000000000000e+00|+3.9293813691869e-01
+0000000000000000004|+0000000000000000003|+0000000000000000001|+3.0300000000000e+00|-1.1193893822205e+00|+0.0000000000000e+00|+3.9556901536575e-01
+0000000000000000004|+0000000000000000003|+0000000000000000001|+3.0200000000000e+00|-1.1233583302668e+00|+0.0000000000000e+00|+3.9822476277337e-01
+0000000000000000004|+0000000000000000003|+0000000000000000001|+3.0100000000000e+00|-1.1273539613386e+00|+0.0000000000000e+00|+4.0090566910159e-01
+0000000000000000004|+0000000000000000003|+0000000000000000001|+3.0000000000000e+00|-1.1313765284906e+00|+0.0000000000000e+00|+4.0361202807200e-01
+0000000000000000004|+0000000000000000003|+0000000000000000001|+2.9900000000000e+00|-1.1354262877336e+00|+0.0000000000000e+00|+4.0634413721458e-01
+0000000000000000004|+0000000000000000003|+0000000000000000001|+2.9800000000000e+00|-1.1395034980730e+00|+0.0000000000000e+00|+4.0910229791479e-01
+0000000000000000004|+0000000000000000003|+0000000000000000001|+2.9700000000000e+00|-1.1436084215476e+00|+0.0000000000000e+00|+4.1188681546093e-01
+0000000000000000004|+0000000000000000003|+0000000000000000001|+2.9600000000000e+00|-1.1477413232687e+00|+0.0000000000000e+00|+4.1469799909183e-01
+0000000000000000004|+0000000000000000003|+0000000000000000001|+2.9500000000000e+00|-1.1519024714600e+00|+0.0000000000000e+00|+4.1753616204473e-01
+0000000000000000004|+0000000000000000003|+0000000000000000001|+2.9400000000000e+00|-1.1560921374978e+00|+0.0000000000000e+00|+4.2040162160341e-01
+0000000000000000004|+0000000000000000003|+0000000000000000001|+2.9300000000000e+00|-1.1603105959516e+00|+0.0000000000000e+00|+4.2329469914646e-01
+0000000000000000004|+0000000000000000003|+0000000000000000001|+2.9200000000000e+00|-1.1645581246253e+00|+0.0000000000000e+00|+4.2621572019588e-01
+0000000000000000004|+0000000000000000003|+0000000000000000001|+2.9100000000000e+00|-1.1688350045991e+00|+0.0000000000000e+00|+4.2916501446563e-01
+0000000000000000004|+0000000000000000003|+0000000000000000001|+2.9000000000000e+00|-1.1731415202714e+00|+0.0000000000000e+00|+4.3214291591053e-01
+0000000000000000004|+0000000000000000003|+0000000000000000001|+2.8900000000000e+00|-1.1774779594016e+00|+0.0000000000000e+00|+4.3514976277509e-01
+0000000000000000004|+0000000000000000003|+0000000000000000001|+2.8800000000000e+00|-1.1818446131531e+00|+0.0000000000000e+00|+4.3818589764251e-01
+0000000000000000004|+0000000000000000003|+0000000000000000001|+2.8700000000000e+00|-1.1862417761372e+00|+0.0000000000000e+00|+4.4125166748371e-01
+0000000000000000004|+0000000000000000003|+0000000000000000001|+2.8600000000000e+00|-1.1906697464569e+00|+0.0000000000000e+00|+4.4434742370635e-01
+0000000000000000004|+0000000000000000003|+0000000000000000001|+2.8500000000000e+00|-1.1951288257517e+00|+0.0000000000000e+00|+4.4747352220386e-01
+0000000000000000004|+0000000000000000003|+0000000000000000001|+2.8400000000000e+00|-1.1996193192428e+00|+0.0000000000000e+00|+4.5063032340437e-01
+0000000000000000004|+0000000000000000003|+0000000000000000001|+2.8300000000000e+00|-1.2041415357783e+00|+0.0000000000000e+00|+4.5381819231959e-01
+0000000000000000004|+0000000000000000003|+0000000000000000001|+2.8200000000000e+00|-1.2086957878798e+00|+0.0000000000000e+00|+4.5703749859350e-01
+0000000000000000004|+0000000000000000003|+0000000000000000001|+2.8100000000000e+00|-1.2132823917886e+00|+0.0000000000000e+00|+4.6028861655090e-01
+0000000000000000004|+0000000000000000003|+0000000000000000001|+2.8000000000000e+00|-1.2179016675128e+00|+0.0000000000000e+00|+4.6357192524569e-01
+0000000000000000004|+0000000000000000003|+0000000000000000001|+2.7900000000000e+00|-1.2225539388749e+00|+0.0000000000000e+00|+4.6688780850890e-01
+0000000000000000004|+0000000000000000003|+0000000000000000001|+2.7800000000000e+00|-1.2272395335598e+00|+0.0000000000000e+00|+4.7023665499637e-01
+0000000000000000004|+0000000000000000003|+0000000000000000001|+2.7700000000000e+00|-1.2319587831634e+00|+0.0000000000000e+00|+4.7361885823602e-01
+0000000000000000004|+0000000000000000003|+0000000000000000001|+2.7600000000000e+00|-1.2367120232413e+00|+0.0000000000000e+00|+4.7703481667475e-01
+0000000000000000004|+0000000000000000003|+0000000000000000001|+2.7500000000000e+00|-1.2414995933584e+00|+0.0000000000000e+00|+4.8048493372469e-01
+0000000000000000004|+0000000000000000003|+0000000000000000001|+2.7400000000000e+00|-1.2463218371387e+00|+0.0000000000000e+00|+4.8396961780903e-01
+0000000000000000004|+0000000000000000003|+0000000000000000001|+2.7300000000000e+00|-1.2511791023157e+00|+0.0000000000000e+00|+4.8748928240712e-01
+0000000000000000004|+0000000000000000003|+0000000000000000001|+2.7200000000000e+00|-1.2560717407833e+00|+0.0000000000000e+00|+4.9104434609882e-01
+0000000000000000004|+0000000000000000003|+0000000000000000001|+2.7100000000000e+00|-1.2610001086465e+00|+0.0000000000000e+00|+4.9463523260812e-01
+0000000000000000004|+0000000000000000003|+0000000000000000001|+2.7000000000000e+00|-1.2659645662739e+00|+0.0000000000000e+00|+4.9826237084589e-01
+0000000000000000004|+0000000000000000003|+0000000000000000001|+2.6900000000000e+00|-1.2709654783491e+00|+0.0000000000000e+00|+5.0192619495157e-01
+0000000000000000004|+0000000000000000003|+0000000000000000001|+2.6800000000000e+00|-1.2760032139233e+00|+0.0000000000000e+00|+5.0562714433392e-01
+0000000000000000004|+0000000000000000003|+0000000000000000001|+2.6700000000000e+00|-1.2810781464685e+00|+0.0000000000000e+00|+5.0936566371055e-01
+0000000000000000004|+0000000000000000003|+0000000000000000001|+2.6600000000000e+00|-1.2861906539304e+00|+0.0000000000000e+00|+5.1314220314621e-01
+0000000000000000004|+0000000000000000003|+0000000000000000001|+2.6500000000000e+00|-1.2913411187825e+00|+0.0000000000000e+00|+5.1695721808973e-01
+0000000000000000004|+0000000000000000003|+0000000000000000001|+2.6400000000000e+00|-1.2965299280795e+00|+0.0000000000000e+00|+5.2081116940951e-01
+0000000000000000004|+0000000000000000003|+0000000000000000001|+2.6300000000000e+00|-1.3017574735124e+00|+0.0000000000000e+00|+5.2470452342737e-01
+0000000000000000004|+0000000000000000003|+0000000000000000001|+2.6200000000000e+00|-1.3070241514625e+00|+0.0000000000000e+00|+5.2863775195076e-01
+0000000000000000004|+0000000000000000003|+0000000000000000001|+2.6100000000000e+00|-1.3123303630569e+00|+0.0000000000000e+00|+5.3261133230305e-01
+0000000000000000004|+0000000000000000003|+0000000000000000001|+2.6000000000000e+00|-1.3176765142236e+00|+0.0000000000000e+00|+5.3662574735193e-01
+0000000000000000004|+0000000000000000003|+0000000000000000001|+2.5900000000000e+00|-1.3230630157471e+00|+0.0000000000000e+00|+5.4068148553559e-01
+0000000000000000004|+0000000000000000003|+0000000000000000001|+2.5800000000000e+00|-1.3284902833242e+00|+0.0000000000000e+00|+5.4477904088672e-01
+0000000000000000004|+0000000000000000003|+0000000000000000001|+2.5700000000000e+00|-1.3339587376203e+00|+0.0000000000000e+00|+5.4891891305400e-01
+0000000000000000004|+0000000000000000003|+0000000000000000001|+2.5600000000000e+00|-1.3394688043250e+00|+0.0000000000000e+00|+5.5310160732104e-01
+0000000000000000004|+0000000000000000003|+0000000000000000001|+2.5500000000000e+00|-1.3450209142095e+00|+0.0000000000000e+00|+5.5732763462254e-01
+0000000000000000004|+0000000000000000003|+0000000000000000001|+2.5400000000000e+00|-1.3506155031823e+00|+0.0000000000000e+00|+5.6159751155743e-01
+0000000000000000004|+0000000000000000003|+0000000000000000001|+2.5300000000000e+00|-1.3562530123464e+00|+0.0000000000000e+00|+5.6591176039895e-01
+0000000000000000004|+0000000000000000003|+0000000000000000001|+2.5200000000000e+00|-1.3619338880558e+00|+0.0000000000000e+00|+5.7027090910125e-01
+0000000000000000004|+0000000000000000003|+0000000000000000001|+2.5100000000000e+00|-1.3676585819728e+00|+0.0000000000000e+00|+5.7467549130257e-01
+0000000000000000004|+0000000000000000003|+0000000000000000001|+2.5000000000000e+00|-1.3734275511240e+00|+0.0000000000000e+00|+5.7912604632446e-01
+0000000000000000004|+0000000000000000003|+0000000000000000001|+2.4900000000000e+00|-1.3792412579580e+00|+0.0000000000000e+00|+5.8362311916705e-01
+0000000000000000004|+0000000000000000003|+0000000000000000001|+2.4800000000000e+00|-1.3851001704017e+00|+0.0000000000000e+00|+5.8816726050004e-01
+0000000000000000004|+0000000000000000003|+0000000000000000001|+2.4700000000000e+00|-1.3910047619168e+00|+0.0000000000000e+00|+5.9275902664915e-01
+0000000000000000004|+0000000000000000003|+0000000000000000001|+2.4600000000000e+00|-1.3969555115566e+00|+0.0000000000000e+00|+5.9739897957768e-01
+0000000000000000004|+0000000000000000003|+0000000000000000001|+2.4500000000000e+00|-1.4029529040222e+00|+0.0000000000000e+00|+6.0208768686307e-01
+0000000000000000004|+0000000000000000003|+0000000000000000001|+2.4400000000000e+00|-1.4089974297183e+00|+0.0000000000000e+00|+6.0682572166795e-01
+0000000000000000004|+0000000000000000003|+0000000000000000001|+2.4300000000000e+00|-1.4150895848091e+00|+0.0000000000000e+00|+6.1161366270562e-01
+0000000000000000004|+0000000000000000003|+0000000000000000001|+2.4200000000000e+00|-1.4212298712734e+00|+0.0000000000000e+00|+6.1645209419930e-01
+0000000000000000004|+0000000000000000003|+0000000000000000001|+2.4100000000000e+00|-1.4274187969596e+00|+0.0000000000000e+00|+6.2134160583515e-01
+0000000000000000004|+0000000000000000003|+0000000000000000001|+2.4000000000000e+00|-1.4336568756403e+00|+0.0000000000000e+00|+6.2628279270843e-01
+0000000000000000004|+0000000000000000003|+0000000000000000001|+2.3900000000000e+00|-1.4399446270655e+00|+0.0000000000000e+00|+6.3127625526255e-01
+0000000000000000004|+0000000000000000003|+0000000000000000001|+2.3800000000000e+00|-1.4462825770163e+00|+0.0000000000000e+00|+6.3632259922064e-01
+0000000000000000004|+0000000000000000003|+0000000000000000001|+2.3700000000000e+00|-1.4526712573571e+00|+0.0000000000000e+00|+6.4142243550907e-01
+0000000000000000004|+0000000000000000003|+0000000000000000001|+2.3600000000000e+00|-1.4591112060872e+00|+0.0000000000000e+00|+6.4657638017268e-01
+0000000000000000004|+0000000000000000003|+0000000000000000001|+2.3500000000000e+00|-1.4656029673915e+00|+0.0000000000000e+00|+6.5178505428108e-01
+0000000000000000004|+0000000000000000003|+0000000000000000001|+2.3400000000000e+00|-1.4721470916904e+00|+0.0000000000000e+00|+6.5704908382571e-01
+0000000000000000004|+0000000000000000003|+0000000000000000001|+2.3300000000000e+00|-1.4787441356883e+00|+0.0000000000000e+00|+6.6236909960698e-01
+0000000000000000004|+0000000000000000003|+0000000000000000001|+2.3200000000000e+00|-1.4853946624211e+00|+0.0000000000000e+00|+6.6774573711115e-01
+0000000000000000004|+0000000000000000003|+0000000000000000001|+2.3100000000000e+00|-1.4920992413025e+00|+0.0000000000000e+00|+6.7317963637624e-01
+0000000000000000004|+0000000000000000003|+0000000000000000001|+2.3000000000000e+00|-1.4988584481688e+00|+0.0000000000000e+00|+6.7867144184649e-01
+0000000000000000004|+0000000000000000003|+0000000000000000001|+2.2900000000000e+00|-1.5056728653220e+00|+0.0000000000000e+00|+6.8422180221475e-01
+0000000000000000004|+0000000000000000003|+0000000000000000001|+2.2800000000000e+00|-1.5125430815716e+00|+0.0000000000000e+00|+6.8983137025214e-01
+0000000000000000004|+0000000000000000003|+0000000000000000001|+2.2700000000000e+00|-1.5194696922744e+00|+0.0000000000000e+00|+6.9550080262435e-01
+0000000000000000004|+0000000000000000003|+0000000000000000001|+2.2600000000000e+00|-1.5264532993727e+00|+0.0000000000000e+00|+7.0123075969387e-01
+0000000000000000004|+0000000000000000003|+0000000000000000001|+2.2500000000000e+00|-1.5334945114297e+00|+0.0000000000000e+00|+7.0702190530748e-01
+0000000000000000004|+0000000000000000003|+0000000000000000001|+2.2400000000000e+00|-1.5405939436640e+00|+0.0000000000000e+00|+7.1287490656819e-01
+0000000000000000004|+0000000000000000003|+0000000000000000001|+2.2300000000000e+00|-1.5477522179800e+00|+0.0000000000000e+00|+7.1879043359079e-01
+0000000000000000004|+0000000000000000003|+0000000000000000001|+2.2200000000000e+00|-1.5549699629976e+00|+0.0000000000000e+00|+7.2476915924039e-01
+0000000000000000004|+0000000000000000003|+0000000000000000001|+2.2100000000000e+00|-1.5622478140778e+00|+0.0000000000000e+00|+7.3081175885285e-01
+0000000000000000004|+0000000000000000003|+0000000000000000001|+2.2000000000000e+00|-1.5695864133460e+00|+0.0000000000000e+00|+7.3691890993635e-01
+0000000000000000004|+0000000000000000003|+0000000000000000001|+2.1900000000000e+00|-1.5769864097124e+00|+0.0000000000000e+00|+7.4309129185309e-01
+0000000000000000004|+0000000000000000003|+0000000000000000001|+2.1800000000000e+00|-1.5844484588887e+00|+0.0000000000000e+00|+7.4932958548022e-01
+0000000000000000004|+0000000000000000003|+0000000000000000001|+2.1700000000000e+00|-1.5919732234011e+00|+0.0000000000000e+00|+7.5563447284884e-01
+0000000000000000004|+0000000000000000003|+0000000000000000001|+2.1600000000000e+00|-1.5995613726007e+00|+0.0000000000000e+00|+7.6200663676019e-01
+0000000000000000004|+0000000000000000003|+0000000000000000001|+2.1500000000000e+00|-1.6072135826687e+00|+0.0000000000000e+00|+7.6844676037766e-01
+0000000000000000004|+0000000000000000003|+0000000000000000001|+2.1400000000000e+00|-1.6149305366177e+00|+0.0000000000000e+00|+7.7495552679378e-01
+0000000000000000004|+0000000000000000003|+0000000000000000001|+2.1300000000000e+00|-1.6227129242892e+00|+0.0000000000000e+00|+7.8153361857061e-01
+0000000000000000004|+0000000000000000003|+0000000000000000001|+2.1200000000000e+00|-1.6305614423456e+00|+0.0000000000000e+00|+7.8818171725261e-01
+0000000000000000004|+0000000000000000003|+0000000000000000001|+2.1100000000000e+00|-1.6384767942575e+00|+0.0000000000000e+00|+7.9490050285036e-01
+0000000000000000004|+0000000000000000003|+0000000000000000001|+2.1000000000000e+00|-1.6464596902857e+00|+0.0000000000000e+00|+8.0169065329400e-01
+0000000000000000004|+0000000000000000003|+0000000000000000001|+2.0900000000000e+00|-1.6545108474575e+00|+0.0000000000000e+00|+8.0855284385479e-01
+0000000000000000004|+0000000000000000003|+0000000000000000001|+2.0800000000000e+00|-1.6626309895370e+00|+0.0000000000000e+00|+8.1548774653339e-01
+0000000000000000004|+0000000000000000003|+0000000000000000001|+2.0700000000000e+00|-1.6708208469893e+00|+0.0000000000000e+00|+8.2249602941316e-01
+0000000000000000004|+0000000000000000003|+0000000000000000001|+2.0600000000000e+00|-1.6790811569381e+00|+0.0000000000000e+00|+8.2957835597710e-01
+0000000000000000004|+0000000000000000003|+0000000000000000001|+2.0500000000000e+00|-1.6874126631157e+00|+0.0000000000000e+00|+8.3673538438643e-01
+0000000000000000004|+0000000000000000003|+0000000000000000001|+2.0400000000000e+00|-1.6958161158064e+00|+0.0000000000000e+00|+8.4396776671933e-01
+0000000000000000004|+0000000000000000003|+0000000000000000001|+2.0300000000000e+00|-1.7042922717813e+00|+0.0000000000000e+00|+8.5127614816777e-01
+0000000000000000004|+0000000000000000003|+0000000000000000001|+2.0200000000000e+00|-1.7128418942259e+00|+0.0000000000000e+00|+8.5866116619071e-01
+0000000000000000004|+0000000000000000003|+0000000000000000001|+2.0100000000000e+00|-1.7214657526576e+00|+0.0000000000000e+00|+8.6612344962158e-01
+0000000000000000004|+0000000000000000003|+0000000000000000001|+2.0000000000000e+00|-1.7301646228351e+00|+0.0000000000000e+00|+8.7366361772794e-01
+0000000000000000004|+0000000000000000003|+0000000000000000001|+1.9900000000000e+00|-1.7389392866580e+00|+0.0000000000000e+00|+8.8128227922134e-01
+0000000000000000004|+0000000000000000003|+0000000000000000001|+1.9800000000000e+00|-1.7477905320559e+00|+0.0000000000000e+00|+8.8898003121496e-01
+0000000000000000004|+0000000000000000003|+0000000000000000001|+1.9700000000000e+00|-1.7567191528669e+00|+0.0000000000000e+00|+8.9675745812681e-01
+0000000000000000004|+0000000000000000003|+0000000000000000001|+1.9600000000000e+00|-1.7657259487051e+00|+0.0000000000000e+00|+9.0461513052610e-01
+0000000000000000004|+0000000000000000003|+0000000000000000001|+1.9500000000000e+00|-1.7748117248159e+00|+0.0000000000000e+00|+9.1255360392029e-01
+0000000000000000004|+0000000000000000003|+0000000000000000001|+1.9400000000000e+00|-1.7839772919194e+00|+0.0000000000000e+00|+9.2057341748013e-01
+0000000000000000004|+0000000000000000003|+0000000000000000001|+1.9300000000000e+00|-1.7932234660399e+00|+0.0000000000000e+00|+9.2867509270013e-01
+0000000000000000004|+0000000000000000003|+0000000000000000001|+1.9200000000000e+00|-1.8025510683226e+00|+0.0000000000000e+00|+9.3685913199167e-01
+0000000000000000004|+0000000000000000003|+0000000000000000001|+1.9100000000000e+00|-1.8119609248352e+00|+0.0000000000000e+00|+9.4512601720578e-01
+0000000000000000004|+0000000000000000003|+0000000000000000001|+1.9000000000000e+00|-1.8214538663549e+00|+0.0000000000000e+00|+9.5347620808270e-01
+0000000000000000004|+0000000000000000003|+0000000000000000001|+1.8900000000000e+00|-1.8310307281386e+00|+0.0000000000000e+00|+9.6191014062515e-01
+0000000000000000004|+0000000000000000003|+0000000000000000001|+1.8800000000000e+00|-1.8406923496778e+00|+0.0000000000000e+00|+9.7042822539206e-01
+0000000000000000004|+0000000000000000003|+0000000000000000001|+1.8700000000000e+00|-1.8504395744348e+00|+0.0000000000000e+00|+9.7903084570947e-01
+0000000000000000004|+0000000000000000003|+0000000000000000001|+1.8600000000000e+00|-1.8602732495613e+00|+0.0000000000000e+00|+9.8771835579529e-01
+0000000000000000004|+0000000000000000003|+0000000000000000001|+1.8500000000000e+00|-1.8701942255975e+00|+0.0000000000000e+00|+9.9649107879437e-01
+0000000000000000004|+0000000000000000003|+0000000000000000001|+1.8400000000000e+00|-1.8802033561509e+00|+0.0000000000000e+00|+1.0053493047202e+00
+0000000000000000004|+0000000000000000003|+0000000000000000001|+1.8300000000000e+00|-1.8903014975549e+00|+0.0000000000000e+00|+1.0142932882996e+00
+0000000000000000004|+0000000000000000003|+0000000000000000001|+1.8200000000000e+00|-1.9004895085041e+00|+0.0000000000000e+00|+1.0233232467166e+00
+0000000000000000004|+0000000000000000003|+0000000000000000001|+1.8100000000000e+00|-1.9107682496676e+00|+0.0000000000000e+00|+1.0324393572516e+00
+0000000000000000004|+0000000000000000003|+0000000000000000001|+1.8000000000000e+00|-1.9211385832776e+00|+0.0000000000000e+00|+1.0416417548113e+00
+0000000000000000004|+0000000000000000003|+0000000000000000001|+1.7900000000000e+00|-1.9316013726924e+00|+0.0000000000000e+00|+1.0509305293462e+00
+0000000000000000004|+0000000000000000003|+0000000000000000001|+1.7800000000000e+00|-1.9421574819343e+00|+0.0000000000000e+00|+1.0603057231506e+00
+0000000000000000004|+0000000000000000003|+0000000000000000001|+1.7700000000000e+00|-1.9528077751983e+00|+0.0000000000000e+00|+1.0697673280407e+00
+0000000000000000004|+0000000000000000003|+0000000000000000001|+1.7600000000000e+00|-1.9635531163330e+00|+0.0000000000000e+00|+1.0793152824072e+00
+0000000000000000004|+0000000000000000003|+0000000000000000001|+1.7500000000000e+00|-1.9743943682910e+00|+0.0000000000000e+00|+1.0889494681371e+00
+0000000000000000004|+0000000000000000003|+0000000000000000001|+1.7400000000000e+00|-1.9853323925479e+00|+0.0000000000000e+00|+1.0986697074003e+00
+0000000000000000004|+0000000000000000003|+0000000000000000001|+1.7300000000000e+00|-1.9963680484885e+00|+0.0000000000000e+00|+1.1084757592956e+00
+0000000000000000004|+0000000000000000003|+0000000000000000001|+1.7200000000000e+00|-2.0075021927588e+00|+0.0000000000000e+00|+1.1183673163536e+00
+0000000000000000004|+0000000000000000003|+0000000000000000001|+1.7100000000000e+00|-2.0187356785820e+00|+0.0000000000000e+00|+1.1283440008880e+00
+0000000000000000004|+0000000000000000003|+0000000000000000001|+1.7000000000000e+00|-2.0300693550378e+00|+0.0000000000000e+00|+1.1384053611940e+00
+0000000000000000004|+0000000000000000003|+0000000000000000001|+1.6900000000000e+00|-2.0415040663020e+00|+0.0000000000000e+00|+1.1485508675863e+00
+0000000000000000004|+0000000000000000003|+0000000000000000001|+1.6800000000000e+00|-2.0530406508467e+00|+0.0000000000000e+00|+1.1587799082733e+00
+0000000000000000004|+0000000000000000003|+0000000000000000001|+1.6700000000000e+00|-2.0646799405979e+00|+0.0000000000000e+00|+1.1690917850609e+00
+0000000000000000004|+0000000000000000003|+0000000000000000001|+1.6600000000000e+00|-2.0764227600487e+00|+0.0000000000000e+00|+1.1794857088827e+00
+0000000000000000004|+0000000000000000003|+0000000000000000001|+1.6500000000000e+00|-2.0882699253282e+00|+0.0000000000000e+00|+1.1899607951502e+00
+0000000000000000004|+0000000000000000003|+0000000000000000001|+1.6400000000000e+00|-2.1002222432217e+00|+0.0000000000000e+00|+1.2005160589185e+00
+0000000000000000004|+0000000000000000003|+0000000000000000001|+1.6300000000000e+00|-2.1122805101427e+00|+0.0000000000000e+00|+1.2111504098625e+00
+0000000000000000004|+0000000000000000003|+0000000000000000001|+1.6200000000000e+00|-2.1244455110527e+00|+0.0000000000000e+00|+1.2218626470591e+00
+0000000000000000004|+0000000000000000003|+0000000000000000001|+1.6100000000000e+00|-2.1367180183285e+00|+0.0000000000000e+00|+1.2326514535697e+00
+0000000000000000004|+0000000000000000003|+0000000000000000001|+1.6000000000000e+00|-2.1490987905741e+00|+0.0000000000000e+00|+1.2435153908196e+00
+0000000000000000004|+0000000000000000003|+0000000000000000001|+1.5900000000000e+00|-2.1615885713754e+00|+0.0000000000000e+00|+1.2544528927691e+00
+0000000000000000004|+0000000000000000003|+0000000000000000001|+1.5800000000000e+00|-2.1741880879955e+00|+0.0000000000000e+00|+1.2654622598717e+00
+0000000000000000004|+0000000000000000003|+0000000000000000001|+1.5700000000000e+00|-2.1868980500085e+00|+0.0000000000000e+00|+1.2765416528163e+00
+0000000000000000004|+0000000000000000003|+0000000000000000001|+1.5600000000000e+00|-2.1997191478698e+00|+0.0000000000000e+00|+1.2876890860493e+00
+0000000000000000004|+0000000000000000003|+0000000000000000001|+1.5500000000000e+00|-2.2126520514199e+00|+0.0000000000000e+00|+1.2989024210724e+00
+0000000000000000004|+0000000000000000003|+0000000000000000001|+1.5400000000000e+00|-2.2256974083212e+00|+0.0000000000000e+00|+1.3101793595147e+00
+0000000000000000004|+0000000000000000003|+0000000000000000001|+1.5300000000000e+00|-2.2388558424230e+00|+0.0000000000000e+00|+1.3215174359744e+00
+0000000000000000004|+0000000000000000003|+0000000000000000001|+1.5200000000000e+00|-2.2521279520549e+00|+0.0000000000000e+00|+1.3329140106304e+00
+0000000000000000004|+0000000000000000003|+0000000000000000001|+1.5100000000000e+00|-2.2655143082444e+00|+0.0000000000000e+00|+1.3443662616195e+00
+0000000000000000004|+0000000000000000003|+0000000000000000001|+1.5000000000000e+00|-2.2790154528578e+00|+0.0000000000000e+00|+1.3558711771810e+00
+0000000000000000004|+0000000000000000003|+0000000000000000001|+1.4900000000000e+00|-2.2926318966604e+00|+0.0000000000000e+00|+1.3674255475663e+00
+0000000000000000004|+0000000000000000003|+0000000000000000001|+1.4800000000000e+00|-2.3063641172956e+00|+0.0000000000000e+00|+1.3790259567152e+00
+0000000000000000004|+0000000000000000003|+0000000000000000001|+1.4700000000000e+00|-2.3202125571790e+00|+0.0000000000000e+00|+1.3906687737001e+00
+0000000000000000004|+0000000000000000003|+0000000000000000001|+1.4600000000000e+00|-2.3341776213063e+00|+0.0000000000000e+00|+1.4023501439403e+00
+0000000000000000004|+0000000000000000003|+0000000000000000001|+1.4500000000000e+00|-2.3482596749714e+00|+0.0000000000000e+00|+1.4140659801896e+00
+0000000000000000004|+0000000000000000003|+0000000000000000001|+1.4400000000000e+00|-2.3624590413942e+00|+0.0000000000000e+00|+1.4258119533027e+00
+0000000000000000004|+0000000000000000003|+0000000000000000001|+1.4300000000000e+00|-2.3767759992543e+00|+0.0000000000000e+00|+1.4375834827853e+00
+0000000000000000004|+0000000000000000003|+0000000000000000001|+1.4200000000000e+00|-2.3912107801296e+00|+0.0000000000000e+00|+1.4493757271351e+00
+0000000000000000004|+0000000000000000003|+0000000000000000001|+1.4100000000000e+00|-2.4057635658366e+00|+0.0000000000000e+00|+1.4611835739838e+00
+0000000000000000004|+0000000000000000003|+0000000000000000001|+1.4000000000000e+00|-2.4204344856723e+00|+0.0000000000000e+00|+1.4730016300493e+00
+0000000000000000004|+0000000000000000003|+0000000000000000001|+1.3900000000000e+00|-2.4352236135537e+00|+0.0000000000000e+00|+1.4848242109101e+00
+0000000000000000004|+0000000000000000003|+0000000000000000001|+1.3800000000000e+00|-2.4501309650547e+00|+0.0000000000000e+00|+1.4966453306179e+00
+0000000000000000004|+0000000000000000003|+0000000000000000001|+1.3700000000000e+00|-2.4651564943380e+00|+0.0000000000000e+00|+1.5084586911624e+00
+0000000000000000004|+0000000000000000003|+0000000000000000001|+1.3600000000000e+00|-2.4803000909820e+00|+0.0000000000000e+00|+1.5202576718090e+00
+0000000000000000004|+0000000000000000003|+0000000000000000001|+1.3500000000000e+00|-2.4955615766987e+00|+0.0000000000000e+00|+1.5320353183285e+00
+0000000000000000004|+0000000000000000003|+0000000000000000001|+1.3400000000000e+00|-2.5109407019457e+00|+0.0000000000000e+00|+1.5437843321444e+00
+0000000000000000004|+0000000000000000003|+0000000000000000001|+1.3300000000000e+00|-2.5264371424272e+00|+0.0000000000000e+00|+1.5554970594226e+00
+0000000000000000004|+0000000000000000003|+0000000000000000001|+1.3200000000000e+00|-2.5420504954875e+00|+0.0000000000000e+00|+1.5671654801339e+00
+0000000000000000004|+0000000000000000003|+0000000000000000001|+1.3100000000000e+00|-2.5577802763939e+00|+0.0000000000000e+00|+1.5787811971216e+00
+0000000000000000004|+0000000000000000003|+0000000000000000001|+1.3000000000000e+00|-2.5736259145112e+00|+0.0000000000000e+00|+1.5903354252110e+00
+0000000000000000004|+0000000000000000003|+0000000000000000001|+1.2900000000000e+00|-2.5895867493673e+00|+0.0000000000000e+00|+1.6018189803988e+00
+0000000000000000004|+0000000000000000003|+0000000000000000001|+1.2800000000000e+00|-2.6056620266111e+00|+0.0000000000000e+00|+1.6132222691680e+00
+0000000000000000004|+0000000000000000003|+0000000000000000001|+1.2700000000000e+00|-2.6218508938652e+00|+0.0000000000000e+00|+1.6245352779739e+00
+0000000000000000004|+0000000000000000003|+0000000000000000001|+1.2600000000000e+00|-2.6381523964735e+00|+0.0000000000000e+00|+1.6357475629548e+00
+0000000000000000004|+0000000000000000003|+0000000000000000001|+1.2500000000000e+00|-2.6545654731476e+00|+0.0000000000000e+00|+1.6468482399214e+00
+0000000000000000004|+0000000000000000003|+0000000000000000001|+1.2400000000000e+00|-2.6710889515156e+00|+0.0000000000000e+00|+1.6578259746872e+00
+0000000000000000004|+0000000000000000003|+0000000000000000001|+1.2300000000000e+00|-2.6877215435746e+00|+0.0000000000000e+00|+1.6686689738060e+00
+0000000000000000004|+0000000000000000003|+0000000000000000001|+1.2200000000000e+00|-2.7044618410542e+00|+0.0000000000000e+00|+1.6793649757845e+00
+0000000000000000004|+0000000000000000003|+0000000000000000001|+1.2100000000000e+00|-2.7213083106943e+00|+0.0000000000000e+00|+1.6899012428493e+00
+0000000000000000004|+0000000000000000003|+0000000000000000001|+1.2000000000000e+00|-2.7382592894438e+00|+0.0000000000000e+00|+1.7002645533458e+00
+0000000000000000004|+0000000000000000003|+0000000000000000001|+1.1900000000000e+00|-2.7553129795865e+00|+0.0000000000000e+00|+1.7104411948589e+00
+0000000000000000004|+0000000000000000003|+0000000000000000001|+1.1800000000000e+00|-2.7724674438027e+00|+0.0000000000000e+00|+1.7204169581449e+00
+0000000000000000004|+0000000000000000003|+0000000000000000001|+1.1700000000000e+00|-2.7897206001741e+00|+0.0000000000000e+00|+1.7301771319737e+00
+0000000000000000004|+0000000000000000003|+0000000000000000001|+1.1600000000000e+00|-2.8070702171427e+00|+0.0000000000000e+00|+1.7397064989848e+00
+0000000000000000004|+0000000000000000003|+0000000000000000001|+1.1500000000000e+00|-2.8245139084328e+00|+0.0000000000000e+00|+1.7489893326653e+00
+0000000000000000004|+0000000000000000003|+0000000000000000001|+1.1400000000000e+00|-2.8420491279502e+00|+0.0000000000000e+00|+1.7580093955649e+00
+0000000000000000004|+0000000000000000003|+0000000000000000001|+1.1300000000000e+00|-2.8596731646689e+00|+0.0000000000000e+00|+1.7667499388690e+00
+0000000000000000004|+0000000000000000003|+0000000000000000001|+1.1200000000000e+00|-2.8773831375216e+00|+0.0000000000000e+00|+1.7751937034539e+00
+0000000000000000004|+0000000000000000003|+0000000000000000001|+1.1100000000000e+00|-2.8951759903090e+00|+0.0000000000000e+00|+1.7833229225563e+00
+0000000000000000004|+0000000000000000003|+0000000000000000001|+1.1000000000000e+00|-2.9130484866431e+00|+0.0000000000000e+00|+1.7911193261911e+00
+0000000000000000004|+0000000000000000003|+0000000000000000001|+1.0900000000000e+00|-2.9309972049459e+00|+0.0000000000000e+00|+1.7985641474589e+00
+0000000000000000004|+0000000000000000003|+0000000000000000001|+1.0800000000000e+00|-2.9490185335193e+00|+0.0000000000000e+00|+1.8056381308866e+00
+0000000000000000004|+0000000000000000003|+0000000000000000001|+1.0700000000000e+00|-2.9671086657108e+00|+0.0000000000000e+00|+1.8123215429481e+00
+0000000000000000004|+0000000000000000003|+0000000000000000001|+1.0600000000000e+00|-2.9852635951946e+00|+0.0000000000000e+00|+1.8185941849152e+00
+0000000000000000004|+0000000000000000003|+0000000000000000001|+1.0500000000000e+00|-3.0034791113948e+00|+0.0000000000000e+00|+1.8244354081916e+00
+0000000000000000004|+0000000000000000003|+0000000000000000001|+1.0400000000000e+00|-3.0217507950736e+00|+0.0000000000000e+00|+1.8298241322820e+00
+0000000000000000004|+0000000000000000003|+0000000000000000001|+1.0300000000000e+00|-3.0400740141141e+00|+0.0000000000000e+00|+1.8347388655497e+00
+0000000000000000004|+0000000000000000003|+0000000000000000001|+1.0200000000000e+00|-3.0584439195250e+00|+0.0000000000000e+00|+1.8391577289146e+00
+0000000000000000004|+0000000000000000003|+0000000000000000001|+1.0100000000000e+00|-3.0768554416971e+00|+0.0000000000000e+00|+1.8430584826410e+00
+0000000000000000004|+0000000000000000003|+0000000000000000001|+1.0000000000000e+00|-3.0953032869442e+00|+0.0000000000000e+00|+1.8464185563606e+00
+0000000000000000004|+0000000000000000003|+0000000000000000001|+9.9000000000004e-01|-3.1137819343612e+00|+0.0000000000000e+00|+1.8492150824706e+00
+0000000000000000004|+0000000000000000003|+0000000000000000001|+9.8000000000004e-01|-3.1322856330330e+00|+0.0000000000000e+00|+1.8514249330396e+00
+0000000000000000004|+0000000000000000003|+0000000000000000001|+9.7000000000004e-01|-3.1508083996307e+00|+0.0000000000000e+00|+1.8530247603454e+00
+0000000000000000004|+0000000000000000003|+0000000000000000001|+9.6000000000004e-01|-3.1693440164324e+00|+0.0000000000000e+00|+1.8539910411563e+00
+0000000000000000004|+0000000000000000003|+0000000000000000001|+9.5000000000004e-01|-3.1878860298052e+00|+0.0000000000000e+00|+1.8543001248570e+00
+0000000000000000004|+0000000000000000003|+0000000000000000001|+9.4000000000004e-01|-3.2064277491882e+00|+0.0000000000000e+00|+1.8539282855013e+00
+0000000000000000004|+0000000000000000003|+0000000000000000001|+9.3000000000004e-01|-3.2249622466165e+00|+0.0000000000000e+00|+1.8528517778599e+00
+0000000000000000004|+0000000000000000003|+0000000000000000001|+9.2000000000004e-01|-3.2434823568248e+00|+0.0000000000000e+00|+1.8510468975086e+00
+0000000000000000004|+0000000000000000003|+0000000000000000001|+9.1000000000004e-01|-3.2619806779735e+00|+0.0000000000000e+00|+1.8484900449818e+00
+0000000000000000004|+0000000000000000003|+0000000000000000001|+9.0000000000004e-01|-3.2804495730357e+00|+0.0000000000000e+00|+1.8451577939905e+00
+0000000000000000004|+0000000000000000003|+0000000000000000001|+8.9000000000004e-01|-3.2988811718866e+00|+0.0000000000000e+00|+1.8410269636784e+00
+0000000000000000004|+0000000000000000003|+0000000000000000001|+8.8000000000004e-01|-3.3172673741363e+00|+0.0000000000000e+00|+1.8360746948582e+00
+0000000000000000004|+0000000000000000003|+0000000000000000001|+8.7000000000004e-01|-3.3355998527435e+00|+0.0000000000000e+00|+1.8302785301424e+00
+0000000000000000004|+0000000000000000003|+0000000000000000001|+8.6000000000004e-01|-3.3538700584502e+00|+0.0000000000000e+00|+1.8236164978465e+00
+0000000000000000004|+0000000000000000003|+0000000000000000001|+8.5000000000004e-01|-3.3720692250732e+00|+0.0000000000000e+00|+1.8160671995127e+00
+0000000000000000004|+0000000000000000003|+0000000000000000001|+8.4000000000004e-01|-3.3901883756885e+00|+0.0000000000000e+00|+1.8076099008609e+00
+0000000000000000004|+0000000000000000003|+0000000000000000001|+8.3000000000004e-01|-3.4082183297412e+00|+0.0000000000000e+00|+1.7982246259451e+00
+0000000000000000004|+0000000000000000003|+0000000000000000001|+8.2000000000004e-01|-3.4261497111121e+00|+0.0000000000000e+00|+1.7878922542522e+00
+0000000000000000004|+0000000000000000003|+0000000000000000001|+8.1000000000004e-01|-3.4439729571684e+00|+0.0000000000000e+00|+1.7765946204483e+00
+0000000000000000004|+0000000000000000003|+0000000000000000001|+8.0000000000004e-01|-3.4616783288247e+00|+0.0000000000000e+00|+1.7643146164433e+00
+0000000000000000004|+0000000000000000003|+0000000000000000001|+7.9000000000004e-01|-3.4792559216331e+00|+0.0000000000000e+00|+1.7510362954160e+00
+0000000000000000004|+0000000000000000003|+0000000000000000001|+7.8000000000004e-01|-3.4966956779238e+00|+0.0000000000000e+00|+1.7367449774136e+00
+0000000000000000004|+0000000000000000003|+0000000000000000001|+7.7000000000004e-01|-3.5139874000059e+00|+0.0000000000000e+00|+1.7214273561188e+00
+0000000000000000004|+0000000000000000003|+0000000000000000001|+7.6000000000004e-01|-3.5311207644414e+00|+0.0000000000000e+00|+1.7050716063635e+00
+0000000000000000004|+0000000000000000003|+0000000000000000001|+7.5000000000004e-01|-3.5480853373958e+00|+0.0000000000000e+00|+1.6876674919600e+00
+0000000000000000004|+0000000000000000003|+0000000000000000001|+7.4000000000004e-01|-3.5648705910664e+00|+0.0000000000000e+00|+1.6692064734226e+00
+0000000000000000004|+0000000000000000003|+0000000000000000001|+7.3000000000004e-01|-3.5814659211863e+00|+0.0000000000000e+00|+1.6496818151679e+00
+0000000000000000004|+0000000000000000003|+0000000000000000001|+7.2000000000004e-01|-3.5978606655955e+00|+0.0000000000000e+00|+1.6290886918070e+00
+0000000000000000004|+0000000000000000003|+0000000000000000001|+7.1000000000004e-01|-3.6140441238694e+00|+0.0000000000000e+00|+1.6074242931830e+00
+0000000000000000004|+0000000000000000003|+0000000000000000001|+7.0000000000004e-01|-3.6300055779901e+00|+0.0000000000000e+00|+1.5846879278669e+00
+0000000000000000004|+0000000000000000003|+0000000000000000001|+6.9000000000004e-01|-3.6457343140434e+00|+0.0000000000000e+00|+1.5608811248974e+00
+0000000000000000004|+0000000000000000003|+0000000000000000001|+6.8000000000004e-01|-3.6612196449250e+00|+0.0000000000000e+00|+1.5360077336470e+00
+0000000000000000004|+0000000000000000003|+0000000000000000001|+6.7000000000004e-01|-3.6764509340350e+00|+0.0000000000000e+00|+1.5100740218083e+00
+0000000000000000004|+0000000000000000003|+0000000000000000001|+6.6000000000004e-01|-3.6914176199435e+00|+0.0000000000000e+00|+1.4830887716336e+00
+0000000000000000004|+0000000000000000003|+0000000000000000001|+6.5000000000004e-01|-3.7061092420115e+00|+0.0000000000000e+00|+1.4550633747139e+00
+0000000000000000004|+0000000000000000003|+0000000000000000001|+6.4000000000004e-01|-3.7205154669536e+00|+0.0000000000000e+00|+1.4260119257656e+00
+0000000000000000004|+0000000000000000003|+0000000000000000001|+6.3000000000004e-01|-3.7346261163365e+00|+0.0000000000000e+00|+1.3959513160835e+00
+0000000000000000004|+0000000000000000003|+0000000000000000001|+6.2000000000004e-01|-3.7484311950139e+00|+0.0000000000000e+00|+1.3649013275366e+00
+0000000000000000004|+0000000000000000003|+0000000000000000001|+6.1000000000004e-01|-3.7619209205086e+00|+0.0000000000000e+00|+1.3328847282052e+00
+0000000000000000004|+0000000000000000003|+0000000000000000001|+6.0000000000004e-01|-3.7750857533643e+00|+0.0000000000000e+00|+1.2999273709877e+00
+0000000000000000004|+0000000000000000003|+0000000000000000001|+5.9000000000004e-01|-3.7879164285053e+00|+0.0000000000000e+00|+1.2660582967344e+00
+0000000000000000004|+0000000000000000003|+0000000000000000001|+5.8000000000004e-01|-3.8004039876570e+00|+0.0000000000000e+00|+1.2313098436825e+00
+0000000000000000004|+0000000000000000003|+0000000000000000001|+5.7000000000004e-01|-3.8125398129005e+00|+0.0000000000000e+00|+1.1957177651488e+00
+0000000000000000004|+0000000000000000003|+0000000000000000001|+5.6000000000004e-01|-3.8243156614541e+00|+0.0000000000000e+00|+1.1593213575889e+00
+0000000000000000004|+0000000000000000003|+0000000000000000001|+5.5000000000004e-01|-3.8357237017965e+00|+0.0000000000000e+00|+1.1221636012009e+00
+0000000000000000004|+0000000000000000003|+0000000000000000001|+5.4000000000004e-01|-3.8467565512675e+00|+0.0000000000000e+00|+1.0842913152457e+00
+0000000000000000004|+0000000000000000003|+0000000000000000001|+5.3000000000004e-01|-3.8574073153042e+00|+0.0000000000000e+00|+1.0457553301155e+00
+0000000000000000004|+0000000000000000003|+0000000000000000001|+5.2000000000004e-01|-3.8676696284895e+00|+0.0000000000000e+00|+1.0066106778916e+00
+0000000000000000004|+0000000000000000003|+0000000000000000001|+5.1000000000004e-01|-3.8775376976031e+00|+0.0000000000000e+00|+9.6691680263617e-01
+0000000000000000004|+0000000000000000003|+0000000000000000001|+5.0000000000004e-01|-3.8870063468773e+00|+0.0000000000000e+00|+9.2673779092248e-01
+0000000000000000004|+0000000000000000003|+0000000000000000001|+4.9000000000004e-01|-3.8960710656578e+00|+0.0000000000000e+00|+8.8614262206638e-01
+0000000000000000004|+0000000000000000003|+0000000000000000001|+4.8000000000004e-01|-3.9047280586570e+00|+0.0000000000000e+00|+8.4520543612194e-01
+0000000000000000004|+0000000000000000003|+0000000000000000001|+4.7000000000004e-01|-3.9129742989623e+00|+0.0000000000000e+00|+8.0400581588790e-01
+0000000000000000004|+0000000000000000003|+0000000000000000001|+4.6000000000004e-01|-3.9208075839096e+00|+0.0000000000000e+00|+7.6262907687761e-01
+0000000000000000004|+0000000000000000003|+0000000000000000001|+4.5000000000004e-01|-3.9282265938614e+00|+0.0000000000000e+00|+7.2116655637289e-01
+0000000000000000004|+0000000000000000003|+0000000000000000001|+4.4000000000004e-01|-3.9352309538207e+00|+0.0000000000000e+00|+6.7971588926772e-01
+0000000000000000004|+0000000000000000003|+0000000000000000001|+4.3000000000004e-01|-3.9418212976710e+00|+0.0000000000000e+00|+6.3838125437175e-01
+0000000000000000004|+0000000000000000003|+0000000000000000001|+4.2000000000004e-01|-3.9479993346469e+00|+0.0000000000000e+00|+5.9727357018311e-01
+0000000000000000004|+0000000000000000003|+0000000000000000001|+4.1000000000004e-01|-3.9537679174024e+00|+0.0000000000000e+00|+5.5651061388030e-01
+0000000000000000004|+0000000000000000003|+0000000000000000001|+4.0000000000004e-01|-3.9591311107538e+00|+0.0000000000000e+00|+5.1621703151336e-01
+0000000000000000004|+0000000000000000003|+0000000000000000001|+3.9000000000004e-01|-3.9640942598250e+00|+0.0000000000000e+00|+4.7652420125396e-01
+0000000000000000004|+0000000000000000003|+0000000000000000001|+3.8000000000004e-01|-3.9686640559079e+00|+0.0000000000000e+00|+4.3756990535187e-01
+0000000000000000004|+0000000000000000003|+0000000000000000001|+3.7000000000004e-01|-3.9728485978789e+00|+0.0000000000000e+00|+3.9949776053829e-01
+0000000000000000004|+0000000000000000003|+0000000000000000001|+3.6000000000004e-01|-3.9766574464831e+00|+0.0000000000000e+00|+3.6245635156296e-01
+0000000000000000004|+0000000000000000003|+0000000000000000001|+3.5000000000004e-01|-3.9801016682247e+00|+0.0000000000000e+00|+3.2659800910940e-01
+0000000000000000004|+0000000000000000003|+0000000000000000001|+3.4000000000004e-01|-3.9831938650112e+00|+0.0000000000000e+00|+2.9207717248944e-01
+0000000000000000004|+0000000000000000003|+0000000000000000001|+3.3000000000004e-01|-3.9859481851082e+00|+0.0000000000000e+00|+2.5904828051560e-01
+0000000000000000004|+0000000000000000003|+0000000000000000001|+3.2000000000004e-01|-3.9883803104390e+00|+0.0000000000000e+00|+2.2766314231460e-01
+0000000000000000004|+0000000000000000003|+0000000000000000001|+3.1000000000004e-01|-3.9905074148464e+00|+0.0000000000000e+00|+1.9806775535059e-01
+0000000000000000004|+0000000000000000003|+0000000000000000001|+3.0000000000004e-01|-3.9923480877237e+00|+0.0000000000000e+00|+1.7039856253546e-01
+0000000000000000004|+0000000000000000003|+0000000000000000001|+2.9000000000004e-01|-3.9939222175097e+00|+0.0000000000000e+00|+1.4477817601950e-01
+0000000000000000004|+0000000000000000003|+0000000000000000001|+2.8000000000004e-01|-3.9952508300478e+00|+0.0000000000000e+00|+1.2131064387623e-01
+0000000000000000004|+0000000000000000003|+0000000000000000001|+2.7000000000004e-01|-3.9963558778758e+00|+0.0000000000000e+00|+1.0007639855030e-01
+0000000000000000004|+0000000000000000003|+0000000000000000001|+2.6000000000004e-01|-3.9972599782712e+00|+0.0000000000000e+00|+8.1127102527038e-02
+0000000000000000004|+0000000000000000003|+0000000000000000001|+2.5000000000004e-01|-3.9979861004661e+00|+0.0000000000000e+00|+6.4480694898130e-02
+0000000000000000004|+0000000000000000003|+0000000000000000001|+2.4000000000004e-01|-3.9985572059498e+00|+0.0000000000000e+00|+5.0117036760285e-02
+0000000000000000004|+0000000000000000003|+0000000000000000001|+2.3000000000004e-01|-3.9989958502211e+00|+0.0000000000000e+00|+3.7974643384762e-02
+0000000000000000004|+0000000000000000003|+0000000000000000001|+2.2000000000004e-01|-3.9993237595966e+00|+0.0000000000000e+00|+2.7949060478314e-02
+0000000000000000004|+0000000000000000003|+0000000000000000001|+2.1000000000004e-01|-3.9995614024384e+00|+0.0000000000000e+00|+1.9893467177676e-02
+0000000000000000004|+0000000000000000003|+0000000000000000001|+2.0000000000004e-01|-3.9997275798138e+00|+0.0000000000000e+00|+1.3622039492750e-02
+0000000000000000004|+0000000000000000003|+0000000000000000001|+1.9000000000004e-01|-3.9998390652612e+00|+0.0000000000000e+00|+8.9164504701736e-03
+0000000000000000004|+0000000000000000003|+0000000000000000001|+1.8000000000004e-01|-3.9999103257354e+00|+0.0000000000000e+00|+5.5355862961198e-03
+0000000000000000004|+0000000000000000003|+0000000000000000001|+1.7000000000004e-01|-3.9999533544701e+00|+0.0000000000000e+00|+3.2281061775359e-03
+0000000000000000004|+0000000000000000003|+0000000000000000001|+1.6000000000004e-01|-3.9999776399421e+00|+0.0000000000000e+00|+1.7468903736736e-03
+0000000000000000004|+0000000000000000003|+0000000000000000001|+1.5000000000004e-01|-3.9999902823930e+00|+0.0000000000000e+00|+8.6378961930807e-04
+0000000000000000004|+0000000000000000003|+0000000000000000001|+1.4000000000004e-01|-3.9999962507464e+00|+0.0000000000000e+00|+3.8257729782329e-04
+0000000000000000004|+0000000000000000003|+0000000000000000001|+1.3000000000004e-01|-3.9999987506106e+00|+0.0000000000000e+00|+1.4785679068989e-04
+0000000000000000004|+0000000000000000003|+0000000000000000001|+1.2000000000004e-01|-3.9999996533351e+00|+0.0000000000000e+00|+4.8147914050751e-05
+0000000000000000004|+0000000000000000003|+0000000000000000001|+1.1000000000004e-01|-3.9999999238118e+00|+0.0000000000000e+00|+1.2593098354732e-05
+0000000000000000004|+0000000000000000003|+0000000000000000001|+1.0000000000004e-01|-3.9999999876331e+00|+0.0000000000000e+00|+2.4733845194171e-06
+0000000000000000004|+0000000000000000003|+0000000000000000001|+9.0000000000041e-02|-3.9999999986598e+00|+0.0000000000000e+00|+3.3090830487240e-07
+0000000000000000004|+0000000000000000003|+0000000000000000001|+8.0000000000041e-02|-3.9999999999167e+00|+0.0000000000000e+00|+2.6040281042556e-08
+0000000000000000004|+0000000000000000003|+0000000000000000001|+7.0000000000041e-02|-3.9999999999977e+00|+0.0000000000000e+00|+9.5633251884334e-10
+0000000000000000004|+0000000000000000003|+0000000000000000001|+6.0000000000041e-02|-4.0000000000000e+00|+0.0000000000000e+00|+1.1348946473931e-11
+0000000000000000004|+0000000000000000003|+0000000000000000001|+5.0000000000041e-02|-4.0000000000000e+00|+0.0000000000000e+00|+7.1054273575894e-13
+0000000000000000004|+0000000000000000003|+0000000000000000001|+4.0000000000041e-02|-4.0000000000000e+00|+0.0000000000000e+00|+2.2204460492458e-12
+0000000000000000004|+0000000000000000003|+0000000000000000001|+3.0000000000041e-02|-4.0000000000000e+00|+0.0000000000000e+00|+3.9474596431009e-12
+0000000000000000004|+0000000000000000003|+0000000000000000001|+2.0000000000041e-02|-4.0000000000000e+00|+0.0000000000000e+00|+4.4408920984824e-12
+0000000000000000004|+0000000000000000003|+0000000000000000001|+1.0000000000041e-02|-4.0000000000000e+00|+0.0000000000000e+00|+3.5527136787714e-11
