#
# QHS - DATA
#
# ----------------------------------------
#
# Size                 = +0000000000000000024
# Model                = Open-1D
# Algorithm            = SSE
# Start-Temperature    = +0.0000000000000e+00
# End-Temperature      = +4.0000000000000e+00
# Temperature-Step     = +1.0000000000000e-02
#
# Size              | Model-Index        | Algorithm-Index    | Temperature        | AverageEnergy      | StdDvOfEnergy      | AverageCHeat      
# ------------------------------------------------------------------------------------------------------
+0000000000000000024|+0000000000000000000|+0000000000000000000|+4.0000000000000e+00|-1.1294800000000e+00|+5.6870932146856e-02|+3.0136718310001e-01
+0000000000000000024|+0000000000000000000|+0000000000000000000|+3.9900000000000e+00|-1.1224957000000e+00|+5.6569221839566e-02|+2.8745489509997e-01
+0000000000000000024|+0000000000000000000|+0000000000000000000|+3.9800000000000e+00|-1.1750010000000e+00|+5.6813545297692e-02|+2.9753399750002e-01
+0000000000000000024|+0000000000000000000|+0000000000000000000|+3.9700000000000e+00|-1.1220700000000e+00|+5.6485740375750e-02|+2.9319900000006e-01
+0000000000000000024|+0000000000000000000|+0000000000000000000|+3.9600000000000e+00|-1.1787328000000e+00|+5.6766367097638e-02|+3.0501989760001e-01
+0000000000000000024|+0000000000000000000|+0000000000000000000|+3.9500000000000e+00|-1.1387210000000e+00|+5.6529986886233e-02|+3.0397375960003e-01
+0000000000000000024|+0000000000000000000|+0000000000000000000|+3.9400000000000e+00|-1.1202174000000e+00|+5.6369409738875e-02|+3.0297543590002e-01
+0000000000000000024|+0000000000000000000|+0000000000000000000|+3.9300000000000e+00|-1.1634202000000e+00|+5.6457740922518e-02|+3.0442646039994e-01
+0000000000000000024|+0000000000000000000|+0000000000000000000|+3.9200000000000e+00|-1.1661344000000e+00|+5.6521354839290e-02|+3.1446493760001e-01
+0000000000000000024|+0000000000000000000|+0000000000000000000|+3.9100000000000e+00|-1.1855580000000e+00|+5.6413071927808e-02|+3.0763356000001e-01
+0000000000000000024|+0000000000000000000|+0000000000000000000|+3.9000000000000e+00|-1.1122450000000e+00|+5.6044781806644e-02|+3.0534379750005e-01
+0000000000000000024|+0000000000000000000|+0000000000000000000|+3.8900000000000e+00|-1.1850531000000e+00|+5.6364472617912e-02|+3.1647981589998e-01
+0000000000000000024|+0000000000000000000|+0000000000000000000|+3.8800000000000e+00|-1.1586116000000e+00|+5.6243281407692e-02|+3.2047047509997e-01
+0000000000000000024|+0000000000000000000|+0000000000000000000|+3.8700000000000e+00|-1.1649547000000e+00|+5.5918872714204e-02|+3.0081002390001e-01
+0000000000000000024|+0000000000000000000|+0000000000000000000|+3.8600000000000e+00|-1.1571226000000e+00|+5.6073364256792e-02|+3.2065185190002e-01
+0000000000000000024|+0000000000000000000|+0000000000000000000|+3.8500000000000e+00|-1.2018295000000e+00|+5.6279040510949e-02|+3.3095585109996e-01
+0000000000000000024|+0000000000000000000|+0000000000000000000|+3.8400000000000e+00|-1.1977888000000e+00|+5.5944245420946e-02|+3.1297113760003e-01
+0000000000000000024|+0000000000000000000|+0000000000000000000|+3.8300000000000e+00|-1.1967008000000e+00|+5.6239090323867e-02|+3.4217466240003e-01
+0000000000000000024|+0000000000000000000|+0000000000000000000|+3.8200000000000e+00|-1.1998406000000e+00|+5.6135342535049e-02|+3.3991835109999e-01
+0000000000000000024|+0000000000000000000|+0000000000000000000|+3.8100000000000e+00|-1.2031357000000e+00|+5.5924648044171e-02|+3.2936449909995e-01
+0000000000000000024|+0000000000000000000|+0000000000000000000|+3.8000000000000e+00|-1.2019860000000e+00|+5.5832403058650e-02|+3.2907951910001e-01
+0000000000000000024|+0000000000000000000|+0000000000000000000|+3.7900000000000e+00|-1.2040436000000e+00|+5.5751126217659e-02|+3.2880217439998e-01
+0000000000000000024|+0000000000000000000|+0000000000000000000|+3.7800000000000e+00|-1.1616922000001e+00|+5.5507468592549e-02|+3.2764431989992e-01
+0000000000000000024|+0000000000000000000|+0000000000000000000|+3.7700000000000e+00|-1.1967528000000e+00|+5.5423795101703e-02|+3.1841783039999e-01
+0000000000000000024|+0000000000000000000|+0000000000000000000|+3.7600000000000e+00|-1.1976528000000e+00|+5.5677060520219e-02|+3.4468907160004e-01
+0000000000000000024|+0000000000000000000|+0000000000000000000|+3.7500000000000e+00|-1.1819125000000e+00|+5.5278333605048e-02|+3.2421077990001e-01
+0000000000000000024|+0000000000000000000|+0000000000000000000|+3.7400000000000e+00|-1.2198640000000e+00|+5.5554998971663e-02|+3.4267504000001e-01
+0000000000000000024|+0000000000000000000|+0000000000000000000|+3.7300000000000e+00|-1.2177021666667e+00|+5.5397775075460e-02|+3.3756706638889e-01
+0000000000000000024|+0000000000000000000|+0000000000000000000|+3.7200000000000e+00|-1.2412564000000e+00|+5.5561179298233e-02|+3.5118840310001e-01
+0000000000000000024|+0000000000000000000|+0000000000000000000|+3.7100000000000e+00|-1.2358187000000e+00|+5.5727603698297e-02|+3.7308397910004e-01
+0000000000000000024|+0000000000000000000|+0000000000000000000|+3.7000000000000e+00|-1.2693070000000e+00|+5.5428026129235e-02|+3.4683364789998e-01
+0000000000000000024|+0000000000000000000|+0000000000000000000|+3.6900000000000e+00|-1.2079747000000e+00|+5.5226782930670e-02|+3.5413950310003e-01
+0000000000000000024|+0000000000000000000|+0000000000000000000|+3.6800000000000e+00|-1.2656992000000e+00|+5.5405369265138e-02|+3.6010652640003e-01
+0000000000000000024|+0000000000000000000|+0000000000000000000|+3.6700000000000e+00|-1.2573879000000e+00|+5.5372308180576e-02|+3.6682620309999e-01
+0000000000000000024|+0000000000000000000|+0000000000000000000|+3.6600000000000e+00|-1.2271678000000e+00|+5.5049151688055e-02|+3.5568593110002e-01
+0000000000000000024|+0000000000000000000|+0000000000000000000|+3.6500000000000e+00|-1.2058050000000e+00|+5.4613214339714e-02|+3.3284750999999e-01
+0000000000000000024|+0000000000000000000|+0000000000000000000|+3.6400000000000e+00|-1.2453884000000e+00|+5.5006466569404e-02|+3.6158632390001e-01
+0000000000000000024|+0000000000000000000|+0000000000000000000|+3.6300000000000e+00|-1.2383308000000e+00|+5.4793606396251e-02|+3.5309897439996e-01
+0000000000000000024|+0000000000000000000|+0000000000000000000|+3.6200000000000e+00|-1.2497044000000e+00|+5.4847757858606e-02|+3.6177369560002e-01
+0000000000000000024|+0000000000000000000|+0000000000000000000|+3.6100000000000e+00|-1.2960341000000e+00|+5.5110179764315e-02|+3.7845772389998e-01
+0000000000000000024|+0000000000000000000|+0000000000000000000|+3.6000000000000e+00|-1.2616480000000e+00|+5.4741120297586e-02|+3.6427261759998e-01
+0000000000000000024|+0000000000000000000|+0000000000000000000|+3.5900000000000e+00|-1.2648779500000e+00|+5.4847785435395e-02|+3.7991445997497e-01
+0000000000000000024|+0000000000000000000|+0000000000000000000|+3.5800000000000e+00|-1.2758574000000e+00|+5.4980010738855e-02|+3.9577599909998e-01
+0000000000000000024|+0000000000000000000|+0000000000000000000|+3.5700000000000e+00|-1.2935386000000e+00|+5.4809041932320e-02|+3.8382991960000e-01
+0000000000000000024|+0000000000000000000|+0000000000000000000|+3.5600000000000e+00|-1.2585720000000e+00|+5.4292893412574e-02|+3.5694030999998e-01
+0000000000000000024|+0000000000000000000|+0000000000000000000|+3.5500000000000e+00|-1.2247915000000e+00|+5.4466318800165e-02|+3.8899602710000e-01
+0000000000000000024|+0000000000000000000|+0000000000000000000|+3.5400000000000e+00|-1.2824932000000e+00|+5.4548371565790e-02|+3.8759990360001e-01
+0000000000000000024|+0000000000000000000|+0000000000000000000|+3.5300000000000e+00|-1.3125769000000e+00|+5.4616171521609e-02|+3.9285946709998e-01
+0000000000000000024|+0000000000000000000|+0000000000000000000|+3.5200000000000e+00|-1.3124928000001e+00|+5.4446884187386e-02|+3.8591916789997e-01
+0000000000000000024|+0000000000000000000|+0000000000000000000|+3.5100000000000e+00|-1.2992032000000e+00|+5.4310603214042e-02|+3.8561077760000e-01
+0000000000000000024|+0000000000000000000|+0000000000000000000|+3.5000000000000e+00|-1.3033400000000e+00|+5.4075016367815e-02|+3.7154774239998e-01
+0000000000000000024|+0000000000000000000|+0000000000000000000|+3.4900000000000e+00|-1.3123727250000e+00|+5.4261612186226e-02|+3.9347792199377e-01
+0000000000000000024|+0000000000000000000|+0000000000000000000|+3.4800000000000e+00|-1.3186456000000e+00|+5.3986073172345e-02|+3.7514531160001e-01
+0000000000000000024|+0000000000000000000|+0000000000000000000|+3.4700000000000e+00|-1.3432352000000e+00|+5.4382500606218e-02|+4.1176989440001e-01
+0000000000000000024|+0000000000000000000|+0000000000000000000|+3.4600000000000e+00|-1.3226206000000e+00|+5.4143076518786e-02|+4.0433430790002e-01
+0000000000000000024|+0000000000000000000|+0000000000000000000|+3.4500000000000e+00|-1.3412335000000e+00|+5.4193166887362e-02|+4.1178751509996e-01
+0000000000000000024|+0000000000000000000|+0000000000000000000|+3.4400000000000e+00|-1.3747216000000e+00|+5.4350570936334e-02|+4.2487910039996e-01
+0000000000000000024|+0000000000000000000|+0000000000000000000|+3.4300000000000e+00|-1.3342877000000e+00|+5.3777980739185e-02|+3.9258414789998e-01
+0000000000000000024|+0000000000000000000|+0000000000000000000|+3.4200000000000e+00|-1.3567942000000e+00|+5.3999338813952e-02|+4.1475443990008e-01
+0000000000000000024|+0000000000000000000|+0000000000000000000|+3.4100000000000e+00|-1.3728421000000e+00|+5.4078711334949e-02|+4.2597278390004e-01
+0000000000000000024|+0000000000000000000|+0000000000000000000|+3.4000000000000e+00|-1.3328120000000e+00|+5.3911527362373e-02|+4.3080108760000e-01
+0000000000000000024|+0000000000000000000|+0000000000000000000|+3.3900000000000e+00|-1.3493380000000e+00|+5.3498618950386e-02|+3.9604636000001e-01
+0000000000000000024|+0000000000000000000|+0000000000000000000|+3.3800000000000e+00|-1.3674012000000e+00|+5.3624855892961e-02|+4.1109905240004e-01
+0000000000000000024|+0000000000000000000|+0000000000000000000|+3.3700000000000e+00|-1.3353576000000e+00|+5.3528184479446e-02|+4.2019784959998e-01
+0000000000000000024|+0000000000000000000|+0000000000000000000|+3.3600000000000e+00|-1.3462864000000e+00|+5.3752483241828e-02|+4.4703823989999e-01
+0000000000000000024|+0000000000000000000|+0000000000000000000|+3.3500000000000e+00|-1.3726025000000e+00|+5.3871028800032e-02|+4.5954617750006e-01
+0000000000000000024|+0000000000000000000|+0000000000000000000|+3.3400000000000e+00|-1.4015078000000e+00|+5.3668294256803e-02|+4.4049103110003e-01
+0000000000000000024|+0000000000000000000|+0000000000000000000|+3.3300000000000e+00|-1.3553209000000e+00|+5.3559248133338e-02|+4.5291628710006e-01
+0000000000000000024|+0000000000000000000|+0000000000000000000|+3.3200000000000e+00|-1.3631664000000e+00|+5.3380051535956e-02|+4.4234804960001e-01
+0000000000000000024|+0000000000000000000|+0000000000000000000|+3.3100000000000e+00|-1.3844402000000e+00|+5.3302552354190e-02|+4.3754462359999e-01
+0000000000000000024|+0000000000000000000|+0000000000000000000|+3.3000000000000e+00|-1.3957375000000e+00|+5.3275193643338e-02|+4.4065110937503e-01
+0000000000000000024|+0000000000000000000|+0000000000000000000|+3.2900000000000e+00|-1.4422032000000e+00|+5.3360080723444e-02|+4.4417423360002e-01
+0000000000000000024|+0000000000000000000|+0000000000000000000|+3.2800000000000e+00|-1.4441224000000e+00|+5.3450506701514e-02|+4.6196351110005e-01
+0000000000000000024|+0000000000000000000|+0000000000000000000|+3.2700000000000e+00|-1.4178073000000e+00|+5.3123298869658e-02|+4.4695983990006e-01
+0000000000000000024|+0000000000000000000|+0000000000000000000|+3.2600000000000e+00|-1.3968980000000e+00|+5.2962155491927e-02|+4.4678071000003e-01
+0000000000000000024|+0000000000000000000|+0000000000000000000|+3.2500000000000e+00|-1.3736100000000e+00|+5.2837707786451e-02|+4.5100206559998e-01
+0000000000000000024|+0000000000000000000|+0000000000000000000|+3.2400000000000e+00|-1.4263084000001e+00|+5.3051889024820e-02|+4.6591369189995e-01
+0000000000000000024|+0000000000000000000|+0000000000000000000|+3.2300000000000e+00|-1.3704381000000e+00|+5.2417490293181e-02|+4.2885201909998e-01
+0000000000000000024|+0000000000000000000|+0000000000000000000|+3.2200000000000e+00|-1.4430936000000e+00|+5.2909510523103e-02|+4.6580014559999e-01
+0000000000000000024|+0000000000000000000|+0000000000000000000|+3.2100000000000e+00|-1.4571722500000e+00|+5.2809332842752e-02|+4.6102469937500e-01
+0000000000000000024|+0000000000000000000|+0000000000000000000|+3.2000000000000e+00|-1.4734560000000e+00|+5.2703159904439e-02|+4.5492127110004e-01
+0000000000000000024|+0000000000000000000|+0000000000000000000|+3.1900000000000e+00|-1.4203225000000e+00|+5.2556074084655e-02|+4.6631993749999e-01
+0000000000000000024|+0000000000000000000|+0000000000000000000|+3.1800000000000e+00|-1.4495836000000e+00|+5.2578074343317e-02|+4.6943343960006e-01
+0000000000000000024|+0000000000000000000|+0000000000000000000|+3.1700000000000e+00|-1.4358511000000e+00|+5.2533187795382e-02|+4.7920175109999e-01
+0000000000000000024|+0000000000000000000|+0000000000000000000|+3.1600000000000e+00|-1.4498388000000e+00|+5.2557396645912e-02|+4.8755673510003e-01
+0000000000000000024|+0000000000000000000|+0000000000000000000|+3.1500000000000e+00|-1.4542390000000e+00|+5.2281953897672e-02|+4.6741655640009e-01
+0000000000000000024|+0000000000000000000|+0000000000000000000|+3.1400000000000e+00|-1.4790964000000e+00|+5.2338598361425e-02|+4.7579889239999e-01
+0000000000000000024|+0000000000000000000|+0000000000000000000|+3.1300000000000e+00|-1.4817867500000e+00|+5.2412414737583e-02|+4.9325527437504e-01
+0000000000000000024|+0000000000000000000|+0000000000000000000|+3.1200000000000e+00|-1.5208168000000e+00|+5.2484070427594e-02|+4.9906244789999e-01
+0000000000000000024|+0000000000000000000|+0000000000000000000|+3.1100000000000e+00|-1.4895513000000e+00|+5.2318764706183e-02|+5.0193749110008e-01
+0000000000000000024|+0000000000000000000|+0000000000000000000|+3.1000000000000e+00|-1.4978310000000e+00|+5.2307426778934e-02|+5.0880923990002e-01
+0000000000000000024|+0000000000000000000|+0000000000000000000|+3.0900000000000e+00|-1.5165367000001e+00|+5.2331803997438e-02|+5.1631634309996e-01
+0000000000000000024|+0000000000000000000|+0000000000000000000|+3.0800000000000e+00|-1.4824252000000e+00|+5.2108830131354e-02|+5.1386372389999e-01
+0000000000000000024|+0000000000000000000|+0000000000000000000|+3.0700000000000e+00|-1.4883539000001e+00|+5.1956854966532e-02|+5.0618062709993e-01
+0000000000000000024|+0000000000000000000|+0000000000000000000|+3.0600000000000e+00|-1.4762512000001e+00|+5.1812496038354e-02|+5.0518328959998e-01
+0000000000000000024|+0000000000000000000|+0000000000000000000|+3.0500000000000e+00|-1.5169605000000e+00|+5.1993959253205e-02|+5.2316958790005e-01
+0000000000000000024|+0000000000000000000|+0000000000000000000|+3.0400000000000e+00|-1.5578560000001e+00|+5.2191404366959e-02|+5.4328479000001e-01
+0000000000000000024|+0000000000000000000|+0000000000000000000|+3.0300000000000e+00|-1.5056683000001e+00|+5.1928106572094e-02|+5.4220294790000e-01
+0000000000000000024|+0000000000000000000|+0000000000000000000|+3.0200000000000e+00|-1.5112880000000e+00|+5.1793262074379e-02|+5.3656064000000e-01
+0000000000000000024|+0000000000000000000|+0000000000000000000|+3.0100000000000e+00|-1.5470226000000e+00|+5.1922814247428e-02|+5.5110345240003e-01
+0000000000000000024|+0000000000000000000|+0000000000000000000|+3.0000000000000e+00|-1.5655900000000e+00|+5.1927747344599e-02|+5.5727143910003e-01
+0000000000000000024|+0000000000000000000|+0000000000000000000|+2.9900000000000e+00|-1.5297231000001e+00|+5.1445473277099e-02|+5.2542460389995e-01
+0000000000000000024|+0000000000000000000|+0000000000000000000|+2.9800000000000e+00|-1.5334776000001e+00|+5.1437384240255e-02|+5.3495742559999e-01
+0000000000000000024|+0000000000000000000|+0000000000000000000|+2.9700000000000e+00|-1.5954634000001e+00|+5.1723265184462e-02|+5.5938283159989e-01
+0000000000000000024|+0000000000000000000|+0000000000000000000|+2.9600000000000e+00|-1.5477912000000e+00|+5.1396453119448e-02|+5.4919767910006e-01
+0000000000000000024|+0000000000000000000|+0000000000000000000|+2.9500000000000e+00|-1.5423705000001e+00|+5.1600900494722e-02|+5.8734543989994e-01
+0000000000000000024|+0000000000000000000|+0000000000000000000|+2.9400000000000e+00|-1.5655726000001e+00|+5.1411250191739e-02|+5.6929287589996e-01
+0000000000000000024|+0000000000000000000|+0000000000000000000|+2.9300000000000e+00|-1.5647157000001e+00|+5.1280642009845e-02|+5.6637767990001e-01
+0000000000000000024|+0000000000000000000|+0000000000000000000|+2.9200000000000e+00|-1.5506716000001e+00|+5.1333475443082e-02|+5.9000994709998e-01
+0000000000000000024|+0000000000000000000|+0000000000000000000|+2.9100000000000e+00|-1.5680098000001e+00|+5.1083304952939e-02|+5.6648155160001e-01
+0000000000000000024|+0000000000000000000|+0000000000000000000|+2.9000000000000e+00|-1.5833460000001e+00|+5.1287767039843e-02|+5.9869401239999e-01
+0000000000000000024|+0000000000000000000|+0000000000000000000|+2.8900000000000e+00|-1.6101508500000e+00|+5.1185373442224e-02|+5.8978803477502e-01
+0000000000000000024|+0000000000000000000|+0000000000000000000|+2.8800000000000e+00|-1.5941728000001e+00|+5.1043871734599e-02|+5.9087399640002e-01
+0000000000000000024|+0000000000000000000|+0000000000000000000|+2.8700000000000e+00|-1.5765934000000e+00|+5.0945411520599e-02|+5.9785004760005e-01
+0000000000000000024|+0000000000000000000|+0000000000000000000|+2.8600000000000e+00|-1.6127411000001e+00|+5.0872585309091e-02|+5.8929187177497e-01
+0000000000000000024|+0000000000000000000|+0000000000000000000|+2.8500000000000e+00|-1.6218670000001e+00|+5.0722103580296e-02|+5.8047697560003e-01
+0000000000000000024|+0000000000000000000|+0000000000000000000|+2.8400000000000e+00|-1.6443660000001e+00|+5.0868019176511e-02|+6.0416667749996e-01
+0000000000000000024|+0000000000000000000|+0000000000000000000|+2.8300000000000e+00|-1.6335549000001e+00|+5.0746516513574e-02|+6.0608245909994e-01
+0000000000000000024|+0000000000000000000|+0000000000000000000|+2.8200000000000e+00|-1.6571530000001e+00|+5.0798245674782e-02|+6.1790977749992e-01
+0000000000000000024|+0000000000000000000|+0000000000000000000|+2.8100000000000e+00|-1.6462853000001e+00|+5.0708996515739e-02|+6.2409166309999e-01
+0000000000000000024|+0000000000000000000|+0000000000000000000|+2.8000000000000e+00|-1.6279720000000e+00|+5.0571782124387e-02|+6.2680769990010e-01
+0000000000000000024|+0000000000000000000|+0000000000000000000|+2.7900000000000e+00|-1.6754734000001e+00|+5.0571851417610e-02|+6.2377066839996e-01
+0000000000000000024|+0000000000000000000|+0000000000000000000|+2.7800000000000e+00|-1.6487198000001e+00|+5.0720333813325e-02|+6.6695681190002e-01
+0000000000000000024|+0000000000000000000|+0000000000000000000|+2.7700000000000e+00|-1.6724089000001e+00|+5.0451779235454e-02|+6.3746461510001e-01
+0000000000000000024|+0000000000000000000|+0000000000000000000|+2.7600000000000e+00|-1.7167108000001e+00|+5.0513538960146e-02|+6.4396959110002e-01
+0000000000000000024|+0000000000000000000|+0000000000000000000|+2.7500000000000e+00|-1.7062675000001e+00|+5.0265432662184e-02|+6.2927272310008e-01
+0000000000000000024|+0000000000000000000|+0000000000000000000|+2.7400000000000e+00|-1.6991284000001e+00|+5.0166347296485e-02|+6.3315780440004e-01
+0000000000000000024|+0000000000000000000|+0000000000000000000|+2.7300000000000e+00|-1.6877121000001e+00|+5.0227350970661e-02|+6.6019818265551e-01
+0000000000000000024|+0000000000000000000|+0000000000000000000|+2.7200000000000e+00|-1.6973872000001e+00|+5.0127252398979e-02|+6.5798123989995e-01
+0000000000000000024|+0000000000000000000|+0000000000000000000|+2.7100000000000e+00|-1.6748309000001e+00|+4.9831431613974e-02|+6.4105075589994e-01
+0000000000000000024|+0000000000000000000|+0000000000000000000|+2.7000000000000e+00|-1.7670430000001e+00|+5.0292672019898e-02|+6.8518287190004e-01
+0000000000000000024|+0000000000000000000|+0000000000000000000|+2.6900000000000e+00|-1.6945750000001e+00|+4.9891543511391e-02|+6.7208375000003e-01
+0000000000000000024|+0000000000000000000|+0000000000000000000|+2.6800000000000e+00|-1.7222688000001e+00|+4.9819097859213e-02|+6.6708381440000e-01
+0000000000000000024|+0000000000000000000|+0000000000000000000|+2.6700000000000e+00|-1.7106074500001e+00|+4.9667826330007e-02|+6.6583076477493e-01
+0000000000000000024|+0000000000000000000|+0000000000000000000|+2.6600000000000e+00|-1.7344686000001e+00|+4.9627317922993e-02|+6.6673603589993e-01
+0000000000000000024|+0000000000000000000|+0000000000000000000|+2.6500000000000e+00|-1.7352695000001e+00|+4.9669842037778e-02|+6.8814536309998e-01
+0000000000000000024|+0000000000000000000|+0000000000000000000|+2.6400000000000e+00|-1.7454088000001e+00|+4.9723742686437e-02|+7.0795371110002e-01
+0000000000000000024|+0000000000000000000|+0000000000000000000|+2.6300000000000e+00|-1.7889476000001e+00|+4.9608792082359e-02|+6.9112308960004e-01
+0000000000000000024|+0000000000000000000|+0000000000000000000|+2.6200000000000e+00|-1.7152708000001e+00|+4.9518407417183e-02|+7.2246156440007e-01
+0000000000000000024|+0000000000000000000|+0000000000000000000|+2.6100000000000e+00|-1.7554726000001e+00|+4.9352174602329e-02|+6.9943956439995e-01
+0000000000000000024|+0000000000000000000|+0000000000000000000|+2.6000000000000e+00|-1.7652740000001e+00|+4.9300121305008e-02|+7.0456755989997e-01
+0000000000000000024|+0000000000000000000|+0000000000000000000|+2.5900000000000e+00|-1.7816423000001e+00|+4.9270979716557e-02|+7.1062047909999e-01
+0000000000000000024|+0000000000000000000|+0000000000000000000|+2.5800000000000e+00|-1.8006280000001e+00|+4.9361262872711e-02|+7.3347243999992e-01
+0000000000000000024|+0000000000000000000|+0000000000000000000|+2.5700000000000e+00|-1.7744203000001e+00|+4.9240306716911e-02|+7.4276571590010e-01
+0000000000000000024|+0000000000000000000|+0000000000000000000|+2.5600000000000e+00|-1.7870752000001e+00|+4.9189200651165e-02|+7.4744301109991e-01
+0000000000000000024|+0000000000000000000|+0000000000000000000|+2.5500000000000e+00|-1.7830060000001e+00|+4.9064976995747e-02|+7.4773502559994e-01
+0000000000000000024|+0000000000000000000|+0000000000000000000|+2.5400000000000e+00|-1.8433300000001e+00|+4.9170782101684e-02|+7.5766975000000e-01
+0000000000000000024|+0000000000000000000|+0000000000000000000|+2.5300000000000e+00|-1.8469069000001e+00|+4.9183229029569e-02|+7.7603254709995e-01
+0000000000000000024|+0000000000000000000|+0000000000000000000|+2.5200000000000e+00|-1.8245152000001e+00|+4.8757677249906e-02|+7.3742682239995e-01
+0000000000000000024|+0000000000000000000|+0000000000000000000|+2.5100000000000e+00|-1.8594917000001e+00|+4.8808401451681e-02|+7.4925701110003e-01
+0000000000000000024|+0000000000000000000|+0000000000000000000|+2.5000000000000e+00|-1.8536833333334e+00|+4.8850036942154e-02|+7.7626662928882e-01
+0000000000000000024|+0000000000000000000|+0000000000000000000|+2.4900000000000e+00|-1.8712924000001e+00|+4.8836593479240e-02|+7.8558822239995e-01
+0000000000000000024|+0000000000000000000|+0000000000000000000|+2.4800000000000e+00|-1.8681880000001e+00|+4.8648045441705e-02|+7.7569757749998e-01
+0000000000000000024|+0000000000000000000|+0000000000000000000|+2.4700000000000e+00|-1.8719260000001e+00|+4.8592536625639e-02|+7.8411836000004e-01
+0000000000000000024|+0000000000000000000|+0000000000000000000|+2.4600000000000e+00|-1.8796900000001e+00|+4.8679971162166e-02|+8.1399774999995e-01
+0000000000000000024|+0000000000000000000|+0000000000000000000|+2.4500000000000e+00|-1.8796062500001e+00|+4.8444445834165e-02|+7.9529548437497e-01
+0000000000000000024|+0000000000000000000|+0000000000000000000|+2.4400000000000e+00|-1.9108436000001e+00|+4.8582067524576e-02|+8.2426670390000e-01
+0000000000000000024|+0000000000000000000|+0000000000000000000|+2.4300000000000e+00|-1.9372807000001e+00|+4.8537143767153e-02|+8.2577101989990e-01
+0000000000000000024|+0000000000000000000|+0000000000000000000|+2.4200000000000e+00|-1.8843014000001e+00|+4.8155343748218e-02|+8.0459719110010e-01
+0000000000000000024|+0000000000000000000|+0000000000000000000|+2.4100000000000e+00|-1.9497813000001e+00|+4.8578083679149e-02|+8.6766229509991e-01
+0000000000000000024|+0000000000000000000|+0000000000000000000|+2.4000000000000e+00|-1.9226320000001e+00|+4.8251895753452e-02|+8.4475857509994e-01
+0000000000000000024|+0000000000000000000|+0000000000000000000|+2.3900000000000e+00|-1.9550015000001e+00|+4.8435293749165e-02|+8.8277117749998e-01
+0000000000000000024|+0000000000000000000|+0000000000000000000|+2.3800000000000e+00|-1.9676260000001e+00|+4.8248110417180e-02|+8.6655671000007e-01
+0000000000000000024|+0000000000000000000|+0000000000000000000|+2.3700000000000e+00|-1.9831915000001e+00|+4.8382573680784e-02|+9.0418729750009e-01
+0000000000000000024|+0000000000000000000|+0000000000000000000|+2.3600000000000e+00|-1.9342072000001e+00|+4.7995967956079e-02|+8.7961375960012e-01
+0000000000000000024|+0000000000000000000|+0000000000000000000|+2.3500000000000e+00|-1.9962815000001e+00|+4.8256801765840e-02|+9.2007223590017e-01
+0000000000000000024|+0000000000000000000|+0000000000000000000|+2.3400000000000e+00|-1.9560646000001e+00|+4.7803210230628e-02|+8.7971962389998e-01
+0000000000000000024|+0000000000000000000|+0000000000000000000|+2.3300000000000e+00|-2.0074554000001e+00|+4.7887090634597e-02|+8.9420881560004e-01
+0000000000000000024|+0000000000000000000|+0000000000000000000|+2.3200000000000e+00|-2.0354792000002e+00|+4.8255229653951e-02|+9.7001924389979e-01
+0000000000000000024|+0000000000000000000|+0000000000000000000|+2.3100000000000e+00|-2.0135173000001e+00|+4.7840320956187e-02|+9.2782171109994e-01
+0000000000000000024|+0000000000000000000|+0000000000000000000|+2.3000000000000e+00|-2.0158350000001e+00|+4.7730215195637e-02|+9.2968539749998e-01
+0000000000000000024|+0000000000000000000|+0000000000000000000|+2.2900000000000e+00|-2.0318894500001e+00|+4.7647304738179e-02|+9.3054277797509e-01
+0000000000000000024|+0000000000000000000|+0000000000000000000|+2.2800000000000e+00|-2.0553064000001e+00|+4.7542369405624e-02|+9.2420937559998e-01
+0000000000000000024|+0000000000000000000|+0000000000000000000|+2.2700000000000e+00|-2.0588075666668e+00|+4.7550147468711e-02|+9.4741039998893e-01
+0000000000000000024|+0000000000000000000|+0000000000000000000|+2.2600000000000e+00|-2.0498702000002e+00|+4.7463586020391e-02|+9.5895538709989e-01
+0000000000000000024|+0000000000000000000|+0000000000000000000|+2.2500000000000e+00|-2.0792575000001e+00|+4.7497347159270e-02|+9.7617669110004e-01
+0000000000000000024|+0000000000000000000|+0000000000000000000|+2.2400000000000e+00|-2.1035520000001e+00|+4.7379207807464e-02|+9.6733339749990e-01
+0000000000000000024|+0000000000000000000|+0000000000000000000|+2.2300000000000e+00|-2.0729961000001e+00|+4.7469299247784e-02|+1.0227048751001e+00
+0000000000000000024|+0000000000000000000|+0000000000000000000|+2.2200000000000e+00|-2.0734798000002e+00|+4.7112929999275e-02|+9.7920967189994e-01
+0000000000000000024|+0000000000000000000|+0000000000000000000|+2.2100000000000e+00|-2.1381309000001e+00|+4.7346524806872e-02|+1.0200288959000e+00
+0000000000000000024|+0000000000000000000|+0000000000000000000|+2.2000000000000e+00|-2.1467460000001e+00|+4.7324986493217e-02|+1.0374922751000e+00
+0000000000000000024|+0000000000000000000|+0000000000000000000|+2.1900000000000e+00|-2.1528121000001e+00|+4.7049588985366e-02|+1.0064982119001e+00
+0000000000000000024|+0000000000000000000|+0000000000000000000|+2.1800000000000e+00|-2.1808836000002e+00|+4.7338548247070e-02|+1.0768904795999e+00
+0000000000000000024|+0000000000000000000|+0000000000000000000|+2.1700000000000e+00|-2.1747749000001e+00|+4.7165126129857e-02|+1.0716951191000e+00
+0000000000000000024|+0000000000000000000|+0000000000000000000|+2.1600000000000e+00|-2.1691432000001e+00|+4.6885562487684e-02|+1.0448842871002e+00
+0000000000000000024|+0000000000000000000|+0000000000000000000|+2.1500000000000e+00|-2.2003130000001e+00|+4.6861529002939e-02|+1.0523872476001e+00
+0000000000000000024|+0000000000000000000|+0000000000000000000|+2.1400000000000e+00|-2.2193814000002e+00|+4.7004173024973e-02|+1.0999295198999e+00
+0000000000000000024|+0000000000000000000|+0000000000000000000|+2.1300000000000e+00|-2.1851978500001e+00|+4.6893531847351e-02|+1.1209995519749e+00
+0000000000000000024|+0000000000000000000|+0000000000000000000|+2.1200000000000e+00|-2.2015476000001e+00|+4.6622786807724e-02|+1.0852144671000e+00
+0000000000000000024|+0000000000000000000|+0000000000000000000|+2.1100000000000e+00|-2.2567326000001e+00|+4.6777262680069e-02|+1.1196354844000e+00
+0000000000000000024|+0000000000000000000|+0000000000000000000|+2.1000000000000e+00|-2.2725250000001e+00|+4.6618735966260e-02|+1.1073899374999e+00
+0000000000000000024|+0000000000000000000|+0000000000000000000|+2.0900000000000e+00|-2.2641259000002e+00|+4.6751498838641e-02|+1.1687730599001e+00
+0000000000000000024|+0000000000000000000|+0000000000000000000|+2.0800000000000e+00|-2.2677344000001e+00|+4.6568609700600e-02|+1.1573820976002e+00
+0000000000000000024|+0000000000000000000|+0000000000000000000|+2.0700000000000e+00|-2.2500739000002e+00|+4.6430639708971e-02|+1.1658928470999e+00
+0000000000000000024|+0000000000000000000|+0000000000000000000|+2.0600000000000e+00|-2.2624112000002e+00|+4.6200096994571e-02|+1.1397841695999e+00
+0000000000000000024|+0000000000000000000|+0000000000000000000|+2.0500000000000e+00|-2.2791325000002e+00|+4.6139162589680e-02|+1.1484527774999e+00
+0000000000000000024|+0000000000000000000|+0000000000000000000|+2.0400000000000e+00|-2.3147932000002e+00|+4.6352410219068e-02|+1.2089419110999e+00
+0000000000000000024|+0000000000000000000|+0000000000000000000|+2.0300000000000e+00|-2.2971839000001e+00|+4.6163916135587e-02|+1.2068133431002e+00
+0000000000000000024|+0000000000000000000|+0000000000000000000|+2.0200000000000e+00|-2.3298182000002e+00|+4.6052853657813e-02|+1.1972599919000e+00
+0000000000000000024|+0000000000000000000|+0000000000000000000|+2.0100000000000e+00|-2.3222906500002e+00|+4.5997525316867e-02|+1.2203419157749e+00
+0000000000000000024|+0000000000000000000|+0000000000000000000|+2.0000000000000e+00|-2.3827000000002e+00|+4.6131896624664e-02|+1.2534976775000e+00
+0000000000000000024|+0000000000000000000|+0000000000000000000|+1.9900000000000e+00|-2.3506830500002e+00|+4.5750337009993e-02|+1.2142322169749e+00
+0000000000000000024|+0000000000000000000|+0000000000000000000|+1.9800000000000e+00|-2.3849488000002e+00|+4.5672324870361e-02|+1.2116947263999e+00
+0000000000000000024|+0000000000000000000|+0000000000000000000|+1.9700000000000e+00|-2.3947089000002e+00|+4.5734701591014e-02|+1.2547247030998e+00
+0000000000000000024|+0000000000000000000|+0000000000000000000|+1.9600000000000e+00|-2.4287272000002e+00|+4.5973777012721e-02|+1.3284732476000e+00
+0000000000000000024|+0000000000000000000|+0000000000000000000|+1.9500000000000e+00|-2.4234445000002e+00|+4.5664579856025e-02|+1.2918439198996e+00
+0000000000000000024|+0000000000000000000|+0000000000000000000|+1.9400000000000e+00|-2.4282252000002e+00|+4.5516781498129e-02|+1.2886452636002e+00
+0000000000000000024|+0000000000000000000|+0000000000000000000|+1.9300000000000e+00|-2.4633948500002e+00|+4.5539851541889e-02|+1.3114056339751e+00
+0000000000000000024|+0000000000000000000|+0000000000000000000|+1.9200000000000e+00|-2.4561952000001e+00|+4.5623481657560e-02|+1.3718111164001e+00
+0000000000000000024|+0000000000000000000|+0000000000000000000|+1.9100000000000e+00|-2.4643752000002e+00|+4.5557629766325e-02|+1.3879674816000e+00
+0000000000000000024|+0000000000000000000|+0000000000000000000|+1.9000000000000e+00|-2.4981470000002e+00|+4.5370036815759e-02|+1.3603503231001e+00
+0000000000000000024|+0000000000000000000|+0000000000000000000|+1.8900000000000e+00|-2.4833251000002e+00|+4.5284357672116e-02|+1.3839745207890e+00
+0000000000000000024|+0000000000000000000|+0000000000000000000|+1.8800000000000e+00|-2.5212480000002e+00|+4.5226245919616e-02|+1.3869798399998e+00
+0000000000000000024|+0000000000000000000|+0000000000000000000|+1.8700000000000e+00|-2.5399718000002e+00|+4.5155187128535e-02|+1.3971297403999e+00
+0000000000000000024|+0000000000000000000|+0000000000000000000|+1.8600000000000e+00|-2.5232986000002e+00|+4.5193971445641e-02|+1.4552470399001e+00
+0000000000000000024|+0000000000000000000|+0000000000000000000|+1.8500000000000e+00|-2.5603757500002e+00|+4.4994871701998e-02|+1.4226925109751e+00
+0000000000000000024|+0000000000000000000|+0000000000000000000|+1.8400000000000e+00|-2.5754296000002e+00|+4.5007801916643e-02|+1.4580004038998e+00
+0000000000000000024|+0000000000000000000|+0000000000000000000|+1.8300000000000e+00|-2.5774943000002e+00|+4.4953291484477e-02|+1.4830687047888e+00
+0000000000000000024|+0000000000000000000|+0000000000000000000|+1.8200000000000e+00|-2.5854908000002e+00|+4.4677579331485e-02|+1.4455595964000e+00
+0000000000000000024|+0000000000000000000|+0000000000000000000|+1.8100000000000e+00|-2.6087610000002e+00|+4.4696271301473e-02|+1.4792623900002e+00
+0000000000000000024|+0000000000000000000|+0000000000000000000|+1.8000000000000e+00|-2.6024500000002e+00|+4.4729936468452e-02|+1.5343399374999e+00
+0000000000000000024|+0000000000000000000|+0000000000000000000|+1.7900000000000e+00|-2.6578895500002e+00|+4.4598469197895e-02|+1.5099788489749e+00
+0000000000000000024|+0000000000000000000|+0000000000000000000|+1.7800000000000e+00|-2.6781042000002e+00|+4.4634775013528e-02|+1.5523966878996e+00
+0000000000000000024|+0000000000000000000|+0000000000000000000|+1.7700000000000e+00|-2.6519068000002e+00|+4.4539415729967e-02|+1.5845500144000e+00
+0000000000000000024|+0000000000000000000|+0000000000000000000|+1.7600000000000e+00|-2.7050048000002e+00|+4.4502330613211e-02|+1.5889028262668e+00
+0000000000000000024|+0000000000000000000|+0000000000000000000|+1.7500000000000e+00|-2.7091675000002e+00|+4.4297653001040e-02|+1.5730008838999e+00
+0000000000000000024|+0000000000000000000|+0000000000000000000|+1.7400000000000e+00|-2.6828926000002e+00|+4.4228016648187e-02|+1.6138146799000e+00
+0000000000000000024|+0000000000000000000|+0000000000000000000|+1.7300000000000e+00|-2.7494640500002e+00|+4.4326569948578e-02|+1.6513783897749e+00
+0000000000000000024|+0000000000000000000|+0000000000000000000|+1.7200000000000e+00|-2.7208452000002e+00|+4.3933877324014e-02|+1.5988614919001e+00
+0000000000000000024|+0000000000000000000|+0000000000000000000|+1.7100000000000e+00|-2.7810446500002e+00|+4.4172975462344e-02|+1.6834171227749e+00
+0000000000000000024|+0000000000000000000|+0000000000000000000|+1.7000000000000e+00|-2.8361730000002e+00|+4.4310231449050e-02|+1.7423905239003e+00
+0000000000000000024|+0000000000000000000|+0000000000000000000|+1.6900000000000e+00|-2.7596401000002e+00|+4.3622729960471e-02|+1.6267746159000e+00
+0000000000000000024|+0000000000000000000|+0000000000000000000|+1.6800000000000e+00|-2.8094488000003e+00|+4.3733855254567e-02|+1.6810920918998e+00
+0000000000000000024|+0000000000000000000|+0000000000000000000|+1.6700000000000e+00|-2.8554098000002e+00|+4.3803871949021e-02|+1.7264293563998e+00
+0000000000000000024|+0000000000000000000|+0000000000000000000|+1.6600000000000e+00|-2.8339264000002e+00|+4.3674210463435e-02|+1.7503053184004e+00
+0000000000000000024|+0000000000000000000|+0000000000000000000|+1.6500000000000e+00|-2.8896475000002e+00|+4.3655467871298e-02|+1.7633331774999e+00
+0000000000000000024|+0000000000000000000|+0000000000000000000|+1.6400000000000e+00|-2.9014264000002e+00|+4.3669387635735e-02|+1.8143619324000e+00
+0000000000000000024|+0000000000000000000|+0000000000000000000|+1.6300000000000e+00|-2.8835721000002e+00|+4.3523044680400e-02|+1.8321869111000e+00
+0000000000000000024|+0000000000000000000|+0000000000000000000|+1.6200000000000e+00|-2.9634940000002e+00|+4.3462840186121e-02|+1.8184863100002e+00
+0000000000000000024|+0000000000000000000|+0000000000000000000|+1.6100000000000e+00|-2.9322953000003e+00|+4.3369822446140e-02|+1.8629831470998e+00
+0000000000000000024|+0000000000000000000|+0000000000000000000|+1.6000000000000e+00|-2.9698480000003e+00|+4.3460689926030e-02|+1.9276054909749e+00
+0000000000000000024|+0000000000000000000|+0000000000000000000|+1.5900000000000e+00|-3.0013838500002e+00|+4.3300506862339e-02|+1.9116188797749e+00
+0000000000000000024|+0000000000000000000|+0000000000000000000|+1.5800000000000e+00|-3.0084508666669e+00|+4.3320922941713e-02|+1.9735597554555e+00
+0000000000000000024|+0000000000000000000|+0000000000000000000|+1.5700000000000e+00|-2.9761385000003e+00|+4.3096896684474e-02|+1.9763601974999e+00
+0000000000000000024|+0000000000000000000|+0000000000000000000|+1.5600000000000e+00|-3.0227224000002e+00|+4.3156782392117e-02|+2.0289978683999e+00
+0000000000000000024|+0000000000000000000|+0000000000000000000|+1.5500000000000e+00|-3.0683685000003e+00|+4.2947489402821e-02|+1.9873268670999e+00
+0000000000000000024|+0000000000000000000|+0000000000000000000|+1.5400000000000e+00|-3.0996254000002e+00|+4.2963657218070e-02|+2.0359628199002e+00
+0000000000000000024|+0000000000000000000|+0000000000000000000|+1.5300000000000e+00|-3.1073536000002e+00|+4.2895496655479e-02|+2.0704196256001e+00
+0000000000000000024|+0000000000000000000|+0000000000000000000|+1.5200000000000e+00|-3.1274789333336e+00|+4.2823833643917e-02|+2.0962627338223e+00
+0000000000000000024|+0000000000000000000|+0000000000000000000|+1.5100000000000e+00|-3.1268974000002e+00|+4.2760677767591e-02|+2.1397360124000e+00
+0000000000000000024|+0000000000000000000|+0000000000000000000|+1.5000000000000e+00|-3.1840262500003e+00|+4.2795152487622e-02|+2.1828355396938e+00
+0000000000000000024|+0000000000000000000|+0000000000000000000|+1.4900000000000e+00|-3.1920711000003e+00|+4.2883992377515e-02|+2.2813580678999e+00
+0000000000000000024|+0000000000000000000|+0000000000000000000|+1.4800000000000e+00|-3.2244388000003e+00|+4.2650376823305e-02|+2.2400282839000e+00
+0000000000000000024|+0000000000000000000|+0000000000000000000|+1.4700000000000e+00|-3.2261581000003e+00|+4.2409226122703e-02|+2.2160551870999e+00
+0000000000000000024|+0000000000000000000|+0000000000000000000|+1.4600000000000e+00|-3.2688872000002e+00|+4.2274692731377e-02|+2.2059176176002e+00
+0000000000000000024|+0000000000000000000|+0000000000000000000|+1.4500000000000e+00|-3.3179955000003e+00|+4.2351255194855e-02|+2.2762906359000e+00
+0000000000000000024|+0000000000000000000|+0000000000000000000|+1.4400000000000e+00|-3.3335056000002e+00|+4.2242572935060e-02|+2.2966421599004e+00
+0000000000000000024|+0000000000000000000|+0000000000000000000|+1.4300000000000e+00|-3.3106945000003e+00|+4.2256551736785e-02|+2.3950231775001e+00
+0000000000000000024|+0000000000000000000|+0000000000000000000|+1.4200000000000e+00|-3.3412234000002e+00|+4.1957628648311e-02|+2.3274788471002e+00
+0000000000000000024|+0000000000000000000|+0000000000000000000|+1.4100000000000e+00|-3.3642964000003e+00|+4.2056914455296e-02|+2.4319268783996e+00
+0000000000000000024|+0000000000000000000|+0000000000000000000|+1.4000000000000e+00|-3.3961370000003e+00|+4.1861517129516e-02|+2.4068989679747e+00
+0000000000000000024|+0000000000000000000|+0000000000000000000|+1.3900000000000e+00|-3.4259182000003e+00|+4.1799327835166e-02|+2.4406420955996e+00
+0000000000000000024|+0000000000000000000|+0000000000000000000|+1.3800000000000e+00|-3.4483624000002e+00|+4.1979368039084e-02|+2.5872563696003e+00
+0000000000000000024|+0000000000000000000|+0000000000000000000|+1.3700000000000e+00|-3.4601812000003e+00|+4.1546879534289e-02|+2.4730979824001e+00
+0000000000000000024|+0000000000000000000|+0000000000000000000|+1.3600000000000e+00|-3.5175649600003e+00|+4.1816306471601e-02|+2.6386234430042e+00
+0000000000000000024|+0000000000000000000|+0000000000000000000|+1.3500000000000e+00|-3.5183035000003e+00|+4.1813130586908e-02|+2.7267055319000e+00
+0000000000000000024|+0000000000000000000|+0000000000000000000|+1.3400000000000e+00|-3.5393758000003e+00|+4.1542241817493e-02|+2.6777061831002e+00
+0000000000000000024|+0000000000000000000|+0000000000000000000|+1.3300000000000e+00|-3.6001992500002e+00|+4.1436410077227e-02|+2.6752664493754e+00
+0000000000000000024|+0000000000000000000|+0000000000000000000|+1.3200000000000e+00|-3.6100738000002e+00|+4.1383891074905e-02|+2.7371753687756e+00
+0000000000000000024|+0000000000000000000|+0000000000000000000|+1.3100000000000e+00|-3.6429882000003e+00|+4.1272709092302e-02|+2.7549951516004e+00
+0000000000000000024|+0000000000000000000|+0000000000000000000|+1.3000000000000e+00|-3.6920300000003e+00|+4.1341736802296e-02|+2.8491383900003e+00
+0000000000000000024|+0000000000000000000|+0000000000000000000|+1.2900000000000e+00|-3.6810094000003e+00|+4.1093740859955e-02|+2.8359260604004e+00
+0000000000000000024|+0000000000000000000|+0000000000000000000|+1.2800000000000e+00|-3.7375520000003e+00|+4.1154371055278e-02|+2.9242323775004e+00
+0000000000000000024|+0000000000000000000|+0000000000000000000|+1.2700000000000e+00|-3.6967426000003e+00|+4.0883821575548e-02|+2.9238229755996e+00
+0000000000000000024|+0000000000000000000|+0000000000000000000|+1.2600000000000e+00|-3.8043028000003e+00|+4.1126586936028e-02|+3.0699474716005e+00
+0000000000000000024|+0000000000000000000|+0000000000000000000|+1.2500000000000e+00|-3.8247125000004e+00|+4.0878331308060e-02|+3.0338035470997e+00
+0000000000000000024|+0000000000000000000|+0000000000000000000|+1.2400000000000e+00|-3.8262348000003e+00|+4.0670127231813e-02|+3.0335635270998e+00
+0000000000000000024|+0000000000000000000|+0000000000000000000|+1.2300000000000e+00|-3.9000634000003e+00|+4.0904445491466e-02|+3.2126944636002e+00
+0000000000000000024|+0000000000000000000|+0000000000000000000|+1.2200000000000e+00|-3.9146204000003e+00|+4.0588310384697e-02|+3.1454078876003e+00
+0000000000000000024|+0000000000000000000|+0000000000000000000|+1.2100000000000e+00|-3.9539096000004e+00|+4.0598728324628e-02|+3.2369295423995e+00
+0000000000000000024|+0000000000000000000|+0000000000000000000|+1.2000000000000e+00|-3.9517840000003e+00|+4.0341950734112e-02|+3.2159455676006e+00
+0000000000000000024|+0000000000000000000|+0000000000000000000|+1.1900000000000e+00|-4.0002491333337e+00|+4.0363097371522e-02|+3.3100562431555e+00
+0000000000000000024|+0000000000000000000|+0000000000000000000|+1.1800000000000e+00|-4.0428082000004e+00|+4.0122622171068e-02|+3.2613649798992e+00
+0000000000000000024|+0000000000000000000|+0000000000000000000|+1.1700000000000e+00|-4.0851838000003e+00|+4.0181162218154e-02|+3.3870103004002e+00
+0000000000000000024|+0000000000000000000|+0000000000000000000|+1.1600000000000e+00|-4.0921592000004e+00|+4.0201196223537e-02|+3.5247034555990e+00
+0000000000000000024|+0000000000000000000|+0000000000000000000|+1.1500000000000e+00|-4.1257170000003e+00|+4.0093765408024e-02|+3.5662897436002e+00
+0000000000000000024|+0000000000000000000|+0000000000000000000|+1.1400000000000e+00|-4.1791321000004e+00|+4.0105219893940e-02|+3.6653336447744e+00
+0000000000000000024|+0000000000000000000|+0000000000000000000|+1.1300000000000e+00|-4.2029100500004e+00|+3.9872049372250e-02|+3.6411818267751e+00
+0000000000000000024|+0000000000000000000|+0000000000000000000|+1.1200000000000e+00|-4.2511408000003e+00|+3.9692903918121e-02|+3.6291557652341e+00
+0000000000000000024|+0000000000000000000|+0000000000000000000|+1.1100000000000e+00|-4.2871047000004e+00|+3.9666725823259e-02|+3.7267524626551e+00
+0000000000000000024|+0000000000000000000|+0000000000000000000|+1.1000000000000e+00|-4.3292780000003e+00|+3.9610164811415e-02|+3.8023775196007e+00
+0000000000000000024|+0000000000000000000|+0000000000000000000|+1.0900000000000e+00|-4.3322711000004e+00|+3.9626554782053e-02|+3.9654849559006e+00
+0000000000000000024|+0000000000000000000|+0000000000000000000|+1.0800000000000e+00|-4.4101162000004e+00|+3.9356412877361e-02|+3.8707115247751e+00
+0000000000000000024|+0000000000000000000|+0000000000000000000|+1.0700000000000e+00|-4.4497429000004e+00|+3.9321817544762e-02|+3.9713356991001e+00
+0000000000000000024|+0000000000000000000|+0000000000000000000|+1.0600000000000e+00|-4.4779930000004e+00|+3.9341456376374e-02|+4.1244940974996e+00
+0000000000000000024|+0000000000000000000|+0000000000000000000|+1.0500000000000e+00|-4.5238790000004e+00|+3.9098767061055e-02|+4.0798496084894e+00
+0000000000000000024|+0000000000000000000|+0000000000000000000|+1.0400000000000e+00|-4.5436964000004e+00|+3.8890821180068e-02|+4.0846920937750e+00
+0000000000000000024|+0000000000000000000|+0000000000000000000|+1.0300000000000e+00|-4.6116352000004e+00|+3.8832831278324e-02|+4.1529791744004e+00
+0000000000000000024|+0000000000000000000|+0000000000000000000|+1.0200000000000e+00|-4.6430681500005e+00|+3.8800747274306e-02|+4.2796471351934e+00
+0000000000000000024|+0000000000000000000|+0000000000000000000|+1.0100000000000e+00|-4.6750836500005e+00|+3.8747409298855e-02|+4.3944529217736e+00
+0000000000000000024|+0000000000000000000|+0000000000000000000|+1.0000000000000e+00|-4.6855300000004e+00|+3.8479324679014e-02|+4.3695736191004e+00
+0000000000000000024|+0000000000000000000|+0000000000000000000|+9.9000000000004e-01|-4.7701162000005e+00|+3.8420743436358e-02|+4.4333680955993e+00
+0000000000000000024|+0000000000000000000|+0000000000000000000|+9.8000000000004e-01|-4.7902920000004e+00|+3.8442053121791e-02|+4.6303108400007e+00
+0000000000000000024|+0000000000000000000|+0000000000000000000|+9.7000000000004e-01|-4.8503152000004e+00|+3.8318682832406e-02|+4.6757790144012e+00
+0000000000000000024|+0000000000000000000|+0000000000000000000|+9.6000000000004e-01|-4.9305376000004e+00|+3.8218587000804e-02|+4.7220346864006e+00
+0000000000000000024|+0000000000000000000|+0000000000000000000|+9.5000000000004e-01|-4.9691951666671e+00|+3.8068568907325e-02|+4.7728252213231e+00
+0000000000000000024|+0000000000000000000|+0000000000000000000|+9.4000000000004e-01|-4.9793057000004e+00|+3.7837388929405e-02|+4.7868956359762e+00
+0000000000000000024|+0000000000000000000|+0000000000000000000|+9.3000000000004e-01|-5.0664347500005e+00|+3.7846094023462e-02|+4.9283751693759e+00
+0000000000000000024|+0000000000000000000|+0000000000000000000|+9.2000000000004e-01|-5.0784276000006e+00|+3.7577435888105e-02|+4.9114737990986e+00
+0000000000000000024|+0000000000000000000|+0000000000000000000|+9.1000000000004e-01|-5.1617827000005e+00|+3.7503369884231e-02|+4.9920284590994e+00
+0000000000000000024|+0000000000000000000|+0000000000000000000|+9.0000000000004e-01|-5.2069780000005e+00|+3.7658616117545e-02|+5.3321176636011e+00
+0000000000000000024|+0000000000000000000|+0000000000000000000|+8.9000000000004e-01|-5.2399158000005e+00|+3.7373564135908e-02|+5.2839428316008e+00
+0000000000000000024|+0000000000000000000|+0000000000000000000|+8.8000000000004e-01|-5.2850504000005e+00|+3.6973384941949e-02|+5.1111835711006e+00
+0000000000000000024|+0000000000000000000|+0000000000000000000|+8.7000000000004e-01|-5.3596781500005e+00|+3.7037178271958e-02|+5.3517426349749e+00
+0000000000000000024|+0000000000000000000|+0000000000000000000|+8.6000000000004e-01|-5.4406124000005e+00|+3.7095787052420e-02|+5.5917677244007e+00
+0000000000000000024|+0000000000000000000|+0000000000000000000|+8.5000000000004e-01|-5.4940465000006e+00|+3.6983818263738e-02|+5.7013436758997e+00
+0000000000000000024|+0000000000000000000|+0000000000000000000|+8.4000000000004e-01|-5.5313568000005e+00|+3.6605819735576e-02|+5.5586460984903e+00
+0000000000000000024|+0000000000000000000|+0000000000000000000|+8.3000000000004e-01|-5.5480125666672e+00|+3.6499195913168e-02|+5.7239518093209e+00
+0000000000000000024|+0000000000000000000|+0000000000000000000|+8.2000000000004e-01|-5.6357205000006e+00|+3.6405540695441e-02|+5.8239407493740e+00
+0000000000000000024|+0000000000000000000|+0000000000000000000|+8.1000000000004e-01|-5.6972926000005e+00|+3.6188920384485e-02|+5.8264943484017e+00
+0000000000000000024|+0000000000000000000|+0000000000000000000|+8.0000000000004e-01|-5.7524720000006e+00|+3.6062709837530e-02|+5.9404879519012e+00
+0000000000000000024|+0000000000000000000|+0000000000000000000|+7.9000000000004e-01|-5.8063530500006e+00|+3.5824855357027e-02|+5.9339853929760e+00
+0000000000000000024|+0000000000000000000|+0000000000000000000|+7.8000000000004e-01|-5.8680103000006e+00|+3.5679708632084e-02|+6.0274408367768e+00
+0000000000000000024|+0000000000000000000|+0000000000000000000|+7.7000000000004e-01|-5.9391698000007e+00|+3.5640423102419e-02|+6.2412997190664e+00
+0000000000000000024|+0000000000000000000|+0000000000000000000|+7.6000000000004e-01|-5.9961572000007e+00|+3.5529412778796e-02|+6.3972470790981e+00
+0000000000000000024|+0000000000000000000|+0000000000000000000|+7.5000000000004e-01|-6.0715225000006e+00|+3.5289499862986e-02|+6.3752902791019e+00
+0000000000000000024|+0000000000000000000|+0000000000000000000|+7.4000000000004e-01|-6.1184049000007e+00|+3.5149928206342e-02|+6.5217665917747e+00
+0000000000000000024|+0000000000000000000|+0000000000000000000|+7.3000000000004e-01|-6.1863200333340e+00|+3.5046711773747e-02|+6.6953990714580e+00
+0000000000000000024|+0000000000000000000|+0000000000000000000|+7.2000000000004e-01|-6.2486524000007e+00|+3.4722807791648e-02|+6.5904676079758e+00
+0000000000000000024|+0000000000000000000|+0000000000000000000|+7.1000000000004e-01|-6.3342355000007e+00|+3.4658139899887e-02|+6.8059079974981e+00
+0000000000000000024|+0000000000000000000|+0000000000000000000|+7.0000000000004e-01|-6.3924415000007e+00|+3.4579008338726e-02|+7.0534151409754e+00
+0000000000000000024|+0000000000000000000|+0000000000000000000|+6.9000000000004e-01|-6.4822751500008e+00|+3.4321615321065e-02|+7.0117306357744e+00
+0000000000000000024|+0000000000000000000|+0000000000000000000|+6.8000000000004e-01|-6.5268696000008e+00|+3.4028530614019e-02|+6.9852501915989e+00
+0000000000000000024|+0000000000000000000|+0000000000000000000|+6.7000000000004e-01|-6.6029575000008e+00|+3.3899432723474e-02|+7.1599124374982e+00
+0000000000000000024|+0000000000000000000|+0000000000000000000|+6.6000000000004e-01|-6.6440740000008e+00|+3.3795710237475e-02|+7.4386347899954e+00
+0000000000000000024|+0000000000000000000|+0000000000000000000|+6.5000000000004e-01|-6.7480180000008e+00|+3.3550433534110e-02|+7.4117836015984e+00
+0000000000000000024|+0000000000000000000|+0000000000000000000|+6.4000000000004e-01|-6.8167200000008e+00|+3.3105509004284e-02|+7.1190197499988e+00
+0000000000000000024|+0000000000000000000|+0000000000000000000|+6.3000000000004e-01|-6.9030481000008e+00|+3.3167038786345e-02|+7.6291364653208e+00
+0000000000000000024|+0000000000000000000|+0000000000000000000|+6.2000000000004e-01|-6.9732804000008e+00|+3.3020362807424e-02|+7.8405811836059e+00
+0000000000000000024|+0000000000000000000|+0000000000000000000|+6.1000000000004e-01|-7.0990522000008e+00|+3.2566340777294e-02|+7.4353214396013e+00
+0000000000000000024|+0000000000000000000|+0000000000000000000|+6.0000000000004e-01|-7.1409210000008e+00|+3.2456242203033e-02|+7.7735293660006e+00
+0000000000000000024|+0000000000000000000|+0000000000000000000|+5.9000000000004e-01|-7.2213919000009e+00|+3.2177937742021e-02|+7.7565071319020e+00
+0000000000000000024|+0000000000000000000|+0000000000000000000|+5.8000000000004e-01|-7.2942156600009e+00|+3.1995581951695e-02|+7.9384775392703e+00
+0000000000000000024|+0000000000000000000|+0000000000000000000|+5.7000000000004e-01|-7.3662906285724e+00|+3.1749248903510e-02|+8.0112477263066e+00
+0000000000000000024|+0000000000000000000|+0000000000000000000|+5.6000000000004e-01|-7.4341621333344e+00|+3.1414784812277e-02|+7.9233716984807e+00
+0000000000000000024|+0000000000000000000|+0000000000000000000|+5.5000000000004e-01|-7.5295135000010e+00|+3.1220633491770e-02|+8.0746195150982e+00
+0000000000000000024|+0000000000000000000|+0000000000000000000|+5.4000000000004e-01|-7.6110634000011e+00|+3.1020124447367e-02|+8.2528968558962e+00
+0000000000000000024|+0000000000000000000|+0000000000000000000|+5.3000000000004e-01|-7.6995750333344e+00|+3.0756600377051e-02|+8.2964184101154e+00
+0000000000000000024|+0000000000000000000|+0000000000000000000|+5.2000000000004e-01|-7.7942892000011e+00|+3.0491749424307e-02|+8.3339781758983e+00
+0000000000000000024|+0000000000000000000|+0000000000000000000|+5.1000000000004e-01|-7.8756292000012e+00|+3.0144925895852e-02|+8.2167857135921e+00
+0000000000000000024|+0000000000000000000|+0000000000000000000|+5.0000000000004e-01|-7.9524675000012e+00|+2.9880057696217e-02|+8.3042076457716e+00
+0000000000000000024|+0000000000000000000|+0000000000000000000|+4.9000000000004e-01|-8.0419222000012e+00|+2.9729635743464e-02|+8.6613356316010e+00
+0000000000000000024|+0000000000000000000|+0000000000000000000|+4.8000000000004e-01|-8.1120904000012e+00|+2.9318135355593e-02|+8.4239047839696e+00
+0000000000000000024|+0000000000000000000|+0000000000000000000|+4.7000000000004e-01|-8.1972077000012e+00|+2.8934841653492e-02|+8.2219364919117e+00
+0000000000000000024|+0000000000000000000|+0000000000000000000|+4.6000000000004e-01|-8.2881167000012e+00|+2.8645336685921e-02|+8.2570836539821e+00
+0000000000000000024|+0000000000000000000|+0000000000000000000|+4.5000000000004e-01|-8.3630912500013e+00|+2.8257089233971e-02|+8.0639081193716e+00
+0000000000000000024|+0000000000000000000|+0000000000000000000|+4.4000000000004e-01|-8.4768764000014e+00|+2.8078858925248e-02|+8.3864108838833e+00
+0000000000000000024|+0000000000000000000|+0000000000000000000|+4.3000000000004e-01|-8.5396966727288e+00|+2.7722654508741e-02|+8.3294624946607e+00
+0000000000000000024|+0000000000000000000|+0000000000000000000|+4.2000000000004e-01|-8.6375651500014e+00|+2.7450638431659e-02|+8.4571689484410e+00
+0000000000000000024|+0000000000000000000|+0000000000000000000|+4.1000000000004e-01|-8.6808082666682e+00|+2.6986555868129e-02|+8.1224408846160e+00
+0000000000000000024|+0000000000000000000|+0000000000000000000|+4.0000000000004e-01|-8.7564200000015e+00|+2.6766398382456e-02|+8.5069773974973e+00
+0000000000000000024|+0000000000000000000|+0000000000000000000|+3.9000000000004e-01|-8.8464325000015e+00|+2.6296939994986e-02|+8.0341244375037e+00
+0000000000000000024|+0000000000000000000|+0000000000000000000|+3.8000000000004e-01|-8.9274164000016e+00|+2.5926424204821e-02|+7.9203899515929e+00
+0000000000000000024|+0000000000000000000|+0000000000000000000|+3.7000000000004e-01|-9.0329763000017e+00|+2.5561582183274e-02|+7.7691030798940e+00
+0000000000000000024|+0000000000000000000|+0000000000000000000|+3.6000000000004e-01|-9.1040320000017e+00|+2.5192395550588e-02|+7.7043345600139e+00
+0000000000000000024|+0000000000000000000|+0000000000000000000|+3.5000000000004e-01|-9.1717701818199e+00|+2.4804968426819e-02|+7.5888141751713e+00
+0000000000000000024|+0000000000000000000|+0000000000000000000|+3.4000000000004e-01|-9.2506691000018e+00|+2.4391699033258e-02|+7.3419322517923e+00
+0000000000000000024|+0000000000000000000|+0000000000000000000|+3.3000000000004e-01|-9.3218614391323e+00|+2.4017832278937e-02|+7.2935862498571e+00
+0000000000000000024|+0000000000000000000|+0000000000000000000|+3.2000000000004e-01|-9.4031968000019e+00|+2.3611627223495e-02|+7.0850480124175e+00
+0000000000000000024|+0000000000000000000|+0000000000000000000|+3.1000000000004e-01|-9.4685045000020e+00|+2.3172229941728e-02|+6.7767851975164e+00
+0000000000000000024|+0000000000000000000|+0000000000000000000|+3.0000000000004e-01|-9.5443570000021e+00|+2.2746981517821e-02|+6.5047461839045e+00
+0000000000000000024|+0000000000000000000|+0000000000000000000|+2.9000000000004e-01|-9.5923224000022e+00|+2.2312557586898e-02|+6.2869312064076e+00
+0000000000000000024|+0000000000000000000|+0000000000000000000|+2.8000000000004e-01|-9.6576832000023e+00|+2.1855703036496e-02|+5.8939870464067e+00
+0000000000000000024|+0000000000000000000|+0000000000000000000|+2.7000000000004e-01|-9.7194418300023e+00|+2.1445193729790e-02|+5.7853792955632e+00
+0000000000000000024|+0000000000000000000|+0000000000000000000|+2.6000000000004e-01|-9.7750888000025e+00|+2.0992073083064e-02|+5.4690468655837e+00
+0000000000000000024|+0000000000000000000|+0000000000000000000|+2.5000000000004e-01|-9.8469750000025e+00|+2.0548903515304e-02|+5.1665335900087e+00
+0000000000000000024|+0000000000000000000|+0000000000000000000|+2.4000000000004e-01|-9.8877304000027e+00|+2.0131065537414e-02|+5.1933583492248e+00
+0000000000000000024|+0000000000000000000|+0000000000000000000|+2.3000000000004e-01|-9.9426562000028e+00|+1.9618315388695e-02|+4.5196064764305e+00
+0000000000000000024|+0000000000000000000|+0000000000000000000|+2.2000000000004e-01|-9.9817578000029e+00|+1.9171993436974e-02|+4.4276661599208e+00
+0000000000000000024|+0000000000000000000|+0000000000000000000|+2.1000000000004e-01|-1.0019702200003e+01|+1.8684573922408e-02|+4.0622778076003e+00
+0000000000000000024|+0000000000000000000|+0000000000000000000|+2.0000000000004e-01|-1.0055666000003e+01|+1.8257539906048e-02|+4.2977774111115e+00
+0000000000000000024|+0000000000000000000|+0000000000000000000|+1.9000000000004e-01|-1.0111734850003e+01|+1.7779854588905e-02|+4.0771896757782e+00
+0000000000000000024|+0000000000000000000|+0000000000000000000|+1.8000000000004e-01|-1.0147054738465e+01|+1.7246991367035e-02|+3.4820926083373e+00
+0000000000000000024|+0000000000000000000|+0000000000000000000|+1.7000000000004e-01|-1.0167365200004e+01|+1.6758816097056e-02|+3.5413919664717e+00
+0000000000000000024|+0000000000000000000|+0000000000000000000|+1.6000000000004e-01|-1.0211146400004e+01|+1.6228086530955e-02|+3.1039511628034e+00
+0000000000000000024|+0000000000000000000|+0000000000000000000|+1.5000000000004e-01|-1.0241362000004e+01|+1.5673658550347e-02|+2.5638115535552e+00
+0000000000000000024|+0000000000000000000|+0000000000000000000|+1.4000000000004e-01|-1.0264216400005e+01|+1.5154271958532e-02|+2.7703896924301e+00
+0000000000000000024|+0000000000000000000|+0000000000000000000|+1.3000000000004e-01|-1.0294762882358e+01|+1.4600517545032e-02|+2.7052530182291e+00
+0000000000000000024|+0000000000000000000|+0000000000000000000|+1.2000000000004e-01|-1.0316765200005e+01|+1.4038262032289e-02|+2.9527161159637e+00
+0000000000000000024|+0000000000000000000|+0000000000000000000|+1.1000000000004e-01|-1.0334976600006e+01|+1.3372038217346e-02|+1.5361837565301e+00
+0000000000000000024|+0000000000000000000|+0000000000000000000|+1.0000000000004e-01|-1.0356103000007e+01|+1.2758788500779e-02|+1.7093753390771e+00
+0000000000000000024|+0000000000000000000|+0000000000000000000|+9.0000000000041e-02|-1.0374067525007e+01|+1.2114562982740e-02|+2.0140151530981e+00
+0000000000000000024|+0000000000000000000|+0000000000000000000|+8.0000000000041e-02|-1.0393757600008e+01|+1.1417008664847e-02|+1.8515488193478e+00
+0000000000000000024|+0000000000000000000|+0000000000000000000|+7.0000000000041e-02|-1.0409876600009e+01|+1.0625964680442e-02|-4.4755494422071e-01
+0000000000000000024|+0000000000000000000|+0000000000000000000|+6.0000000000041e-02|-1.0419930100011e+01|+9.8680204344332e-03|+9.6808030976467e-01
+0000000000000000024|+0000000000000000000|+0000000000000000000|+5.0000000000041e-02|-1.0432994840013e+01|+9.0172561427779e-03|+1.5512122139957e+00
+0000000000000000024|+0000000000000000000|+0000000000000000000|+4.0000000000041e-02|-1.0443540657159e+01|+8.0530025049838e-03|+4.3876019777946e-01
+0000000000000000024|+0000000000000000000|+0000000000000000000|+3.0000000000041e-02|-1.0448981650022e+01|+6.9727956828234e-03|+2.0080773674704e-01
+0000000000000000024|+0000000000000000000|+0000000000000000000|+2.0000000000041e-02|-1.0454514216033e+01|+5.6935867013970e-03|+1.1648503112201e-01
+0000000000000000024|+0000000000000000000|+0000000000000000000|+1.0000000000041e-02|-1.0454281795900e+01|+4.0261736602652e-03|+4.1715392069545e-01
