#
# QHS - DATA
#
# ----------------------------------------
#
# Size                 = +0000000000000000009
# Model                = Periodic-1D
# Algorithm            = ED
# Start-Temperature    = +0.0000000000000e+00
# End-Temperature      = +4.0000000000000e+00
# Temperature-Step     = +1.0000000000000e-02
#
# Size              | Model-Index        | Algorithm-Index    | Temperature        | AverageEnergy      | StdDvOfEnergy      | AverageCHeat      
# ------------------------------------------------------------------------------------------------------
+0000000000000000009|+0000000000000000001|+0000000000000000001|+4.0000000000000e+00|-4.4499805201265e-01|+0.0000000000000e+00|+1.1610133887247e-01
+0000000000000000009|+0000000000000000001|+0000000000000000001|+3.9900000000000e+00|-4.4616207095593e-01|+0.0000000000000e+00|+1.1670321987171e-01
+0000000000000000009|+0000000000000000001|+0000000000000000001|+3.9800000000000e+00|-4.4733213189017e-01|+0.0000000000000e+00|+1.1730974491643e-01
+0000000000000000009|+0000000000000000001|+0000000000000000001|+3.9700000000000e+00|-4.4850828149235e-01|+0.0000000000000e+00|+1.1792096140794e-01
+0000000000000000009|+0000000000000000001|+0000000000000000001|+3.9600000000000e+00|-4.4969056691642e-01|+0.0000000000000e+00|+1.1853691734740e-01
+0000000000000000009|+0000000000000000001|+0000000000000000001|+3.9500000000000e+00|-4.5087903579942e-01|+0.0000000000000e+00|+1.1915766134482e-01
+0000000000000000009|+0000000000000000001|+0000000000000000001|+3.9400000000000e+00|-4.5207373626753e-01|+0.0000000000000e+00|+1.1978324262825e-01
+0000000000000000009|+0000000000000000001|+0000000000000000001|+3.9300000000000e+00|-4.5327471694238e-01|+0.0000000000000e+00|+1.2041371105318e-01
+0000000000000000009|+0000000000000000001|+0000000000000000001|+3.9200000000000e+00|-4.5448202694731e-01|+0.0000000000000e+00|+1.2104911711197e-01
+0000000000000000009|+0000000000000000001|+0000000000000000001|+3.9100000000000e+00|-4.5569571591379e-01|+0.0000000000000e+00|+1.2168951194359e-01
+0000000000000000009|+0000000000000000001|+0000000000000000001|+3.9000000000000e+00|-4.5691583398800e-01|+0.0000000000000e+00|+1.2233494734344e-01
+0000000000000000009|+0000000000000000001|+0000000000000000001|+3.8900000000000e+00|-4.5814243183735e-01|+0.0000000000000e+00|+1.2298547577336e-01
+0000000000000000009|+0000000000000000001|+0000000000000000001|+3.8800000000000e+00|-4.5937556065729e-01|+0.0000000000000e+00|+1.2364115037188e-01
+0000000000000000009|+0000000000000000001|+0000000000000000001|+3.8700000000000e+00|-4.6061527217803e-01|+0.0000000000000e+00|+1.2430202496450e-01
+0000000000000000009|+0000000000000000001|+0000000000000000001|+3.8600000000000e+00|-4.6186161867155e-01|+0.0000000000000e+00|+1.2496815407436e-01
+0000000000000000009|+0000000000000000001|+0000000000000000001|+3.8500000000000e+00|-4.6311465295860e-01|+0.0000000000000e+00|+1.2563959293291e-01
+0000000000000000009|+0000000000000000001|+0000000000000000001|+3.8400000000000e+00|-4.6437442841579e-01|+0.0000000000000e+00|+1.2631639749088e-01
+0000000000000000009|+0000000000000000001|+0000000000000000001|+3.8300000000000e+00|-4.6564099898293e-01|+0.0000000000000e+00|+1.2699862442942e-01
+0000000000000000009|+0000000000000000001|+0000000000000000001|+3.8200000000000e+00|-4.6691441917031e-01|+0.0000000000000e+00|+1.2768633117142e-01
+0000000000000000009|+0000000000000000001|+0000000000000000001|+3.8100000000000e+00|-4.6819474406621e-01|+0.0000000000000e+00|+1.2837957589304e-01
+0000000000000000009|+0000000000000000001|+0000000000000000001|+3.8000000000000e+00|-4.6948202934449e-01|+0.0000000000000e+00|+1.2907841753547e-01
+0000000000000000009|+0000000000000000001|+0000000000000000001|+3.7900000000000e+00|-4.7077633127229e-01|+0.0000000000000e+00|+1.2978291581689e-01
+0000000000000000009|+0000000000000000001|+0000000000000000001|+3.7800000000000e+00|-4.7207770671789e-01|+0.0000000000000e+00|+1.3049313124463e-01
+0000000000000000009|+0000000000000000001|+0000000000000000001|+3.7700000000000e+00|-4.7338621315861e-01|+0.0000000000000e+00|+1.3120912512755e-01
+0000000000000000009|+0000000000000000001|+0000000000000000001|+3.7600000000000e+00|-4.7470190868895e-01|+0.0000000000000e+00|+1.3193095958867e-01
+0000000000000000009|+0000000000000000001|+0000000000000000001|+3.7500000000000e+00|-4.7602485202872e-01|+0.0000000000000e+00|+1.3265869757801e-01
+0000000000000000009|+0000000000000000001|+0000000000000000001|+3.7400000000000e+00|-4.7735510253147e-01|+0.0000000000000e+00|+1.3339240288568e-01
+0000000000000000009|+0000000000000000001|+0000000000000000001|+3.7300000000000e+00|-4.7869272019288e-01|+0.0000000000000e+00|+1.3413214015519e-01
+0000000000000000009|+0000000000000000001|+0000000000000000001|+3.7200000000000e+00|-4.8003776565938e-01|+0.0000000000000e+00|+1.3487797489697e-01
+0000000000000000009|+0000000000000000001|+0000000000000000001|+3.7100000000000e+00|-4.8139030023693e-01|+0.0000000000000e+00|+1.3562997350226e-01
+0000000000000000009|+0000000000000000001|+0000000000000000001|+3.7000000000000e+00|-4.8275038589983e-01|+0.0000000000000e+00|+1.3638820325711e-01
+0000000000000000009|+0000000000000000001|+0000000000000000001|+3.6900000000000e+00|-4.8411808529978e-01|+0.0000000000000e+00|+1.3715273235672e-01
+0000000000000000009|+0000000000000000001|+0000000000000000001|+3.6800000000000e+00|-4.8549346177507e-01|+0.0000000000000e+00|+1.3792362992003e-01
+0000000000000000009|+0000000000000000001|+0000000000000000001|+3.6700000000000e+00|-4.8687657935982e-01|+0.0000000000000e+00|+1.3870096600456e-01
+0000000000000000009|+0000000000000000001|+0000000000000000001|+3.6600000000000e+00|-4.8826750279349e-01|+0.0000000000000e+00|+1.3948481162157e-01
+0000000000000000009|+0000000000000000001|+0000000000000000001|+3.6500000000000e+00|-4.8966629753051e-01|+0.0000000000000e+00|+1.4027523875145e-01
+0000000000000000009|+0000000000000000001|+0000000000000000001|+3.6400000000000e+00|-4.9107302975001e-01|+0.0000000000000e+00|+1.4107232035942e-01
+0000000000000000009|+0000000000000000001|+0000000000000000001|+3.6300000000000e+00|-4.9248776636574e-01|+0.0000000000000e+00|+1.4187613041153e-01
+0000000000000000009|+0000000000000000001|+0000000000000000001|+3.6200000000000e+00|-4.9391057503621e-01|+0.0000000000000e+00|+1.4268674389096e-01
+0000000000000000009|+0000000000000000001|+0000000000000000001|+3.6100000000000e+00|-4.9534152417492e-01|+0.0000000000000e+00|+1.4350423681461e-01
+0000000000000000009|+0000000000000000001|+0000000000000000001|+3.6000000000000e+00|-4.9678068296076e-01|+0.0000000000000e+00|+1.4432868624999e-01
+0000000000000000009|+0000000000000000001|+0000000000000000001|+3.5900000000000e+00|-4.9822812134862e-01|+0.0000000000000e+00|+1.4516017033248e-01
+0000000000000000009|+0000000000000000001|+0000000000000000001|+3.5800000000000e+00|-4.9968391008018e-01|+0.0000000000000e+00|+1.4599876828287e-01
+0000000000000000009|+0000000000000000001|+0000000000000000001|+3.5700000000000e+00|-5.0114812069479e-01|+0.0000000000000e+00|+1.4684456042525e-01
+0000000000000000009|+0000000000000000001|+0000000000000000001|+3.5600000000000e+00|-5.0262082554068e-01|+0.0000000000000e+00|+1.4769762820524e-01
+0000000000000000009|+0000000000000000001|+0000000000000000001|+3.5500000000000e+00|-5.0410209778618e-01|+0.0000000000000e+00|+1.4855805420854e-01
+0000000000000000009|+0000000000000000001|+0000000000000000001|+3.5400000000000e+00|-5.0559201143128e-01|+0.0000000000000e+00|+1.4942592217989e-01
+0000000000000000009|+0000000000000000001|+0000000000000000001|+3.5300000000000e+00|-5.0709064131928e-01|+0.0000000000000e+00|+1.5030131704233e-01
+0000000000000000009|+0000000000000000001|+0000000000000000001|+3.5200000000000e+00|-5.0859806314870e-01|+0.0000000000000e+00|+1.5118432491688e-01
+0000000000000000009|+0000000000000000001|+0000000000000000001|+3.5100000000000e+00|-5.1011435348532e-01|+0.0000000000000e+00|+1.5207503314257e-01
+0000000000000000009|+0000000000000000001|+0000000000000000001|+3.5000000000000e+00|-5.1163958977451e-01|+0.0000000000000e+00|+1.5297353029686e-01
+0000000000000000009|+0000000000000000001|+0000000000000000001|+3.4900000000000e+00|-5.1317385035367e-01|+0.0000000000000e+00|+1.5387990621644e-01
+0000000000000000009|+0000000000000000001|+0000000000000000001|+3.4800000000000e+00|-5.1471721446497e-01|+0.0000000000000e+00|+1.5479425201848e-01
+0000000000000000009|+0000000000000000001|+0000000000000000001|+3.4700000000000e+00|-5.1626976226823e-01|+0.0000000000000e+00|+1.5571666012224e-01
+0000000000000000009|+0000000000000000001|+0000000000000000001|+3.4600000000000e+00|-5.1783157485408e-01|+0.0000000000000e+00|+1.5664722427111e-01
+0000000000000000009|+0000000000000000001|+0000000000000000001|+3.4500000000000e+00|-5.1940273425728e-01|+0.0000000000000e+00|+1.5758603955513e-01
+0000000000000000009|+0000000000000000001|+0000000000000000001|+3.4400000000000e+00|-5.2098332347034e-01|+0.0000000000000e+00|+1.5853320243386e-01
+0000000000000000009|+0000000000000000001|+0000000000000000001|+3.4300000000000e+00|-5.2257342645729e-01|+0.0000000000000e+00|+1.5948881075979e-01
+0000000000000000009|+0000000000000000001|+0000000000000000001|+3.4200000000000e+00|-5.2417312816777e-01|+0.0000000000000e+00|+1.6045296380211e-01
+0000000000000000009|+0000000000000000001|+0000000000000000001|+3.4100000000000e+00|-5.2578251455126e-01|+0.0000000000000e+00|+1.6142576227107e-01
+0000000000000000009|+0000000000000000001|+0000000000000000001|+3.4000000000000e+00|-5.2740167257170e-01|+0.0000000000000e+00|+1.6240730834273e-01
+0000000000000000009|+0000000000000000001|+0000000000000000001|+3.3900000000000e+00|-5.2903069022218e-01|+0.0000000000000e+00|+1.6339770568418e-01
+0000000000000000009|+0000000000000000001|+0000000000000000001|+3.3800000000000e+00|-5.3066965654005e-01|+0.0000000000000e+00|+1.6439705947938e-01
+0000000000000000009|+0000000000000000001|+0000000000000000001|+3.3700000000000e+00|-5.3231866162220e-01|+0.0000000000000e+00|+1.6540547645536e-01
+0000000000000000009|+0000000000000000001|+0000000000000000001|+3.3600000000000e+00|-5.3397779664058e-01|+0.0000000000000e+00|+1.6642306490907e-01
+0000000000000000009|+0000000000000000001|+0000000000000000001|+3.3500000000000e+00|-5.3564715385810e-01|+0.0000000000000e+00|+1.6744993473469e-01
+0000000000000000009|+0000000000000000001|+0000000000000000001|+3.3400000000000e+00|-5.3732682664472e-01|+0.0000000000000e+00|+1.6848619745152e-01
+0000000000000000009|+0000000000000000001|+0000000000000000001|+3.3300000000000e+00|-5.3901690949383e-01|+0.0000000000000e+00|+1.6953196623239e-01
+0000000000000000009|+0000000000000000001|+0000000000000000001|+3.3200000000000e+00|-5.4071749803891e-01|+0.0000000000000e+00|+1.7058735593271e-01
+0000000000000000009|+0000000000000000001|+0000000000000000001|+3.3100000000000e+00|-5.4242868907058e-01|+0.0000000000000e+00|+1.7165248312004e-01
+0000000000000000009|+0000000000000000001|+0000000000000000001|+3.3000000000000e+00|-5.4415058055377e-01|+0.0000000000000e+00|+1.7272746610428e-01
+0000000000000000009|+0000000000000000001|+0000000000000000001|+3.2900000000000e+00|-5.4588327164540e-01|+0.0000000000000e+00|+1.7381242496847e-01
+0000000000000000009|+0000000000000000001|+0000000000000000001|+3.2800000000000e+00|-5.4762686271216e-01|+0.0000000000000e+00|+1.7490748160024e-01
+0000000000000000009|+0000000000000000001|+0000000000000000001|+3.2700000000000e+00|-5.4938145534883e-01|+0.0000000000000e+00|+1.7601275972384e-01
+0000000000000000009|+0000000000000000001|+0000000000000000001|+3.2600000000000e+00|-5.5114715239671e-01|+0.0000000000000e+00|+1.7712838493290e-01
+0000000000000000009|+0000000000000000001|+0000000000000000001|+3.2500000000000e+00|-5.5292405796255e-01|+0.0000000000000e+00|+1.7825448472377e-01
+0000000000000000009|+0000000000000000001|+0000000000000000001|+3.2400000000000e+00|-5.5471227743769e-01|+0.0000000000000e+00|+1.7939118852966e-01
+0000000000000000009|+0000000000000000001|+0000000000000000001|+3.2300000000000e+00|-5.5651191751765e-01|+0.0000000000000e+00|+1.8053862775532e-01
+0000000000000000009|+0000000000000000001|+0000000000000000001|+3.2200000000000e+00|-5.5832308622200e-01|+0.0000000000000e+00|+1.8169693581262e-01
+0000000000000000009|+0000000000000000001|+0000000000000000001|+3.2100000000000e+00|-5.6014589291463e-01|+0.0000000000000e+00|+1.8286624815671e-01
+0000000000000000009|+0000000000000000001|+0000000000000000001|+3.2000000000000e+00|-5.6198044832431e-01|+0.0000000000000e+00|+1.8404670232302e-01
+0000000000000000009|+0000000000000000001|+0000000000000000001|+3.1900000000000e+00|-5.6382686456577e-01|+0.0000000000000e+00|+1.8523843796496e-01
+0000000000000000009|+0000000000000000001|+0000000000000000001|+3.1800000000000e+00|-5.6568525516098e-01|+0.0000000000000e+00|+1.8644159689247e-01
+0000000000000000009|+0000000000000000001|+0000000000000000001|+3.1700000000000e+00|-5.6755573506100e-01|+0.0000000000000e+00|+1.8765632311134e-01
+0000000000000000009|+0000000000000000001|+0000000000000000001|+3.1600000000000e+00|-5.6943842066807e-01|+0.0000000000000e+00|+1.8888276286335e-01
+0000000000000000009|+0000000000000000001|+0000000000000000001|+3.1500000000000e+00|-5.7133342985819e-01|+0.0000000000000e+00|+1.9012106466723e-01
+0000000000000000009|+0000000000000000001|+0000000000000000001|+3.1400000000000e+00|-5.7324088200412e-01|+0.0000000000000e+00|+1.9137137936053e-01
+0000000000000000009|+0000000000000000001|+0000000000000000001|+3.1300000000000e+00|-5.7516089799876e-01|+0.0000000000000e+00|+1.9263386014233e-01
+0000000000000000009|+0000000000000000001|+0000000000000000001|+3.1200000000000e+00|-5.7709360027900e-01|+0.0000000000000e+00|+1.9390866261687e-01
+0000000000000000009|+0000000000000000001|+0000000000000000001|+3.1100000000000e+00|-5.7903911284997e-01|+0.0000000000000e+00|+1.9519594483809e-01
+0000000000000000009|+0000000000000000001|+0000000000000000001|+3.1000000000000e+00|-5.8099756130980e-01|+0.0000000000000e+00|+1.9649586735513e-01
+0000000000000000009|+0000000000000000001|+0000000000000000001|+3.0900000000000e+00|-5.8296907287474e-01|+0.0000000000000e+00|+1.9780859325876e-01
+0000000000000000009|+0000000000000000001|+0000000000000000001|+3.0800000000000e+00|-5.8495377640490e-01|+0.0000000000000e+00|+1.9913428822884e-01
+0000000000000000009|+0000000000000000001|+0000000000000000001|+3.0700000000000e+00|-5.8695180243030e-01|+0.0000000000000e+00|+2.0047312058279e-01
+0000000000000000009|+0000000000000000001|+0000000000000000001|+3.0600000000000e+00|-5.8896328317755e-01|+0.0000000000000e+00|+2.0182526132506e-01
+0000000000000000009|+0000000000000000001|+0000000000000000001|+3.0500000000000e+00|-5.9098835259693e-01|+0.0000000000000e+00|+2.0319088419769e-01
+0000000000000000009|+0000000000000000001|+0000000000000000001|+3.0400000000000e+00|-5.9302714639006e-01|+0.0000000000000e+00|+2.0457016573193e-01
+0000000000000000009|+0000000000000000001|+0000000000000000001|+3.0300000000000e+00|-5.9507980203803e-01|+0.0000000000000e+00|+2.0596328530105e-01
+0000000000000000009|+0000000000000000001|+0000000000000000001|+3.0200000000000e+00|-5.9714645883010e-01|+0.0000000000000e+00|+2.0737042517418e-01
+0000000000000000009|+0000000000000000001|+0000000000000000001|+3.0100000000000e+00|-5.9922725789292e-01|+0.0000000000000e+00|+2.0879177057135e-01
+0000000000000000009|+0000000000000000001|+0000000000000000001|+3.0000000000000e+00|-6.0132234222035e-01|+0.0000000000000e+00|+2.1022750971982e-01
+0000000000000000009|+0000000000000000001|+0000000000000000001|+2.9900000000000e+00|-6.0343185670378e-01|+0.0000000000000e+00|+2.1167783391149e-01
+0000000000000000009|+0000000000000000001|+0000000000000000001|+2.9800000000000e+00|-6.0555594816309e-01|+0.0000000000000e+00|+2.1314293756162e-01
+0000000000000000009|+0000000000000000001|+0000000000000000001|+2.9700000000000e+00|-6.0769476537818e-01|+0.0000000000000e+00|+2.1462301826892e-01
+0000000000000000009|+0000000000000000001|+0000000000000000001|+2.9600000000000e+00|-6.0984845912110e-01|+0.0000000000000e+00|+2.1611827687677e-01
+0000000000000000009|+0000000000000000001|+0000000000000000001|+2.9500000000000e+00|-6.1201718218885e-01|+0.0000000000000e+00|+2.1762891753599e-01
+0000000000000000009|+0000000000000000001|+0000000000000000001|+2.9400000000000e+00|-6.1420108943669e-01|+0.0000000000000e+00|+2.1915514776883e-01
+0000000000000000009|+0000000000000000001|+0000000000000000001|+2.9300000000000e+00|-6.1640033781227e-01|+0.0000000000000e+00|+2.2069717853444e-01
+0000000000000000009|+0000000000000000001|+0000000000000000001|+2.9200000000000e+00|-6.1861508639030e-01|+0.0000000000000e+00|+2.2225522429583e-01
+0000000000000000009|+0000000000000000001|+0000000000000000001|+2.9100000000000e+00|-6.2084549640789e-01|+0.0000000000000e+00|+2.2382950308819e-01
+0000000000000000009|+0000000000000000001|+0000000000000000001|+2.9000000000000e+00|-6.2309173130067e-01|+0.0000000000000e+00|+2.2542023658888e-01
+0000000000000000009|+0000000000000000001|+0000000000000000001|+2.8900000000000e+00|-6.2535395673958e-01|+0.0000000000000e+00|+2.2702765018882e-01
+0000000000000000009|+0000000000000000001|+0000000000000000001|+2.8800000000000e+00|-6.2763234066828e-01|+0.0000000000000e+00|+2.2865197306565e-01
+0000000000000000009|+0000000000000000001|+0000000000000000001|+2.8700000000000e+00|-6.2992705334151e-01|+0.0000000000000e+00|+2.3029343825835e-01
+0000000000000000009|+0000000000000000001|+0000000000000000001|+2.8600000000000e+00|-6.3223826736398e-01|+0.0000000000000e+00|+2.3195228274365e-01
+0000000000000000009|+0000000000000000001|+0000000000000000001|+2.8500000000000e+00|-6.3456615773021e-01|+0.0000000000000e+00|+2.3362874751412e-01
+0000000000000000009|+0000000000000000001|+0000000000000000001|+2.8400000000000e+00|-6.3691090186504e-01|+0.0000000000000e+00|+2.3532307765803e-01
+0000000000000000009|+0000000000000000001|+0000000000000000001|+2.8300000000000e+00|-6.3927267966502e-01|+0.0000000000000e+00|+2.3703552244099e-01
+0000000000000000009|+0000000000000000001|+0000000000000000001|+2.8200000000000e+00|-6.4165167354060e-01|+0.0000000000000e+00|+2.3876633538942e-01
+0000000000000000009|+0000000000000000001|+0000000000000000001|+2.8100000000000e+00|-6.4404806845912e-01|+0.0000000000000e+00|+2.4051577437604e-01
+0000000000000000009|+0000000000000000001|+0000000000000000001|+2.8000000000000e+00|-6.4646205198876e-01|+0.0000000000000e+00|+2.4228410170709e-01
+0000000000000000009|+0000000000000000001|+0000000000000000001|+2.7900000000000e+00|-6.4889381434332e-01|+0.0000000000000e+00|+2.4407158421175e-01
+0000000000000000009|+0000000000000000001|+0000000000000000001|+2.7800000000000e+00|-6.5134354842786e-01|+0.0000000000000e+00|+2.4587849333345e-01
+0000000000000000009|+0000000000000000001|+0000000000000000001|+2.7700000000000e+00|-6.5381144988535e-01|+0.0000000000000e+00|+2.4770510522336e-01
+0000000000000000009|+0000000000000000001|+0000000000000000001|+2.7600000000000e+00|-6.5629771714419e-01|+0.0000000000000e+00|+2.4955170083596e-01
+0000000000000000009|+0000000000000000001|+0000000000000000001|+2.7500000000000e+00|-6.5880255146677e-01|+0.0000000000000e+00|+2.5141856602688e-01
+0000000000000000009|+0000000000000000001|+0000000000000000001|+2.7400000000000e+00|-6.6132615699895e-01|+0.0000000000000e+00|+2.5330599165292e-01
+0000000000000000009|+0000000000000000001|+0000000000000000001|+2.7300000000000e+00|-6.6386874082057e-01|+0.0000000000000e+00|+2.5521427367442e-01
+0000000000000000009|+0000000000000000001|+0000000000000000001|+2.7200000000000e+00|-6.6643051299706e-01|+0.0000000000000e+00|+2.5714371326000e-01
+0000000000000000009|+0000000000000000001|+0000000000000000001|+2.7100000000000e+00|-6.6901168663200e-01|+0.0000000000000e+00|+2.5909461689371e-01
+0000000000000000009|+0000000000000000001|+0000000000000000001|+2.7000000000000e+00|-6.7161247792084e-01|+0.0000000000000e+00|+2.6106729648471e-01
+0000000000000000009|+0000000000000000001|+0000000000000000001|+2.6900000000000e+00|-6.7423310620574e-01|+0.0000000000000e+00|+2.6306206947942e-01
+0000000000000000009|+0000000000000000001|+0000000000000000001|+2.6800000000000e+00|-6.7687379403147e-01|+0.0000000000000e+00|+2.6507925897640e-01
+0000000000000000009|+0000000000000000001|+0000000000000000001|+2.6700000000000e+00|-6.7953476720252e-01|+0.0000000000000e+00|+2.6711919384385e-01
+0000000000000000009|+0000000000000000001|+0000000000000000001|+2.6600000000000e+00|-6.8221625484144e-01|+0.0000000000000e+00|+2.6918220883986e-01
+0000000000000000009|+0000000000000000001|+0000000000000000001|+2.6500000000000e+00|-6.8491848944830e-01|+0.0000000000000e+00|+2.7126864473549e-01
+0000000000000000009|+0000000000000000001|+0000000000000000001|+2.6400000000000e+00|-6.8764170696148e-01|+0.0000000000000e+00|+2.7337884844080e-01
+0000000000000000009|+0000000000000000001|+0000000000000000001|+2.6300000000000e+00|-6.9038614681970e-01|+0.0000000000000e+00|+2.7551317313380e-01
+0000000000000000009|+0000000000000000001|+0000000000000000001|+2.6200000000000e+00|-6.9315205202532e-01|+0.0000000000000e+00|+2.7767197839243e-01
+0000000000000000009|+0000000000000000001|+0000000000000000001|+2.6100000000000e+00|-6.9593966920906e-01|+0.0000000000000e+00|+2.7985563032973e-01
+0000000000000000009|+0000000000000000001|+0000000000000000001|+2.6000000000000e+00|-6.9874924869604e-01|+0.0000000000000e+00|+2.8206450173217e-01
+0000000000000000009|+0000000000000000001|+0000000000000000001|+2.5900000000000e+00|-7.0158104457316e-01|+0.0000000000000e+00|+2.8429897220128e-01
+0000000000000000009|+0000000000000000001|+0000000000000000001|+2.5800000000000e+00|-7.0443531475803e-01|+0.0000000000000e+00|+2.8655942829868e-01
+0000000000000000009|+0000000000000000001|+0000000000000000001|+2.5700000000000e+00|-7.0731232106932e-01|+0.0000000000000e+00|+2.8884626369454e-01
+0000000000000000009|+0000000000000000001|+0000000000000000001|+2.5600000000000e+00|-7.1021232929853e-01|+0.0000000000000e+00|+2.9115987931959e-01
+0000000000000000009|+0000000000000000001|+0000000000000000001|+2.5500000000000e+00|-7.1313560928346e-01|+0.0000000000000e+00|+2.9350068352080e-01
+0000000000000000009|+0000000000000000001|+0000000000000000001|+2.5400000000000e+00|-7.1608243498308e-01|+0.0000000000000e+00|+2.9586909222080e-01
+0000000000000000009|+0000000000000000001|+0000000000000000001|+2.5300000000000e+00|-7.1905308455419e-01|+0.0000000000000e+00|+2.9826552908109e-01
+0000000000000000009|+0000000000000000001|+0000000000000000001|+2.5200000000000e+00|-7.2204784042957e-01|+0.0000000000000e+00|+3.0069042566922e-01
+0000000000000000009|+0000000000000000001|+0000000000000000001|+2.5100000000000e+00|-7.2506698939790e-01|+0.0000000000000e+00|+3.0314422163004e-01
+0000000000000000009|+0000000000000000001|+0000000000000000001|+2.5000000000000e+00|-7.2811082268547e-01|+0.0000000000000e+00|+3.0562736486100e-01
+0000000000000000009|+0000000000000000001|+0000000000000000001|+2.4900000000000e+00|-7.3117963603950e-01|+0.0000000000000e+00|+3.0814031169176e-01
+0000000000000000009|+0000000000000000001|+0000000000000000001|+2.4800000000000e+00|-7.3427372981348e-01|+0.0000000000000e+00|+3.1068352706818e-01
+0000000000000000009|+0000000000000000001|+0000000000000000001|+2.4700000000000e+00|-7.3739340905418e-01|+0.0000000000000e+00|+3.1325748474072e-01
+0000000000000000009|+0000000000000000001|+0000000000000000001|+2.4600000000000e+00|-7.4053898359075e-01|+0.0000000000000e+00|+3.1586266745749e-01
+0000000000000000009|+0000000000000000001|+0000000000000000001|+2.4500000000000e+00|-7.4371076812558e-01|+0.0000000000000e+00|+3.1849956716194e-01
+0000000000000000009|+0000000000000000001|+0000000000000000001|+2.4400000000000e+00|-7.4690908232735e-01|+0.0000000000000e+00|+3.2116868519547e-01
+0000000000000000009|+0000000000000000001|+0000000000000000001|+2.4300000000000e+00|-7.5013425092598e-01|+0.0000000000000e+00|+3.2387053250488e-01
+0000000000000000009|+0000000000000000001|+0000000000000000001|+2.4200000000000e+00|-7.5338660380980e-01|+0.0000000000000e+00|+3.2660562985506e-01
+0000000000000000009|+0000000000000000001|+0000000000000000001|+2.4100000000000e+00|-7.5666647612475e-01|+0.0000000000000e+00|+3.2937450804672e-01
+0000000000000000009|+0000000000000000001|+0000000000000000001|+2.4000000000000e+00|-7.5997420837591e-01|+0.0000000000000e+00|+3.3217770813962e-01
+0000000000000000009|+0000000000000000001|+0000000000000000001|+2.3900000000000e+00|-7.6331014653118e-01|+0.0000000000000e+00|+3.3501578168121e-01
+0000000000000000009|+0000000000000000001|+0000000000000000001|+2.3800000000000e+00|-7.6667464212738e-01|+0.0000000000000e+00|+3.3788929094094e-01
+0000000000000000009|+0000000000000000001|+0000000000000000001|+2.3700000000000e+00|-7.7006805237859e-01|+0.0000000000000e+00|+3.4079880915033e-01
+0000000000000000009|+0000000000000000001|+0000000000000000001|+2.3600000000000e+00|-7.7349074028707e-01|+0.0000000000000e+00|+3.4374492074901e-01
+0000000000000000009|+0000000000000000001|+0000000000000000001|+2.3500000000000e+00|-7.7694307475656e-01|+0.0000000000000e+00|+3.4672822163677e-01
+0000000000000000009|+0000000000000000001|+0000000000000000001|+2.3400000000000e+00|-7.8042543070817e-01|+0.0000000000000e+00|+3.4974931943195e-01
+0000000000000000009|+0000000000000000001|+0000000000000000001|+2.3300000000000e+00|-7.8393818919887e-01|+0.0000000000000e+00|+3.5280883373615e-01
+0000000000000000009|+0000000000000000001|+0000000000000000001|+2.3200000000000e+00|-7.8748173754271e-01|+0.0000000000000e+00|+3.5590739640555e-01
+0000000000000000009|+0000000000000000001|+0000000000000000001|+2.3100000000000e+00|-7.9105646943474e-01|+0.0000000000000e+00|+3.5904565182898e-01
+0000000000000000009|+0000000000000000001|+0000000000000000001|+2.3000000000000e+00|-7.9466278507771e-01|+0.0000000000000e+00|+3.6222425721286e-01
+0000000000000000009|+0000000000000000001|+0000000000000000001|+2.2900000000000e+00|-7.9830109131176e-01|+0.0000000000000e+00|+3.6544388287328e-01
+0000000000000000009|+0000000000000000001|+0000000000000000001|+2.2800000000000e+00|-8.0197180174699e-01|+0.0000000000000e+00|+3.6870521253529e-01
+0000000000000000009|+0000000000000000001|+0000000000000000001|+2.2700000000000e+00|-8.0567533689905e-01|+0.0000000000000e+00|+3.7200894363975e-01
+0000000000000000009|+0000000000000000001|+0000000000000000001|+2.2600000000000e+00|-8.0941212432790e-01|+0.0000000000000e+00|+3.7535578765768e-01
+0000000000000000009|+0000000000000000001|+0000000000000000001|+2.2500000000000e+00|-8.1318259877970e-01|+0.0000000000000e+00|+3.7874647041261e-01
+0000000000000000009|+0000000000000000001|+0000000000000000001|+2.2400000000000e+00|-8.1698720233196e-01|+0.0000000000000e+00|+3.8218173241085e-01
+0000000000000000009|+0000000000000000001|+0000000000000000001|+2.2300000000000e+00|-8.2082638454210e-01|+0.0000000000000e+00|+3.8566232918010e-01
+0000000000000000009|+0000000000000000001|+0000000000000000001|+2.2200000000000e+00|-8.2470060259937e-01|+0.0000000000000e+00|+3.8918903161643e-01
+0000000000000000009|+0000000000000000001|+0000000000000000001|+2.2100000000000e+00|-8.2861032148027e-01|+0.0000000000000e+00|+3.9276262633997e-01
+0000000000000000009|+0000000000000000001|+0000000000000000001|+2.2000000000000e+00|-8.3255601410766e-01|+0.0000000000000e+00|+3.9638391605951e-01
+0000000000000000009|+0000000000000000001|+0000000000000000001|+2.1900000000000e+00|-8.3653816151348e-01|+0.0000000000000e+00|+4.0005371994618e-01
+0000000000000000009|+0000000000000000001|+0000000000000000001|+2.1800000000000e+00|-8.4055725300528e-01|+0.0000000000000e+00|+4.0377287401639e-01
+0000000000000000009|+0000000000000000001|+0000000000000000001|+2.1700000000000e+00|-8.4461378633664e-01|+0.0000000000000e+00|+4.0754223152449e-01
+0000000000000000009|+0000000000000000001|+0000000000000000001|+2.1600000000000e+00|-8.4870826788154e-01|+0.0000000000000e+00|+4.1136266336504e-01
+0000000000000000009|+0000000000000000001|+0000000000000000001|+2.1500000000000e+00|-8.5284121281282e-01|+0.0000000000000e+00|+4.1523505848532e-01
+0000000000000000009|+0000000000000000001|+0000000000000000001|+2.1400000000000e+00|-8.5701314528482e-01|+0.0000000000000e+00|+4.1916032430791e-01
+0000000000000000009|+0000000000000000001|+0000000000000000001|+2.1300000000000e+00|-8.6122459862027e-01|+0.0000000000000e+00|+4.2313938716395e-01
+0000000000000000009|+0000000000000000001|+0000000000000000001|+2.1200000000000e+00|-8.6547611550162e-01|+0.0000000000000e+00|+4.2717319273712e-01
+0000000000000000009|+0000000000000000001|+0000000000000000001|+2.1100000000000e+00|-8.6976824816679e-01|+0.0000000000000e+00|+4.3126270651865e-01
+0000000000000000009|+0000000000000000001|+0000000000000000001|+2.1000000000000e+00|-8.7410155860960e-01|+0.0000000000000e+00|+4.3540891427366e-01
+0000000000000000009|+0000000000000000001|+0000000000000000001|+2.0900000000000e+00|-8.7847661878487e-01|+0.0000000000000e+00|+4.3961282251901e-01
+0000000000000000009|+0000000000000000001|+0000000000000000001|+2.0800000000000e+00|-8.8289401081839e-01|+0.0000000000000e+00|+4.4387545901302e-01
+0000000000000000009|+0000000000000000001|+0000000000000000001|+2.0700000000000e+00|-8.8735432722182e-01|+0.0000000000000e+00|+4.4819787325726e-01
+0000000000000000009|+0000000000000000001|+0000000000000000001|+2.0600000000000e+00|-8.9185817111271e-01|+0.0000000000000e+00|+4.5258113701072e-01
+0000000000000000009|+0000000000000000001|+0000000000000000001|+2.0500000000000e+00|-8.9640615643963e-01|+0.0000000000000e+00|+4.5702634481664e-01
+0000000000000000009|+0000000000000000001|+0000000000000000001|+2.0400000000000e+00|-9.0099890821278e-01|+0.0000000000000e+00|+4.6153461454225e-01
+0000000000000000009|+0000000000000000001|+0000000000000000001|+2.0300000000000e+00|-9.0563706273997e-01|+0.0000000000000e+00|+4.6610708793169e-01
+0000000000000000009|+0000000000000000001|+0000000000000000001|+2.0200000000000e+00|-9.1032126786814e-01|+0.0000000000000e+00|+4.7074493117250e-01
+0000000000000000009|+0000000000000000001|+0000000000000000001|+2.0100000000000e+00|-9.1505218323078e-01|+0.0000000000000e+00|+4.7544933547579e-01
+0000000000000000009|+0000000000000000001|+0000000000000000001|+2.0000000000000e+00|-9.1983048050105e-01|+0.0000000000000e+00|+4.8022151767058e-01
+0000000000000000009|+0000000000000000001|+0000000000000000001|+1.9900000000000e+00|-9.2465684365103e-01|+0.0000000000000e+00|+4.8506272081233e-01
+0000000000000000009|+0000000000000000001|+0000000000000000001|+1.9800000000000e+00|-9.2953196921708e-01|+0.0000000000000e+00|+4.8997421480626e-01
+0000000000000000009|+0000000000000000001|+0000000000000000001|+1.9700000000000e+00|-9.3445656657151e-01|+0.0000000000000e+00|+4.9495729704551e-01
+0000000000000000009|+0000000000000000001|+0000000000000000001|+1.9600000000000e+00|-9.3943135820072e-01|+0.0000000000000e+00|+5.0001329306445e-01
+0000000000000000009|+0000000000000000001|+0000000000000000001|+1.9500000000000e+00|-9.4445707998994e-01|+0.0000000000000e+00|+5.0514355720758e-01
+0000000000000000009|+0000000000000000001|+0000000000000000001|+1.9400000000000e+00|-9.4953448151473e-01|+0.0000000000000e+00|+5.1034947331407e-01
+0000000000000000009|+0000000000000000001|+0000000000000000001|+1.9300000000000e+00|-9.5466432633944e-01|+0.0000000000000e+00|+5.1563245541840e-01
+0000000000000000009|+0000000000000000001|+0000000000000000001|+1.9200000000000e+00|-9.5984739232273e-01|+0.0000000000000e+00|+5.2099394846721e-01
+0000000000000000009|+0000000000000000001|+0000000000000000001|+1.9100000000000e+00|-9.6508447193032e-01|+0.0000000000000e+00|+5.2643542905280e-01
+0000000000000000009|+0000000000000000001|+0000000000000000001|+1.9000000000000e+00|-9.7037637255519e-01|+0.0000000000000e+00|+5.3195840616331e-01
+0000000000000000009|+0000000000000000001|+0000000000000000001|+1.8900000000000e+00|-9.7572391684540e-01|+0.0000000000000e+00|+5.3756442195002e-01
+0000000000000000009|+0000000000000000001|+0000000000000000001|+1.8800000000000e+00|-9.8112794303958e-01|+0.0000000000000e+00|+5.4325505251185e-01
+0000000000000000009|+0000000000000000001|+0000000000000000001|+1.8700000000000e+00|-9.8658930531043e-01|+0.0000000000000e+00|+5.4903190869744e-01
+0000000000000000009|+0000000000000000001|+0000000000000000001|+1.8600000000000e+00|-9.9210887411628e-01|+0.0000000000000e+00|+5.5489663692474e-01
+0000000000000000009|+0000000000000000001|+0000000000000000001|+1.8500000000000e+00|-9.9768753656100e-01|+0.0000000000000e+00|+5.6085092001863e-01
+0000000000000000009|+0000000000000000001|+0000000000000000001|+1.8400000000000e+00|-1.0033261967623e+00|+0.0000000000000e+00|+5.6689647806645e-01
+0000000000000000009|+0000000000000000001|+0000000000000000001|+1.8300000000000e+00|-1.0090257762286e+00|+0.0000000000000e+00|+5.7303506929176e-01
+0000000000000000009|+0000000000000000001|+0000000000000000001|+1.8200000000000e+00|-1.0147872142451e+00|+0.0000000000000e+00|+5.7926849094632e-01
+0000000000000000009|+0000000000000000001|+0000000000000000001|+1.8100000000000e+00|-1.0206114682684e+00|+0.0000000000000e+00|+5.8559858022048e-01
+0000000000000000009|+0000000000000000001|+0000000000000000001|+1.8000000000000e+00|-1.0264995143304e+00|+0.0000000000000e+00|+5.9202721517197e-01
+0000000000000000009|+0000000000000000001|+0000000000000000001|+1.7900000000000e+00|-1.0324523474522e+00|+0.0000000000000e+00|+5.9855631567311e-01
+0000000000000000009|+0000000000000000001|+0000000000000000001|+1.7800000000000e+00|-1.0384709820664e+00|+0.0000000000000e+00|+6.0518784437651e-01
+0000000000000000009|+0000000000000000001|+0000000000000000001|+1.7700000000000e+00|-1.0445564524502e+00|+0.0000000000000e+00|+6.1192380769901e-01
+0000000000000000009|+0000000000000000001|+0000000000000000001|+1.7600000000000e+00|-1.0507098131680e+00|+0.0000000000000e+00|+6.1876625682402e-01
+0000000000000000009|+0000000000000000001|+0000000000000000001|+1.7500000000000e+00|-1.0569321395240e+00|+0.0000000000000e+00|+6.2571728872179e-01
+0000000000000000009|+0000000000000000001|+0000000000000000001|+1.7400000000000e+00|-1.0632245280256e+00|+0.0000000000000e+00|+6.3277904718769e-01
+0000000000000000009|+0000000000000000001|+0000000000000000001|+1.7300000000000e+00|-1.0695880968565e+00|+0.0000000000000e+00|+6.3995372389793e-01
+0000000000000000009|+0000000000000000001|+0000000000000000001|+1.7200000000000e+00|-1.0760239863609e+00|+0.0000000000000e+00|+6.4724355948262e-01
+0000000000000000009|+0000000000000000001|+0000000000000000001|+1.7100000000000e+00|-1.0825333595390e+00|+0.0000000000000e+00|+6.5465084461556e-01
+0000000000000000009|+0000000000000000001|+0000000000000000001|+1.7000000000000e+00|-1.0891174025520e+00|+0.0000000000000e+00|+6.6217792112029e-01
+0000000000000000009|+0000000000000000001|+0000000000000000001|+1.6900000000000e+00|-1.0957773252403e+00|+0.0000000000000e+00|+6.6982718309181e-01
+0000000000000000009|+0000000000000000001|+0000000000000000001|+1.6800000000000e+00|-1.1025143616510e+00|+0.0000000000000e+00|+6.7760107803326e-01
+0000000000000000009|+0000000000000000001|+0000000000000000001|+1.6700000000000e+00|-1.1093297705782e+00|+0.0000000000000e+00|+6.8550210800665e-01
+0000000000000000009|+0000000000000000001|+0000000000000000001|+1.6600000000000e+00|-1.1162248361142e+00|+0.0000000000000e+00|+6.9353283079683e-01
+0000000000000000009|+0000000000000000001|+0000000000000000001|+1.6500000000000e+00|-1.1232008682127e+00|+0.0000000000000e+00|+7.0169586108740e-01
+0000000000000000009|+0000000000000000001|+0000000000000000001|+1.6400000000000e+00|-1.1302592032636e+00|+0.0000000000000e+00|+7.0999387164761e-01
+0000000000000000009|+0000000000000000001|+0000000000000000001|+1.6300000000000e+00|-1.1374012046800e+00|+0.0000000000000e+00|+7.1842959452857e-01
+0000000000000000009|+0000000000000000001|+0000000000000000001|+1.6200000000000e+00|-1.1446282634969e+00|+0.0000000000000e+00|+7.2700582226741e-01
+0000000000000000009|+0000000000000000001|+0000000000000000001|+1.6100000000000e+00|-1.1519417989820e+00|+0.0000000000000e+00|+7.3572540909750e-01
+0000000000000000009|+0000000000000000001|+0000000000000000001|+1.6000000000000e+00|-1.1593432592591e+00|+0.0000000000000e+00|+7.4459127216288e-01
+0000000000000000009|+0000000000000000001|+0000000000000000001|+1.5900000000000e+00|-1.1668341219430e+00|+0.0000000000000e+00|+7.5360639273451e-01
+0000000000000000009|+0000000000000000001|+0000000000000000001|+1.5800000000000e+00|-1.1744158947868e+00|+0.0000000000000e+00|+7.6277381742623e-01
+0000000000000000009|+0000000000000000001|+0000000000000000001|+1.5700000000000e+00|-1.1820901163417e+00|+0.0000000000000e+00|+7.7209665940728e-01
+0000000000000000009|+0000000000000000001|+0000000000000000001|+1.5600000000000e+00|-1.1898583566281e+00|+0.0000000000000e+00|+7.8157809960880e-01
+0000000000000000009|+0000000000000000001|+0000000000000000001|+1.5500000000000e+00|-1.1977222178197e+00|+0.0000000000000e+00|+7.9122138792074e-01
+0000000000000000009|+0000000000000000001|+0000000000000000001|+1.5400000000000e+00|-1.2056833349390e+00|+0.0000000000000e+00|+8.0102984437557e-01
+0000000000000000009|+0000000000000000001|+0000000000000000001|+1.5300000000000e+00|-1.2137433765642e+00|+0.0000000000000e+00|+8.1100686031478e-01
+0000000000000000009|+0000000000000000001|+0000000000000000001|+1.5200000000000e+00|-1.2219040455481e+00|+0.0000000000000e+00|+8.2115589953371e-01
+0000000000000000009|+0000000000000000001|+0000000000000000001|+1.5100000000000e+00|-1.2301670797487e+00|+0.0000000000000e+00|+8.3148049939987e-01
+0000000000000000009|+0000000000000000001|+0000000000000000001|+1.5000000000000e+00|-1.2385342527699e+00|+0.0000000000000e+00|+8.4198427193923e-01
+0000000000000000009|+0000000000000000001|+0000000000000000001|+1.4900000000000e+00|-1.2470073747136e+00|+0.0000000000000e+00|+8.5267090488478e-01
+0000000000000000009|+0000000000000000001|+0000000000000000001|+1.4800000000000e+00|-1.2555882929418e+00|+0.0000000000000e+00|+8.6354416268085e-01
+0000000000000000009|+0000000000000000001|+0000000000000000001|+1.4700000000000e+00|-1.2642788928484e+00|+0.0000000000000e+00|+8.7460788743600e-01
+0000000000000000009|+0000000000000000001|+0000000000000000001|+1.4600000000000e+00|-1.2730810986405e+00|+0.0000000000000e+00|+8.8586599981696e-01
+0000000000000000009|+0000000000000000001|+0000000000000000001|+1.4500000000000e+00|-1.2819968741281e+00|+0.0000000000000e+00|+8.9732249987499e-01
+0000000000000000009|+0000000000000000001|+0000000000000000001|+1.4400000000000e+00|-1.2910282235219e+00|+0.0000000000000e+00|+9.0898146779551e-01
+0000000000000000009|+0000000000000000001|+0000000000000000001|+1.4300000000000e+00|-1.3001771922378e+00|+0.0000000000000e+00|+9.2084706456099e-01
+0000000000000000009|+0000000000000000001|+0000000000000000001|+1.4200000000000e+00|-1.3094458677079e+00|+0.0000000000000e+00|+9.3292353251589e-01
+0000000000000000009|+0000000000000000001|+0000000000000000001|+1.4100000000000e+00|-1.3188363801968e+00|+0.0000000000000e+00|+9.4521519582200e-01
+0000000000000000009|+0000000000000000001|+0000000000000000001|+1.4000000000000e+00|-1.3283509036208e+00|+0.0000000000000e+00|+9.5772646079072e-01
+0000000000000000009|+0000000000000000001|+0000000000000000001|+1.3900000000000e+00|-1.3379916563712e+00|+0.0000000000000e+00|+9.7046181607851e-01
+0000000000000000009|+0000000000000000001|+0000000000000000001|+1.3800000000000e+00|-1.3477609021378e+00|+0.0000000000000e+00|+9.8342583272952e-01
+0000000000000000009|+0000000000000000001|+0000000000000000001|+1.3700000000000e+00|-1.3576609507322e+00|+0.0000000000000e+00|+9.9662316404906e-01
+0000000000000000009|+0000000000000000001|+0000000000000000001|+1.3600000000000e+00|-1.3676941589094e+00|+0.0000000000000e+00|+1.0100585452892e+00
+0000000000000000009|+0000000000000000001|+0000000000000000001|+1.3500000000000e+00|-1.3778629311844e+00|+0.0000000000000e+00|+1.0237367931268e+00
+0000000000000000009|+0000000000000000001|+0000000000000000001|+1.3400000000000e+00|-1.3881697206429e+00|+0.0000000000000e+00|+1.0376628049124e+00
+0000000000000000009|+0000000000000000001|+0000000000000000001|+1.3300000000000e+00|-1.3986170297438e+00|+0.0000000000000e+00|+1.0518415576661e+00
+0000000000000000009|+0000000000000000001|+0000000000000000001|+1.3200000000000e+00|-1.4092074111090e+00|+0.0000000000000e+00|+1.0662781067953e+00
+0000000000000000009|+0000000000000000001|+0000000000000000001|+1.3100000000000e+00|-1.4199434683000e+00|+0.0000000000000e+00|+1.0809775845066e+00
+0000000000000000009|+0000000000000000001|+0000000000000000001|+1.3000000000000e+00|-1.4308278565766e+00|+0.0000000000000e+00|+1.0959451978816e+00
+0000000000000000009|+0000000000000000001|+0000000000000000001|+1.2900000000000e+00|-1.4418632836343e+00|+0.0000000000000e+00|+1.1111862265840e+00
+0000000000000000009|+0000000000000000001|+0000000000000000001|+1.2800000000000e+00|-1.4530525103171e+00|+0.0000000000000e+00|+1.1267060201629e+00
+0000000000000000009|+0000000000000000001|+0000000000000000001|+1.2700000000000e+00|-1.4643983513011e+00|+0.0000000000000e+00|+1.1425099949140e+00
+0000000000000000009|+0000000000000000001|+0000000000000000001|+1.2600000000000e+00|-1.4759036757441e+00|+0.0000000000000e+00|+1.1586036302572e+00
+0000000000000000009|+0000000000000000001|+0000000000000000001|+1.2500000000000e+00|-1.4875714078968e+00|+0.0000000000000e+00|+1.1749924645853e+00
+0000000000000000009|+0000000000000000001|+0000000000000000001|+1.2400000000000e+00|-1.4994045276691e+00|+0.0000000000000e+00|+1.1916820905361e+00
+0000000000000000009|+0000000000000000001|+0000000000000000001|+1.2300000000000e+00|-1.5114060711466e+00|+0.0000000000000e+00|+1.2086781496340e+00
+0000000000000000009|+0000000000000000001|+0000000000000000001|+1.2200000000000e+00|-1.5235791310495e+00|+0.0000000000000e+00|+1.2259863262455e+00
+0000000000000000009|+0000000000000000001|+0000000000000000001|+1.2100000000000e+00|-1.5359268571281e+00|+0.0000000000000e+00|+1.2436123407861e+00
+0000000000000000009|+0000000000000000001|+0000000000000000001|+1.2000000000000e+00|-1.5484524564856e+00|+0.0000000000000e+00|+1.2615619421127e+00
+0000000000000000009|+0000000000000000001|+0000000000000000001|+1.1900000000000e+00|-1.5611591938211e+00|+0.0000000000000e+00|+1.2798408990283e+00
+0000000000000000009|+0000000000000000001|+0000000000000000001|+1.1800000000000e+00|-1.5740503915824e+00|+0.0000000000000e+00|+1.2984549908237e+00
+0000000000000000009|+0000000000000000001|+0000000000000000001|+1.1700000000000e+00|-1.5871294300194e+00|+0.0000000000000e+00|+1.3174099967694e+00
+0000000000000000009|+0000000000000000001|+0000000000000000001|+1.1600000000000e+00|-1.6003997471264e+00|+0.0000000000000e+00|+1.3367116844700e+00
+0000000000000000009|+0000000000000000001|+0000000000000000001|+1.1500000000000e+00|-1.6138648384624e+00|+0.0000000000000e+00|+1.3563657969802e+00
+0000000000000000009|+0000000000000000001|+0000000000000000001|+1.1400000000000e+00|-1.6275282568356e+00|+0.0000000000000e+00|+1.3763780385810e+00
+0000000000000000009|+0000000000000000001|+0000000000000000001|+1.1300000000000e+00|-1.6413936118384e+00|+0.0000000000000e+00|+1.3967540590986e+00
+0000000000000000009|+0000000000000000001|+0000000000000000001|+1.1200000000000e+00|-1.6554645692178e+00|+0.0000000000000e+00|+1.4174994366463e+00
+0000000000000000009|+0000000000000000001|+0000000000000000001|+1.1100000000000e+00|-1.6697448500652e+00|+0.0000000000000e+00|+1.4386196586569e+00
+0000000000000000009|+0000000000000000001|+0000000000000000001|+1.1000000000000e+00|-1.6842382298071e+00|+0.0000000000000e+00|+1.4601201010633e+00
+0000000000000000009|+0000000000000000001|+0000000000000000001|+1.0900000000000e+00|-1.6989485369775e+00|+0.0000000000000e+00|+1.4820060054765e+00
+0000000000000000009|+0000000000000000001|+0000000000000000001|+1.0800000000000e+00|-1.7138796517517e+00|+0.0000000000000e+00|+1.5042824541944e+00
+0000000000000000009|+0000000000000000001|+0000000000000000001|+1.0700000000000e+00|-1.7290355042186e+00|+0.0000000000000e+00|+1.5269543428690e+00
+0000000000000000009|+0000000000000000001|+0000000000000000001|+1.0600000000000e+00|-1.7444200723670e+00|+0.0000000000000e+00|+1.5500263506405e+00
+0000000000000000009|+0000000000000000001|+0000000000000000001|+1.0500000000000e+00|-1.7600373797601e+00|+0.0000000000000e+00|+1.5735029075367e+00
+0000000000000000009|+0000000000000000001|+0000000000000000001|+1.0400000000000e+00|-1.7758914928686e+00|+0.0000000000000e+00|+1.5973881589219e+00
+0000000000000000009|+0000000000000000001|+0000000000000000001|+1.0300000000000e+00|-1.7919865180339e+00|+0.0000000000000e+00|+1.6216859267612e+00
+0000000000000000009|+0000000000000000001|+0000000000000000001|+1.0200000000000e+00|-1.8083265980257e+00|+0.0000000000000e+00|+1.6463996674545e+00
+0000000000000000009|+0000000000000000001|+0000000000000000001|+1.0100000000000e+00|-1.8249159081603e+00|+0.0000000000000e+00|+1.6715324259736e+00
+0000000000000000009|+0000000000000000001|+0000000000000000001|+1.0000000000000e+00|-1.8417586519408e+00|+0.0000000000000e+00|+1.6970867860196e+00
+0000000000000000009|+0000000000000000001|+0000000000000000001|+9.9000000000004e-01|-1.8588590561772e+00|+0.0000000000000e+00|+1.7230648159018e+00
+0000000000000000009|+0000000000000000001|+0000000000000000001|+9.8000000000004e-01|-1.8762213655431e+00|+0.0000000000000e+00|+1.7494680098156e+00
+0000000000000000009|+0000000000000000001|+0000000000000000001|+9.7000000000004e-01|-1.8938498365201e+00|+0.0000000000000e+00|+1.7762972241804e+00
+0000000000000000009|+0000000000000000001|+0000000000000000001|+9.6000000000004e-01|-1.9117487306805e+00|+0.0000000000000e+00|+1.8035526086783e+00
+0000000000000000009|+0000000000000000001|+0000000000000000001|+9.5000000000004e-01|-1.9299223072509e+00|+0.0000000000000e+00|+1.8312335316112e+00
+0000000000000000009|+0000000000000000001|+0000000000000000001|+9.4000000000004e-01|-1.9483748149002e+00|+0.0000000000000e+00|+1.8593384991744e+00
+0000000000000000009|+0000000000000000001|+0000000000000000001|+9.3000000000004e-01|-1.9671104826885e+00|+0.0000000000000e+00|+1.8878650682243e+00
+0000000000000000009|+0000000000000000001|+0000000000000000001|+9.2000000000004e-01|-1.9861335101079e+00|+0.0000000000000e+00|+1.9168097520943e+00
+0000000000000000009|+0000000000000000001|+0000000000000000001|+9.1000000000004e-01|-2.0054480561464e+00|+0.0000000000000e+00|+1.9461679189959e+00
+0000000000000000009|+0000000000000000001|+0000000000000000001|+9.0000000000004e-01|-2.0250582272956e+00|+0.0000000000000e+00|+1.9759336825167e+00
+0000000000000000009|+0000000000000000001|+0000000000000000001|+8.9000000000004e-01|-2.0449680644222e+00|+0.0000000000000e+00|+2.0060997837150e+00
+0000000000000000009|+0000000000000000001|+0000000000000000001|+8.8000000000004e-01|-2.0651815284161e+00|+0.0000000000000e+00|+2.0366574642868e+00
+0000000000000000009|+0000000000000000001|+0000000000000000001|+8.7000000000004e-01|-2.0857024845238e+00|+0.0000000000000e+00|+2.0675963302728e+00
+0000000000000000009|+0000000000000000001|+0000000000000000001|+8.6000000000004e-01|-2.1065346852685e+00|+0.0000000000000e+00|+2.0989042057548e+00
+0000000000000000009|+0000000000000000001|+0000000000000000001|+8.5000000000004e-01|-2.1276817518553e+00|+0.0000000000000e+00|+2.1305669759898e+00
+0000000000000000009|+0000000000000000001|+0000000000000000001|+8.4000000000004e-01|-2.1491471539528e+00|+0.0000000000000e+00|+2.1625684194208e+00
+0000000000000000009|+0000000000000000001|+0000000000000000001|+8.3000000000004e-01|-2.1709341877362e+00|+0.0000000000000e+00|+2.1948900280128e+00
+0000000000000000009|+0000000000000000001|+0000000000000000001|+8.2000000000004e-01|-2.1930459520736e+00|+0.0000000000000e+00|+2.2275108153684e+00
+0000000000000000009|+0000000000000000001|+0000000000000000001|+8.1000000000004e-01|-2.2154853227303e+00|+0.0000000000000e+00|+2.2604071121012e+00
+0000000000000000009|+0000000000000000001|+0000000000000000001|+8.0000000000004e-01|-2.2382549244606e+00|+0.0000000000000e+00|+2.2935523479727e+00
+0000000000000000009|+0000000000000000001|+0000000000000000001|+7.9000000000004e-01|-2.2613571008532e+00|+0.0000000000000e+00|+2.3269168203491e+00
+0000000000000000009|+0000000000000000001|+0000000000000000001|+7.8000000000004e-01|-2.2847938817911e+00|+0.0000000000000e+00|+2.3604674485857e+00
+0000000000000000009|+0000000000000000001|+0000000000000000001|+7.7000000000004e-01|-2.3085669483835e+00|+0.0000000000000e+00|+2.3941675140336e+00
+0000000000000000009|+0000000000000000001|+0000000000000000001|+7.6000000000004e-01|-2.3326775952251e+00|+0.0000000000000e+00|+2.4279763854616e+00
+0000000000000000009|+0000000000000000001|+0000000000000000001|+7.5000000000004e-01|-2.3571266898362e+00|+0.0000000000000e+00|+2.4618492298104e+00
+0000000000000000009|+0000000000000000001|+0000000000000000001|+7.4000000000004e-01|-2.3819146291377e+00|+0.0000000000000e+00|+2.4957367083568e+00
+0000000000000000009|+0000000000000000001|+0000000000000000001|+7.3000000000004e-01|-2.4070412928149e+00|+0.0000000000000e+00|+2.5295846585540e+00
+0000000000000000009|+0000000000000000001|+0000000000000000001|+7.2000000000004e-01|-2.4325059934308e+00|+0.0000000000000e+00|+2.5633337620481e+00
+0000000000000000009|+0000000000000000001|+0000000000000000001|+7.1000000000004e-01|-2.4583074231536e+00|+0.0000000000000e+00|+2.5969191996459e+00
+0000000000000000009|+0000000000000000001|+0000000000000000001|+7.0000000000004e-01|-2.4844435969723e+00|+0.0000000000000e+00|+2.6302702943421e+00
+0000000000000000009|+0000000000000000001|+0000000000000000001|+6.9000000000004e-01|-2.5109117922900e+00|+0.0000000000000e+00|+2.6633101439013e+00
+0000000000000000009|+0000000000000000001|+0000000000000000001|+6.8000000000004e-01|-2.5377084847979e+00|+0.0000000000000e+00|+2.6959552449521e+00
+0000000000000000009|+0000000000000000001|+0000000000000000001|+6.7000000000004e-01|-2.5648292805580e+00|+0.0000000000000e+00|+2.7281151110811e+00
+0000000000000000009|+0000000000000000001|+0000000000000000001|+6.6000000000004e-01|-2.5922688442503e+00|+0.0000000000000e+00|+2.7596918880381e+00
+0000000000000000009|+0000000000000000001|+0000000000000000001|+6.5000000000004e-01|-2.6200208235719e+00|+0.0000000000000e+00|+2.7905799698758e+00
+0000000000000000009|+0000000000000000001|+0000000000000000001|+6.4000000000004e-01|-2.6480777698220e+00|+0.0000000000000e+00|+2.8206656206682e+00
+0000000000000000009|+0000000000000000001|+0000000000000000001|+6.3000000000004e-01|-2.6764310547549e+00|+0.0000000000000e+00|+2.8498266073870e+00
+0000000000000000009|+0000000000000000001|+0000000000000000001|+6.2000000000004e-01|-2.7050707838440e+00|+0.0000000000000e+00|+2.8779318505666e+00
+0000000000000000009|+0000000000000000001|+0000000000000000001|+6.1000000000004e-01|-2.7339857061740e+00|+0.0000000000000e+00|+2.9048411005869e+00
+0000000000000000009|+0000000000000000001|+0000000000000000001|+6.0000000000004e-01|-2.7631631212616e+00|+0.0000000000000e+00|+2.9304046487193e+00
+0000000000000000009|+0000000000000000001|+0000000000000000001|+5.9000000000004e-01|-2.7925887832037e+00|+0.0000000000000e+00|+2.9544630835614e+00
+0000000000000000009|+0000000000000000001|+0000000000000000001|+5.8000000000004e-01|-2.8222468026677e+00|+0.0000000000000e+00|+2.9768471050936e+00
+0000000000000000009|+0000000000000000001|+0000000000000000001|+5.7000000000004e-01|-2.8521195473672e+00|+0.0000000000000e+00|+2.9973774103492e+00
+0000000000000000009|+0000000000000000001|+0000000000000000001|+5.6000000000004e-01|-2.8821875418186e+00|+0.0000000000000e+00|+3.0158646665677e+00
+0000000000000000009|+0000000000000000001|+0000000000000000001|+5.5000000000004e-01|-2.9124293673399e+00|+0.0000000000000e+00|+3.0321095897000e+00
+0000000000000000009|+0000000000000000001|+0000000000000000001|+5.4000000000004e-01|-2.9428215634435e+00|+0.0000000000000e+00|+3.0459031482005e+00
+0000000000000000009|+0000000000000000001|+0000000000000000001|+5.3000000000004e-01|-2.9733385319840e+00|+0.0000000000000e+00|+3.0570269141596e+00
+0000000000000000009|+0000000000000000001|+0000000000000000001|+5.2000000000004e-01|-3.0039524456548e+00|+0.0000000000000e+00|+3.0652535859007e+00
+0000000000000000009|+0000000000000000001|+0000000000000000001|+5.1000000000004e-01|-3.0346331626747e+00|+0.0000000000000e+00|+3.0703477081634e+00
+0000000000000000009|+0000000000000000001|+0000000000000000001|+5.0000000000004e-01|-3.0653481497805e+00|+0.0000000000000e+00|+3.0720666177504e+00
+0000000000000000009|+0000000000000000001|+0000000000000000001|+4.9000000000004e-01|-3.0960624159250e+00|+0.0000000000000e+00|+3.0701616439471e+00
+0000000000000000009|+0000000000000000001|+0000000000000000001|+4.8000000000004e-01|-3.1267384593790e+00|+0.0000000000000e+00|+3.0643795939565e+00
+0000000000000000009|+0000000000000000001|+0000000000000000001|+4.7000000000004e-01|-3.1573362312391e+00|+0.0000000000000e+00|+3.0544645538025e+00
+0000000000000000009|+0000000000000000001|+0000000000000000001|+4.6000000000004e-01|-3.1878131186471e+00|+0.0000000000000e+00|+3.0401600344670e+00
+0000000000000000009|+0000000000000000001|+0000000000000000001|+4.5000000000004e-01|-3.2181239513139e+00|+0.0000000000000e+00|+3.0212114911259e+00
+0000000000000000009|+0000000000000000001|+0000000000000000001|+4.4000000000004e-01|-3.2482210352055e+00|+0.0000000000000e+00|+2.9973692400037e+00
+0000000000000000009|+0000000000000000001|+0000000000000000001|+4.3000000000004e-01|-3.2780542174688e+00|+0.0000000000000e+00|+2.9683917922157e+00
+0000000000000000009|+0000000000000000001|+0000000000000000001|+4.2000000000004e-01|-3.3075709868352e+00|+0.0000000000000e+00|+2.9340496167815e+00
+0000000000000000009|+0000000000000000001|+0000000000000000001|+4.1000000000004e-01|-3.3367166138156e+00|+0.0000000000000e+00|+2.8941293354318e+00
+0000000000000000009|+0000000000000000001|+0000000000000000001|+4.0000000000004e-01|-3.3654343349692e+00|+0.0000000000000e+00|+2.8484383397682e+00
+0000000000000000009|+0000000000000000001|+0000000000000000001|+3.9000000000004e-01|-3.3936655853612e+00|+0.0000000000000e+00|+2.7968098065694e+00
+0000000000000000009|+0000000000000000001|+0000000000000000001|+3.8000000000004e-01|-3.4213502830000e+00|+0.0000000000000e+00|+2.7391080698262e+00
+0000000000000000009|+0000000000000000001|+0000000000000000001|+3.7000000000004e-01|-3.4484271685322e+00|+0.0000000000000e+00|+2.6752342885280e+00
+0000000000000000009|+0000000000000000001|+0000000000000000001|+3.6000000000004e-01|-3.4748342027628e+00|+0.0000000000000e+00|+2.6051323282520e+00
+0000000000000000009|+0000000000000000001|+0000000000000000001|+3.5000000000004e-01|-3.5005090236370e+00|+0.0000000000000e+00|+2.5287947530783e+00
+0000000000000000009|+0000000000000000001|+0000000000000000001|+3.4000000000004e-01|-3.5253894631850e+00|+0.0000000000000e+00|+2.4462688040060e+00
+0000000000000000009|+0000000000000000001|+0000000000000000001|+3.3000000000004e-01|-3.5494141236024e+00|+0.0000000000000e+00|+2.3576622229548e+00
+0000000000000000009|+0000000000000000001|+0000000000000000001|+3.2000000000004e-01|-3.5725230101669e+00|+0.0000000000000e+00|+2.2631487703211e+00
+0000000000000000009|+0000000000000000001|+0000000000000000001|+3.1000000000004e-01|-3.5946582171548e+00|+0.0000000000000e+00|+2.1629732819895e+00
+0000000000000000009|+0000000000000000001|+0000000000000000001|+3.0000000000004e-01|-3.6157646614179e+00|+0.0000000000000e+00|+2.0574561221899e+00
+0000000000000000009|+0000000000000000001|+0000000000000000001|+2.9000000000004e-01|-3.6357908569622e+00|+0.0000000000000e+00|+1.9469969145373e+00
+0000000000000000009|+0000000000000000001|+0000000000000000001|+2.8000000000004e-01|-3.6546897228979e+00|+0.0000000000000e+00|+1.8320774774315e+00
+0000000000000000009|+0000000000000000001|+0000000000000000001|+2.7000000000004e-01|-3.6724194166840e+00|+0.0000000000000e+00|+1.7132639515775e+00
+0000000000000000009|+0000000000000000001|+0000000000000000001|+2.6000000000004e-01|-3.6889441848402e+00|+0.0000000000000e+00|+1.5912081834992e+00
+0000000000000000009|+0000000000000000001|+0000000000000000001|+2.5000000000004e-01|-3.7042352243470e+00|+0.0000000000000e+00|+1.4666485102232e+00
+0000000000000000009|+0000000000000000001|+0000000000000000001|+2.4000000000004e-01|-3.7182715497716e+00|+0.0000000000000e+00|+1.3404101597721e+00
+0000000000000000009|+0000000000000000001|+0000000000000000001|+2.3000000000004e-01|-3.7310408634993e+00|+0.0000000000000e+00|+1.2134055113455e+00
+0000000000000000009|+0000000000000000001|+0000000000000000001|+2.2000000000004e-01|-3.7425404287136e+00|+0.0000000000000e+00|+1.0866344057584e+00
+0000000000000000009|+0000000000000000001|+0000000000000000001|+2.1000000000004e-01|-3.7527779458479e+00|+0.0000000000000e+00|+9.6118450235646e-01
+0000000000000000009|+0000000000000000001|+0000000000000000001|+2.0000000000004e-01|-3.7617724313543e+00|+0.0000000000000e+00|+8.3823126742911e-01
+0000000000000000009|+0000000000000000001|+0000000000000000001|+1.9000000000004e-01|-3.7695550901965e+00|+0.0000000000000e+00|+7.1903646261676e-01
+0000000000000000009|+0000000000000000001|+0000000000000000001|+1.8000000000004e-01|-3.7761701569597e+00|+0.0000000000000e+00|+6.0494288965104e-01
+0000000000000000009|+0000000000000000001|+0000000000000000001|+1.7000000000004e-01|-3.7816756505762e+00|+0.0000000000000e+00|+4.9736157773521e-01
+0000000000000000009|+0000000000000000001|+0000000000000000001|+1.6000000000004e-01|-3.7861439398204e+00|+0.0000000000000e+00|+3.9774559623118e-01
+0000000000000000009|+0000000000000000001|+0000000000000000001|+1.5000000000004e-01|-3.7896619474916e+00|+0.0000000000000e+00|+3.0754246530311e-01
+0000000000000000009|+0000000000000000001|+0000000000000000001|+1.4000000000004e-01|-3.7923307312601e+00|+0.0000000000000e+00|+2.2811536234230e-01
+0000000000000000009|+0000000000000000001|+0000000000000000001|+1.3000000000004e-01|-3.7942640790369e+00|+0.0000000000000e+00|+1.6062338380284e-01
+0000000000000000009|+0000000000000000001|+0000000000000000001|+1.2000000000004e-01|-3.7955856767239e+00|+0.0000000000000e+00|+1.0585564512998e-01
+0000000000000000009|+0000000000000000001|+0000000000000000001|+1.1000000000004e-01|-3.7964244104599e+00|+0.0000000000000e+00|+6.4027140959997e-02
+0000000000000000009|+0000000000000000001|+0000000000000000001|+1.0000000000004e-01|-3.7969075648596e+00|+0.0000000000000e+00|+3.4570894552005e-02
+0000000000000000009|+0000000000000000001|+0000000000000000001|+9.0000000000041e-02|-3.7971522204538e+00|+0.0000000000000e+00|+1.6002222792711e-02
+0000000000000000009|+0000000000000000001|+0000000000000000001|+8.0000000000041e-02|-3.7972561352066e+00|+0.0000000000000e+00|+5.9731782572841e-03
+0000000000000000009|+0000000000000000001|+0000000000000000001|+7.0000000000041e-02|-3.7972906283211e+00|+0.0000000000000e+00|+1.6322017105667e-03
+0000000000000000009|+0000000000000000001|+0000000000000000001|+6.0000000000041e-02|-3.7972986368226e+00|+0.0000000000000e+00|+2.7764941358340e-04
+0000000000000000009|+0000000000000000001|+0000000000000000001|+5.0000000000041e-02|-3.7972997208504e+00|+0.0000000000000e+00|+2.1930340210438e-05
+0000000000000000009|+0000000000000000001|+0000000000000000001|+4.0000000000041e-02|-3.7972997831135e+00|+0.0000000000000e+00|+4.4603210014224e-07
+0000000000000000009|+0000000000000000001|+0000000000000000001|+3.0000000000041e-02|-3.7972997839364e+00|+0.0000000000000e+00|+5.9211894646513e-10
+0000000000000000009|+0000000000000000001|+0000000000000000001|+2.0000000000041e-02|-3.7972997839370e+00|+0.0000000000000e+00|+4.4408920984824e-12
+0000000000000000009|+0000000000000000001|+0000000000000000001|+1.0000000000041e-02|-3.7972997839370e+00|+0.0000000000000e+00|+0.0000000000000e+00
