#
# QHS - DATA
#
# ----------------------------------------
#
# Size                 = +0000000000000000016
# Model                = Periodic-1D
# Algorithm            = SSE
# Start-Temperature    = +0.0000000000000e+00
# End-Temperature      = +4.0000000000000e+00
# Temperature-Step     = +1.0000000000000e-02
#
# Size              | Model-Index        | Algorithm-Index    | Temperature        | AverageEnergy      | StdDvOfEnergy      | AverageCHeat      
# ------------------------------------------------------------------------------------------------------
+0000000000000000016|+0000000000000000001|+0000000000000000000|+4.0000000000000e+00|-7.6987999999996e-01|+4.7282724584825e-02|+2.0467529910002e-01
+0000000000000000016|+0000000000000000001|+0000000000000000000|+3.9900000000000e+00|-8.0984525000002e-01|+4.7443707556365e-02|+2.0826002437499e-01
+0000000000000000016|+0000000000000000001|+0000000000000000000|+3.9800000000000e+00|-8.0465600000001e-01|+4.7286341609144e-02|+2.0423816000000e-01
+0000000000000000016|+0000000000000000001|+0000000000000000000|+3.9700000000000e+00|-8.0818610000000e-01|+4.7197864938175e-02|+2.0212412310001e-01
+0000000000000000016|+0000000000000000001|+0000000000000000000|+3.9600000000000e+00|-8.1294439999998e-01|+4.7536847638850e-02|+2.2548714790003e-01
+0000000000000000016|+0000000000000000001|+0000000000000000000|+3.9500000000000e+00|-8.0612300000000e-01|+4.7185663602116e-02|+2.1012377240000e-01
+0000000000000000016|+0000000000000000001|+0000000000000000000|+3.9400000000000e+00|-8.1030659999999e-01|+4.6934637280129e-02|+1.9800760790000e-01
+0000000000000000016|+0000000000000000001|+0000000000000000000|+3.9300000000000e+00|-7.8473570000001e-01|+4.7049034002566e-02|+2.1559809989998e-01
+0000000000000000016|+0000000000000000001|+0000000000000000000|+3.9200000000000e+00|-8.2489279999999e-01|+4.7264184202858e-02|+2.2277289440000e-01
+0000000000000000016|+0000000000000000001|+0000000000000000000|+3.9100000000000e+00|-8.5148890000000e-01|+4.7194135110801e-02|+2.1594017590000e-01
+0000000000000000016|+0000000000000000001|+0000000000000000000|+3.9000000000000e+00|-8.3927600000001e-01|+4.7317517203736e-02|+2.3103609440000e-01
+0000000000000000016|+0000000000000000001|+0000000000000000000|+3.8900000000000e+00|-8.2323045000000e-01|+4.7007984246589e-02|+2.2025559097500e-01
+0000000000000000016|+0000000000000000001|+0000000000000000000|+3.8800000000000e+00|-7.6258360000000e-01|+4.6452379156013e-02|+2.0573739909999e-01
+0000000000000000016|+0000000000000000001|+0000000000000000000|+3.8700000000000e+00|-8.4373070000001e-01|+4.7291522514061e-02|+2.4153240789999e-01
+0000000000000000016|+0000000000000000001|+0000000000000000000|+3.8600000000000e+00|-7.9956259999999e-01|+4.6550655948386e-02|+2.1082157190000e-01
+0000000000000000016|+0000000000000000001|+0000000000000000000|+3.8500000000000e+00|-8.3552300000000e-01|+4.7023355593197e-02|+2.3565423959999e-01
+0000000000000000016|+0000000000000000001|+0000000000000000000|+3.8400000000000e+00|-8.1309440000001e-01|+4.6577799153741e-02|+2.1772337190000e-01
+0000000000000000016|+0000000000000000001|+0000000000000000000|+3.8300000000000e+00|-8.2694900000000e-01|+4.6818728061211e-02|+2.3386391000001e-01
+0000000000000000016|+0000000000000000001|+0000000000000000000|+3.8200000000000e+00|-8.2477460000000e-01|+4.6455552466363e-02|+2.1575521910000e-01
+0000000000000000016|+0000000000000000001|+0000000000000000000|+3.8100000000000e+00|-8.1755449999999e-01|+4.6384843645581e-02|+2.1758619750001e-01
+0000000000000000016|+0000000000000000001|+0000000000000000000|+3.8000000000000e+00|-8.1855200000002e-01|+4.6606112853414e-02|+2.3605455839999e-01
+0000000000000000016|+0000000000000000001|+0000000000000000000|+3.7900000000000e+00|-8.2857370000001e-01|+4.6735319976225e-02|+2.4640755910001e-01
+0000000000000000016|+0000000000000000001|+0000000000000000000|+3.7800000000000e+00|-8.5862300000002e-01|+4.6526209151412e-02|+2.2949537749999e-01
+0000000000000000016|+0000000000000000001|+0000000000000000000|+3.7700000000000e+00|-8.6149040000001e-01|+4.6447715206408e-02|+2.2823816960000e-01
+0000000000000000016|+0000000000000000001|+0000000000000000000|+3.7600000000000e+00|-8.0467840000000e-01|+4.6078261016136e-02|+2.2382493440001e-01
+0000000000000000016|+0000000000000000001|+0000000000000000000|+3.7500000000000e+00|-8.4777500000002e-01|+4.6401555096452e-02|+2.3820329240001e-01
+0000000000000000016|+0000000000000000001|+0000000000000000000|+3.7400000000000e+00|-8.4640420000000e-01|+4.6281011408827e-02|+2.3532461110003e-01
+0000000000000000016|+0000000000000000001|+0000000000000000000|+3.7300000000000e+00|-8.7160380000000e-01|+4.6276978277049e-02|+2.3304727640001e-01
+0000000000000000016|+0000000000000000001|+0000000000000000000|+3.7200000000000e+00|-8.6047760000001e-01|+4.6447661423531e-02|+2.5224870359999e-01
+0000000000000000016|+0000000000000000001|+0000000000000000000|+3.7100000000000e+00|-8.5164120000000e-01|+4.6115806053923e-02|+2.3720840160001e-01
+0000000000000000016|+0000000000000000001|+0000000000000000000|+3.7000000000000e+00|-8.7944900000001e-01|+4.6192415065256e-02|+2.3968568709999e-01
+0000000000000000016|+0000000000000000001|+0000000000000000000|+3.6900000000000e+00|-8.3570810000001e-01|+4.5951702570812e-02|+2.4013595989999e-01
+0000000000000000016|+0000000000000000001|+0000000000000000000|+3.6800000000000e+00|-8.5005600000001e-01|+4.6077870262190e-02|+2.4968779750000e-01
+0000000000000000016|+0000000000000000001|+0000000000000000000|+3.6700000000000e+00|-8.8091650000001e-01|+4.6165934003863e-02|+2.5227299750000e-01
+0000000000000000016|+0000000000000000001|+0000000000000000000|+3.6600000000000e+00|-8.6582360000001e-01|+4.5947123208983e-02|+2.4637610840000e-01
+0000000000000000016|+0000000000000000001|+0000000000000000000|+3.6500000000000e+00|-8.9603700000001e-01|+4.6148466524462e-02|+2.5701969560000e-01
+0000000000000000016|+0000000000000000001|+0000000000000000000|+3.6400000000000e+00|-8.9954920000002e-01|+4.6163955874255e-02|+2.6224323910000e-01
+0000000000000000016|+0000000000000000001|+0000000000000000000|+3.6300000000000e+00|-8.8536290000001e-01|+4.5988993026357e-02|+2.5908161110000e-01
+0000000000000000016|+0000000000000000001|+0000000000000000000|+3.6200000000000e+00|-8.8182340000003e-01|+4.5879977484243e-02|+2.5757895509998e-01
+0000000000000000016|+0000000000000000001|+0000000000000000000|+3.6100000000000e+00|-8.6436670000001e-01|+4.5577504525643e-02|+2.4636459909999e-01
+0000000000000000016|+0000000000000000001|+0000000000000000000|+3.6000000000000e+00|-8.8941200000002e-01|+4.5740485443712e-02|+2.5601425109998e-01
+0000000000000000016|+0000000000000000001|+0000000000000000000|+3.5900000000000e+00|-8.9816009999999e-01|+4.5712868100873e-02|+2.5683992790003e-01
+0000000000000000016|+0000000000000000001|+0000000000000000000|+3.5800000000000e+00|-9.1655720000001e-01|+4.5869586113305e-02|+2.6815724440001e-01
+0000000000000000016|+0000000000000000001|+0000000000000000000|+3.5700000000000e+00|-8.8615190000001e-01|+4.5539196909455e-02|+2.5834243109999e-01
+0000000000000000016|+0000000000000000001|+0000000000000000000|+3.5600000000000e+00|-8.8535240000002e-01|+4.5554284945207e-02|+2.6496015590000e-01
+0000000000000000016|+0000000000000000001|+0000000000000000000|+3.5500000000000e+00|-9.3382550000001e-01|+4.5701392022325e-02|+2.6732816390000e-01
+0000000000000000016|+0000000000000000001|+0000000000000000000|+3.5400000000000e+00|-9.2392760000000e-01|+4.5593658089274e-02|+2.6772591640001e-01
+0000000000000000016|+0000000000000000001|+0000000000000000000|+3.5300000000000e+00|-8.9408024999999e-01|+4.5353093097510e-02|+2.6409571937503e-01
+0000000000000000016|+0000000000000000001|+0000000000000000000|+3.5200000000000e+00|-9.3391360000003e-01|+4.5422455533801e-02|+2.6331317759997e-01
+0000000000000000016|+0000000000000000001|+0000000000000000000|+3.5100000000000e+00|-9.2165180000001e-01|+4.5310523103426e-02|+2.6407124760000e-01
+0000000000000000016|+0000000000000000001|+0000000000000000000|+3.5000000000000e+00|-9.0567000000001e-01|+4.5159601681951e-02|+2.6302137560001e-01
+0000000000000000016|+0000000000000000001|+0000000000000000000|+3.4900000000000e+00|-8.8722150000001e-01|+4.5014726235440e-02|+2.6311987750000e-01
+0000000000000000016|+0000000000000000001|+0000000000000000000|+3.4800000000000e+00|-9.0864440000002e-01|+4.5132572237161e-02|+2.7128511910000e-01
+0000000000000000016|+0000000000000000001|+0000000000000000000|+3.4700000000000e+00|-9.2153570000000e-01|+4.5143566374635e-02|+2.7403674390002e-01
+0000000000000000016|+0000000000000000001|+0000000000000000000|+3.4600000000000e+00|-8.8963740000001e-01|+4.5023539678313e-02|+2.7991402390000e-01
+0000000000000000016|+0000000000000000001|+0000000000000000000|+3.4500000000000e+00|-8.9886200000001e-01|+4.4795592193916e-02|+2.6577359840000e-01
+0000000000000000016|+0000000000000000001|+0000000000000000000|+3.4400000000000e+00|-9.0829519999999e-01|+4.4968800996603e-02|+2.8185615110004e-01
+0000000000000000016|+0000000000000000001|+0000000000000000000|+3.4300000000000e+00|-9.2088380000003e-01|+4.4925697416051e-02|+2.8071068439998e-01
+0000000000000000016|+0000000000000000001|+0000000000000000000|+3.4200000000000e+00|-9.2353460000003e-01|+4.5074369587823e-02|+2.9722546309998e-01
+0000000000000000016|+0000000000000000001|+0000000000000000000|+3.4100000000000e+00|-9.3890760000002e-01|+4.4955740077579e-02|+2.8951331039999e-01
+0000000000000000016|+0000000000000000001|+0000000000000000000|+3.4000000000000e+00|-9.8266600000002e-01|+4.4863295295496e-02|+2.7543905989998e-01
+0000000000000000016|+0000000000000000001|+0000000000000000000|+3.3900000000000e+00|-9.3346700000002e-01|+4.4663626224724e-02|+2.8036191000001e-01
+0000000000000000016|+0000000000000000001|+0000000000000000000|+3.3800000000000e+00|-9.2716120000002e-01|+4.4500205457391e-02|+2.7545409240001e-01
+0000000000000000016|+0000000000000000001|+0000000000000000000|+3.3700000000000e+00|-9.4314970000001e-01|+4.4735968018167e-02|+2.9520842390001e-01
+0000000000000000016|+0000000000000000001|+0000000000000000000|+3.3600000000000e+00|-9.6211520000004e-01|+4.4504695161096e-02|+2.7742268759999e-01
+0000000000000000016|+0000000000000000001|+0000000000000000000|+3.3500000000000e+00|-9.3605749999998e-01|+4.4594682381861e-02|+2.9842509750005e-01
+0000000000000000016|+0000000000000000001|+0000000000000000000|+3.3400000000000e+00|-9.5525740000001e-01|+4.4836331839702e-02|+3.1826136790001e-01
+0000000000000000016|+0000000000000000001|+0000000000000000000|+3.3300000000000e+00|-9.8787380000003e-01|+4.4771551995817e-02|+3.0961542039999e-01
+0000000000000000016|+0000000000000000001|+0000000000000000000|+3.3200000000000e+00|-9.2691320000001e-01|+4.4380875554434e-02|+3.0277431990003e-01
+0000000000000000016|+0000000000000000001|+0000000000000000000|+3.3100000000000e+00|-9.8323810000003e-01|+4.4554995517151e-02|+3.0621963989997e-01
+0000000000000000016|+0000000000000000001|+0000000000000000000|+3.3000000000000e+00|-9.6052700000001e-01|+4.4607072279145e-02|+3.2379982390001e-01
+0000000000000000016|+0000000000000000001|+0000000000000000000|+3.2900000000000e+00|-1.0001091000000e+00|+4.4401966019179e-02|+3.0145835589997e-01
+0000000000000000016|+0000000000000000001|+0000000000000000000|+3.2800000000000e+00|-9.6844560000004e-01|+4.4330076836786e-02|+3.1167184710001e-01
+0000000000000000016|+0000000000000000001|+0000000000000000000|+3.2700000000000e+00|-9.5810480000003e-01|+4.4173557825274e-02|+3.0843626239998e-01
+0000000000000000016|+0000000000000000001|+0000000000000000000|+3.2600000000000e+00|-9.8719690000002e-01|+4.4282820306305e-02|+3.1516606577500e-01
+0000000000000000016|+0000000000000000001|+0000000000000000000|+3.2500000000000e+00|-9.6749500000005e-01|+4.4195159958007e-02|+3.2055002839997e-01
+0000000000000000016|+0000000000000000001|+0000000000000000000|+3.2400000000000e+00|-1.0261148000000e+00|+4.4357940867605e-02|+3.2290138709999e-01
+0000000000000000016|+0000000000000000001|+0000000000000000000|+3.2300000000000e+00|-9.9490430000003e-01|+4.4132401416302e-02|+3.2025611189999e-01
+0000000000000000016|+0000000000000000001|+0000000000000000000|+3.2200000000000e+00|-1.0088388000000e+00|+4.4187547710851e-02|+3.2743530840001e-01
+0000000000000000016|+0000000000000000001|+0000000000000000000|+3.2100000000000e+00|-1.0249340000000e+00|+4.4355577142979e-02|+3.4376283999998e-01
+0000000000000000016|+0000000000000000001|+0000000000000000000|+3.2000000000000e+00|-9.5936000000002e-01|+4.3735077394918e-02|+3.1793996000001e-01
+0000000000000000016|+0000000000000000001|+0000000000000000000|+3.1900000000000e+00|-1.0236120000000e+00|+4.3820820692660e-02|+3.1204495999999e-01
+0000000000000000016|+0000000000000000001|+0000000000000000000|+3.1800000000000e+00|-9.8929280000002e-01|+4.3796511178700e-02|+3.2766451840001e-01
+0000000000000000016|+0000000000000000001|+0000000000000000000|+3.1700000000000e+00|-9.6735830000003e-01|+4.3695001452767e-02|+3.3278233990002e-01
+0000000000000000016|+0000000000000000001|+0000000000000000000|+3.1600000000000e+00|-9.9880400000003e-01|+4.3720559274657e-02|+3.3215239000000e-01
+0000000000000000016|+0000000000000000001|+0000000000000000000|+3.1500000000000e+00|-1.0122170000000e+00|+4.3766404859327e-02|+3.3908620759997e-01
+0000000000000000016|+0000000000000000001|+0000000000000000000|+3.1400000000000e+00|-1.0045948000000e+00|+4.3679999494241e-02|+3.4109780760002e-01
+0000000000000000016|+0000000000000000001|+0000000000000000000|+3.1300000000000e+00|-1.0344485000000e+00|+4.3711361947452e-02|+3.4164859749998e-01
+0000000000000000016|+0000000000000000001|+0000000000000000000|+3.1200000000000e+00|-1.0142768000000e+00|+4.3488987232393e-02|+3.3556102039998e-01
+0000000000000000016|+0000000000000000001|+0000000000000000000|+3.1100000000000e+00|-1.0684914000000e+00|+4.3681329016676e-02|+3.4280753240003e-01
+0000000000000000016|+0000000000000000001|+0000000000000000000|+3.1000000000000e+00|-1.0433900000000e+00|+4.3696312516765e-02|+3.5975638999999e-01
+0000000000000000016|+0000000000000000001|+0000000000000000000|+3.0900000000000e+00|-1.0087973000000e+00|+4.3230877931543e-02|+3.3619625909999e-01
+0000000000000000016|+0000000000000000001|+0000000000000000000|+3.0800000000000e+00|-1.0547420000000e+00|+4.3446515995173e-02|+3.4844667749999e-01
+0000000000000000016|+0000000000000000001|+0000000000000000000|+3.0700000000000e+00|-1.0482466000000e+00|+4.3316748082299e-02|+3.4625441560001e-01
+0000000000000000016|+0000000000000000001|+0000000000000000000|+3.0600000000000e+00|-1.0244282000000e+00|+4.3139307276401e-02|+3.4531451909999e-01
+0000000000000000016|+0000000000000000001|+0000000000000000000|+3.0500000000000e+00|-1.0462860000000e+00|+4.3218019509708e-02|+3.5312356960002e-01
+0000000000000000016|+0000000000000000001|+0000000000000000000|+3.0400000000000e+00|-1.0607184000001e+00|+4.3237659422191e-02|+3.5800061589996e-01
+0000000000000000016|+0000000000000000001|+0000000000000000000|+3.0300000000000e+00|-1.0553732000000e+00|+4.3205837632347e-02|+3.6464796639998e-01
+0000000000000000016|+0000000000000000001|+0000000000000000000|+3.0200000000000e+00|-1.0621642666667e+00|+4.3201556517988e-02|+3.6995552782223e-01
+0000000000000000016|+0000000000000000001|+0000000000000000000|+3.0100000000000e+00|-1.0627598000000e+00|+4.2912366999206e-02|+3.5032327959999e-01
+0000000000000000016|+0000000000000000001|+0000000000000000000|+3.0000000000000e+00|-1.0767950000000e+00|+4.3119203139268e-02|+3.7337916977502e-01
+0000000000000000016|+0000000000000000001|+0000000000000000000|+2.9900000000000e+00|-1.0854119333334e+00|+4.3163751725772e-02|+3.8297668262226e-01
+0000000000000000016|+0000000000000000001|+0000000000000000000|+2.9800000000000e+00|-1.0569706000000e+00|+4.2907344885207e-02|+3.7597281909996e-01
+0000000000000000016|+0000000000000000001|+0000000000000000000|+2.9700000000000e+00|-1.0676961500000e+00|+4.2918618987138e-02|+3.8172737297499e-01
+0000000000000000016|+0000000000000000001|+0000000000000000000|+2.9600000000000e+00|-1.1061776000000e+00|+4.3073642492754e-02|+3.9230799639999e-01
+0000000000000000016|+0000000000000000001|+0000000000000000000|+2.9500000000000e+00|-1.1118190000000e+00|+4.2982493536311e-02|+3.8991484760004e-01
+0000000000000000016|+0000000000000000001|+0000000000000000000|+2.9400000000000e+00|-1.0982099000001e+00|+4.2821444213883e-02|+3.8712921277497e-01
+0000000000000000016|+0000000000000000001|+0000000000000000000|+2.9300000000000e+00|-1.0616043000000e+00|+4.2787756762129e-02|+4.0484919990004e-01
+0000000000000000016|+0000000000000000001|+0000000000000000000|+2.9200000000000e+00|-1.0880416000001e+00|+4.2713296719389e-02|+3.9704344959996e-01
+0000000000000000016|+0000000000000000001|+0000000000000000000|+2.9100000000000e+00|-1.1065844000000e+00|+4.3067563595717e-02|+4.3529657440000e-01
+0000000000000000016|+0000000000000000001|+0000000000000000000|+2.9000000000000e+00|-1.1094520000001e+00|+4.2722776940838e-02|+4.0821886559996e-01
+0000000000000000016|+0000000000000000001|+0000000000000000000|+2.8900000000000e+00|-1.0791750000000e+00|+4.2293626159492e-02|+3.8396375000000e-01
+0000000000000000016|+0000000000000000001|+0000000000000000000|+2.8800000000000e+00|-1.1481440000001e+00|+4.2758597007949e-02|+4.1648499749997e-01
+0000000000000000016|+0000000000000000001|+0000000000000000000|+2.8700000000000e+00|-1.1339134000001e+00|+4.2495409252186e-02|+4.0336300759997e-01
+0000000000000000016|+0000000000000000001|+0000000000000000000|+2.8600000000000e+00|-1.1358164000000e+00|+4.2530988728801e-02|+4.1549785240001e-01
+0000000000000000016|+0000000000000000001|+0000000000000000000|+2.8500000000000e+00|-1.1247275000001e+00|+4.2378049860575e-02|+4.1264657749999e-01
+0000000000000000016|+0000000000000000001|+0000000000000000000|+2.8400000000000e+00|-1.1360264000001e+00|+4.2347388160059e-02|+4.1471242839999e-01
+0000000000000000016|+0000000000000000001|+0000000000000000000|+2.8300000000000e+00|-1.1430722000000e+00|+4.2392981735764e-02|+4.2639532440002e-01
+0000000000000000016|+0000000000000000001|+0000000000000000000|+2.8200000000000e+00|-1.1523797000001e+00|+4.2342005132524e-02|+4.2716040277495e-01
+0000000000000000016|+0000000000000000001|+0000000000000000000|+2.8100000000000e+00|-1.1434240000001e+00|+4.2247505516831e-02|+4.2979583999997e-01
+0000000000000000016|+0000000000000000001|+0000000000000000000|+2.8000000000000e+00|-1.1618280000000e+00|+4.2316785332463e-02|+4.4033087990000e-01
+0000000000000000016|+0000000000000000001|+0000000000000000000|+2.7900000000000e+00|-1.1897069000001e+00|+4.2369541216676e-02|+4.4587078790001e-01
+0000000000000000016|+0000000000000000001|+0000000000000000000|+2.7800000000000e+00|-1.1723290000001e+00|+4.2152295842343e-02|+4.3829369750000e-01
+0000000000000000016|+0000000000000000001|+0000000000000000000|+2.7700000000000e+00|-1.1623936000000e+00|+4.2049359994363e-02|+4.4049685760003e-01
+0000000000000000016|+0000000000000000001|+0000000000000000000|+2.7600000000000e+00|-1.1593232000001e+00|+4.1949582669471e-02|+4.4058273759997e-01
+0000000000000000016|+0000000000000000001|+0000000000000000000|+2.7500000000000e+00|-1.1625750000001e+00|+4.1917226677427e-02|+4.4584470999999e-01
+0000000000000000016|+0000000000000000001|+0000000000000000000|+2.7400000000000e+00|-1.1914643000000e+00|+4.2000909628525e-02|+4.5479085697502e-01
+0000000000000000016|+0000000000000000001|+0000000000000000000|+2.7300000000000e+00|-1.1970464000001e+00|+4.1901703059621e-02|+4.5188245759996e-01
+0000000000000000016|+0000000000000000001|+0000000000000000000|+2.7200000000000e+00|-1.1933368000001e+00|+4.1799925956365e-02|+4.5208623077496e-01
+0000000000000000016|+0000000000000000001|+0000000000000000000|+2.7100000000000e+00|-1.1972109000001e+00|+4.1679835775386e-02|+4.4742151590000e-01
+0000000000000000016|+0000000000000000001|+0000000000000000000|+2.7000000000000e+00|-1.1985530000001e+00|+4.1652882936056e-02|+4.5429334789998e-01
+0000000000000000016|+0000000000000000001|+0000000000000000000|+2.6900000000000e+00|-1.1871539000001e+00|+4.1491002012440e-02|+4.5050054389999e-01
+0000000000000000016|+0000000000000000001|+0000000000000000000|+2.6800000000000e+00|-1.2062484000001e+00|+4.1680768942040e-02|+4.7593868309993e-01
+0000000000000000016|+0000000000000000001|+0000000000000000000|+2.6700000000000e+00|-1.1891316500001e+00|+4.1546729871594e-02|+4.7757718497500e-01
+0000000000000000016|+0000000000000000001|+0000000000000000000|+2.6600000000000e+00|-1.2055668000001e+00|+4.1471373632385e-02|+4.7348927960000e-01
+0000000000000000016|+0000000000000000001|+0000000000000000000|+2.6500000000000e+00|-1.2517965000001e+00|+4.1763255880175e-02|+5.0162912390002e-01
+0000000000000000016|+0000000000000000001|+0000000000000000000|+2.6400000000000e+00|-1.2369680000001e+00|+4.1459272562670e-02|+4.8229430999999e-01
+0000000000000000016|+0000000000000000001|+0000000000000000000|+2.6300000000000e+00|-1.2126074000001e+00|+4.1549379466365e-02|+5.1361527960001e-01
+0000000000000000016|+0000000000000000001|+0000000000000000000|+2.6200000000000e+00|-1.2260354000001e+00|+4.1368637669290e-02|+4.9818159109996e-01
+0000000000000000016|+0000000000000000001|+0000000000000000000|+2.6100000000000e+00|-1.2279866000000e+00|+4.1159123398901e-02|+4.8355063640003e-01
+0000000000000000016|+0000000000000000001|+0000000000000000000|+2.6000000000000e+00|-1.2456820000000e+00|+4.1210717875504e-02|+4.9449129510001e-01
+0000000000000000016|+0000000000000000001|+0000000000000000000|+2.5900000000000e+00|-1.1882103000001e+00|+4.0652327731292e-02|+4.6018995109997e-01
+0000000000000000016|+0000000000000000001|+0000000000000000000|+2.5800000000000e+00|-1.2432308000000e+00|+4.1182684491706e-02|+5.1542929240001e-01
+0000000000000000016|+0000000000000000001|+0000000000000000000|+2.5700000000000e+00|-1.2407440000001e+00|+4.1043297534112e-02|+5.1100335999998e-01
+0000000000000000016|+0000000000000000001|+0000000000000000000|+2.5600000000000e+00|-1.2570112000001e+00|+4.0930159023625e-02|+5.0249560960000e-01
+0000000000000000016|+0000000000000000001|+0000000000000000000|+2.5500000000000e+00|-1.2447125000001e+00|+4.0851494112107e-02|+5.0945943750002e-01
+0000000000000000016|+0000000000000000001|+0000000000000000000|+2.5400000000000e+00|-1.2667662000001e+00|+4.1012498796825e-02|+5.3335333909999e-01
+0000000000000000016|+0000000000000000001|+0000000000000000000|+2.5300000000000e+00|-1.2946069000001e+00|+4.1072854861671e-02|+5.4254114709999e-01
+0000000000000000016|+0000000000000000001|+0000000000000000000|+2.5200000000000e+00|-1.3020674000001e+00|+4.1033502724242e-02|+5.4714503997497e-01
+0000000000000000016|+0000000000000000001|+0000000000000000000|+2.5100000000000e+00|-1.2813161000001e+00|+4.0856879713827e-02|+5.4524110790001e-01
+0000000000000000016|+0000000000000000001|+0000000000000000000|+2.5000000000000e+00|-1.3032875000001e+00|+4.0869800321169e-02|+5.5096267077499e-01
+0000000000000000016|+0000000000000000001|+0000000000000000000|+2.4900000000000e+00|-1.3023388000001e+00|+4.0807196042198e-02|+5.5608516782220e-01
+0000000000000000016|+0000000000000000001|+0000000000000000000|+2.4800000000000e+00|-1.2953952000001e+00|+4.0608500713702e-02|+5.4570014239994e-01
+0000000000000000016|+0000000000000000001|+0000000000000000000|+2.4700000000000e+00|-1.3112163000001e+00|+4.0783997614353e-02|+5.7581291589996e-01
+0000000000000000016|+0000000000000000001|+0000000000000000000|+2.4600000000000e+00|-1.3113122000001e+00|+4.0508200019749e-02|+5.5219673509997e-01
+0000000000000000016|+0000000000000000001|+0000000000000000000|+2.4500000000000e+00|-1.3406815000001e+00|+4.0667876962997e-02|+5.7516678309997e-01
+0000000000000000016|+0000000000000000001|+0000000000000000000|+2.4400000000000e+00|-1.3045844000000e+00|+4.0462715903231e-02|+5.7570051990005e-01
+0000000000000000016|+0000000000000000001|+0000000000000000000|+2.4300000000000e+00|-1.3333445600001e+00|+4.0373556913921e-02|+5.6539207673593e-01
+0000000000000000016|+0000000000000000001|+0000000000000000000|+2.4200000000000e+00|-1.3434568000001e+00|+4.0352927875586e-02|+5.7215935840000e-01
+0000000000000000016|+0000000000000000001|+0000000000000000000|+2.4100000000000e+00|-1.3378126000001e+00|+4.0308249074135e-02|+5.8225518039998e-01
+0000000000000000016|+0000000000000000001|+0000000000000000000|+2.4000000000000e+00|-1.3751600000001e+00|+4.0370545643273e-02|+5.8954787749999e-01
+0000000000000000016|+0000000000000000001|+0000000000000000000|+2.3900000000000e+00|-1.3844549000001e+00|+4.0084281857754e-02|+5.5969653189996e-01
+0000000000000000016|+0000000000000000001|+0000000000000000000|+2.3800000000000e+00|-1.3287724000001e+00|+4.0082140879719e-02|+5.9700855960004e-01
+0000000000000000016|+0000000000000000001|+0000000000000000000|+2.3700000000000e+00|-1.3889534000001e+00|+4.0179364432449e-02|+6.0004260760004e-01
+0000000000000000016|+0000000000000000001|+0000000000000000000|+2.3600000000000e+00|-1.3690944000001e+00|+4.0081954382185e-02|+6.0919299839995e-01
+0000000000000000016|+0000000000000000001|+0000000000000000000|+2.3500000000000e+00|-1.3719355000001e+00|+4.0177484352668e-02|+6.3678403509993e-01
+0000000000000000016|+0000000000000000001|+0000000000000000000|+2.3400000000000e+00|-1.3711424000001e+00|+3.9975352971260e-02|+6.2280247039999e-01
+0000000000000000016|+0000000000000000001|+0000000000000000000|+2.3300000000000e+00|-1.3855387000001e+00|+3.9679539371882e-02|+5.8847626789995e-01
+0000000000000000016|+0000000000000000001|+0000000000000000000|+2.3200000000000e+00|-1.3953456000001e+00|+3.9919466364615e-02|+6.3481766360005e-01
+0000000000000000016|+0000000000000000001|+0000000000000000000|+2.3100000000000e+00|-1.4021082500001e+00|+3.9825426371061e-02|+6.3345696937495e-01
+0000000000000000016|+0000000000000000001|+0000000000000000000|+2.3000000000000e+00|-1.4015500000001e+00|+3.9695665435100e-02|+6.2992774999986e-01
+0000000000000000016|+0000000000000000001|+0000000000000000000|+2.2900000000000e+00|-1.4243459000001e+00|+3.9624956925358e-02|+6.2509293589999e-01
+0000000000000000016|+0000000000000000001|+0000000000000000000|+2.2800000000000e+00|-1.4285204000001e+00|+3.9764706756982e-02|+6.6053233509994e-01
+0000000000000000016|+0000000000000000001|+0000000000000000000|+2.2700000000000e+00|-1.4028497000001e+00|+3.9787431726531e-02|+6.9171638789994e-01
+0000000000000000016|+0000000000000000001|+0000000000000000000|+2.2600000000000e+00|-1.4068353000001e+00|+3.9457478020327e-02|+6.5547831597492e-01
+0000000000000000016|+0000000000000000001|+0000000000000000000|+2.2500000000000e+00|-1.4414000000001e+00|+3.9749888167905e-02|+7.0238144000001e-01
+0000000000000000016|+0000000000000000001|+0000000000000000000|+2.2400000000000e+00|-1.4367488000001e+00|+3.9376992603861e-02|+6.6278850559999e-01
+0000000000000000016|+0000000000000000001|+0000000000000000000|+2.2300000000000e+00|-1.4657523000001e+00|+3.9457158030407e-02|+6.7937997989995e-01
+0000000000000000016|+0000000000000000001|+0000000000000000000|+2.2200000000000e+00|-1.5019148000001e+00|+3.9591438518379e-02|+7.0185084440002e-01
+0000000000000000016|+0000000000000000001|+0000000000000000000|+2.2100000000000e+00|-1.4996513000001e+00|+3.9465967784944e-02|+7.0019843910003e-01
+0000000000000000016|+0000000000000000001|+0000000000000000000|+2.2000000000000e+00|-1.4912000000001e+00|+3.9273313271401e-02|+6.9044400000007e-01
+0000000000000000016|+0000000000000000001|+0000000000000000000|+2.1900000000000e+00|-1.4739926000001e+00|+3.9448364012427e-02|+7.4479978840000e-01
+0000000000000000016|+0000000000000000001|+0000000000000000000|+2.1800000000000e+00|-1.5028650000001e+00|+3.9377572465795e-02|+7.3818193750004e-01
+0000000000000000016|+0000000000000000001|+0000000000000000000|+2.1700000000000e+00|-1.5060495000001e+00|+3.9260525601959e-02|+7.3567497749992e-01
+0000000000000000016|+0000000000000000001|+0000000000000000000|+2.1600000000000e+00|-1.5732104000001e+00|+3.9316514852760e-02|+7.3263956390007e-01
+0000000000000000016|+0000000000000000001|+0000000000000000000|+2.1500000000000e+00|-1.5297355000001e+00|+3.9291826787122e-02|+7.6755031909994e-01
+0000000000000000016|+0000000000000000001|+0000000000000000000|+2.1400000000000e+00|-1.5283690000001e+00|+3.9118748865925e-02|+7.5782277750010e-01
+0000000000000000016|+0000000000000000001|+0000000000000000000|+2.1300000000000e+00|-1.5235799000001e+00|+3.8871427464385e-02|+7.3687816709996e-01
+0000000000000000016|+0000000000000000001|+0000000000000000000|+2.1200000000000e+00|-1.4918600000001e+00|+3.8673196211984e-02|+7.3689975000003e-01
+0000000000000000016|+0000000000000000001|+0000000000000000000|+2.1100000000000e+00|-1.5474854000001e+00|+3.8963787340955e-02|+7.8054286040006e-01
+0000000000000000016|+0000000000000000001|+0000000000000000000|+2.1000000000000e+00|-1.5399260000001e+00|+3.8895279607299e-02|+7.9207943639987e-01
+0000000000000000016|+0000000000000000001|+0000000000000000000|+2.0900000000000e+00|-1.5370161000001e+00|+3.8753561547132e-02|+7.8856249589997e-01
+0000000000000000016|+0000000000000000001|+0000000000000000000|+2.0800000000000e+00|-1.5926832000001e+00|+3.8843948991846e-02|+7.9840833589995e-01
+0000000000000000016|+0000000000000000001|+0000000000000000000|+2.0700000000000e+00|-1.6160963000001e+00|+3.8786982324131e-02|+7.9756265189994e-01
+0000000000000000016|+0000000000000000001|+0000000000000000000|+2.0600000000000e+00|-1.5986268000001e+00|+3.8721015006486e-02|+8.1499187159996e-01
+0000000000000000016|+0000000000000000001|+0000000000000000000|+2.0500000000000e+00|-1.6115880000001e+00|+3.8758326429459e-02|+8.3684023040012e-01
+0000000000000000016|+0000000000000000001|+0000000000000000000|+2.0400000000000e+00|-1.6160996000001e+00|+3.8599441964620e-02|+8.2680605990006e-01
+0000000000000000016|+0000000000000000001|+0000000000000000000|+2.0300000000000e+00|-1.6345492000001e+00|+3.8475980988005e-02|+8.1642259039999e-01
+0000000000000000016|+0000000000000000001|+0000000000000000000|+2.0200000000000e+00|-1.6243668000001e+00|+3.8435232795156e-02|+8.3569576440008e-01
+0000000000000000016|+0000000000000000001|+0000000000000000000|+2.0100000000000e+00|-1.6078598000001e+00|+3.8307219017534e-02|+8.4185159959992e-01
+0000000000000000016|+0000000000000000001|+0000000000000000000|+2.0000000000000e+00|-1.6443300000002e+00|+3.8382016661847e-02|+8.6041471277486e-01
+0000000000000000016|+0000000000000000001|+0000000000000000000|+1.9900000000000e+00|-1.6041783000001e+00|+3.8032861045849e-02|+8.3614653109992e-01
+0000000000000000016|+0000000000000000001|+0000000000000000000|+1.9800000000000e+00|-1.6664234000001e+00|+3.8391454600887e-02|+8.9736905110003e-01
+0000000000000000016|+0000000000000000001|+0000000000000000000|+1.9700000000000e+00|-1.6324073000001e+00|+3.7982121619875e-02|+8.5782437189998e-01
+0000000000000000016|+0000000000000000001|+0000000000000000000|+1.9600000000000e+00|-1.6964068000001e+00|+3.8191924612436e-02|+8.9020593109992e-01
+0000000000000000016|+0000000000000000001|+0000000000000000000|+1.9500000000000e+00|-1.6792385000001e+00|+3.8048803656066e-02|+8.9445149510007e-01
+0000000000000000016|+0000000000000000001|+0000000000000000000|+1.9400000000000e+00|-1.6635390000001e+00|+3.7698563947720e-02|+8.5639557750007e-01
+0000000000000000016|+0000000000000000001|+0000000000000000000|+1.9300000000000e+00|-1.7033237000001e+00|+3.7961780148949e-02|+9.1334309190000e-01
+0000000000000000016|+0000000000000000001|+0000000000000000000|+1.9200000000000e+00|-1.7061824000001e+00|+3.8092809410779e-02|+9.6389431909997e-01
+0000000000000000016|+0000000000000000001|+0000000000000000000|+1.9100000000000e+00|-1.7125617000001e+00|+3.7742378668867e-02|+9.1347664310001e-01
+0000000000000000016|+0000000000000000001|+0000000000000000000|+1.9000000000000e+00|-1.7058520000001e+00|+3.7716433664206e-02|+9.3705051359997e-01
+0000000000000000016|+0000000000000000001|+0000000000000000000|+1.8900000000000e+00|-1.7224097000001e+00|+3.7730571249788e-02|+9.5719104710006e-01
+0000000000000000016|+0000000000000000001|+0000000000000000000|+1.8800000000000e+00|-1.7136396000002e+00|+3.7704092180928e-02|+9.8260571109990e-01
+0000000000000000016|+0000000000000000001|+0000000000000000000|+1.8700000000000e+00|-1.7621432000001e+00|+3.7685982882234e-02|+9.7964055039997e-01
+0000000000000000016|+0000000000000000001|+0000000000000000000|+1.8600000000000e+00|-1.7581880000001e+00|+3.7481415775269e-02|+9.6454236000010e-01
+0000000000000000016|+0000000000000000001|+0000000000000000000|+1.8500000000000e+00|-1.7846910000001e+00|+3.7696725756559e-02|+1.0247865404000e+00
+0000000000000000016|+0000000000000000001|+0000000000000000000|+1.8400000000000e+00|-1.8084936000001e+00|+3.7622465986039e-02|+1.0235868959000e+00
+0000000000000000016|+0000000000000000001|+0000000000000000000|+1.8300000000000e+00|-1.7919042500002e+00|+3.7322104976611e-02|+9.9400324937486e-01
+0000000000000000016|+0000000000000000001|+0000000000000000000|+1.8200000000000e+00|-1.8305884000001e+00|+3.7492367814570e-02|+1.0396388956000e+00
+0000000000000000016|+0000000000000000001|+0000000000000000000|+1.8100000000000e+00|-1.8100457000001e+00|+3.7342665514904e-02|+1.0461125991001e+00
+0000000000000000016|+0000000000000000001|+0000000000000000000|+1.8000000000000e+00|-1.8232910000001e+00|+3.7310184908705e-02|+1.0608589905306e+00
+0000000000000000016|+0000000000000000001|+0000000000000000000|+1.7900000000000e+00|-1.8263963000001e+00|+3.7122504407273e-02|+1.0455902991000e+00
+0000000000000000016|+0000000000000000001|+0000000000000000000|+1.7800000000000e+00|-1.8785212000001e+00|+3.7292076804790e-02|+1.0862995484000e+00
+0000000000000000016|+0000000000000000001|+0000000000000000000|+1.7700000000000e+00|-1.8593431000001e+00|+3.7070564004610e-02|+1.0756346013222e+00
+0000000000000000016|+0000000000000000001|+0000000000000000000|+1.7600000000000e+00|-1.8776080000001e+00|+3.7130039146416e-02|+1.1106757975000e+00
+0000000000000000016|+0000000000000000001|+0000000000000000000|+1.7500000000000e+00|-1.8706812500002e+00|+3.7016732313739e-02|+1.1191256443750e+00
+0000000000000000016|+0000000000000000001|+0000000000000000000|+1.7400000000000e+00|-1.9003226000001e+00|+3.7036789579703e-02|+1.1392868198999e+00
+0000000000000000016|+0000000000000000001|+0000000000000000000|+1.7300000000000e+00|-1.8851140000001e+00|+3.6851073103227e-02|+1.1351567600001e+00
+0000000000000000016|+0000000000000000001|+0000000000000000000|+1.7200000000000e+00|-1.9021628000001e+00|+3.6809022201645e-02|+1.1479063799000e+00
+0000000000000000016|+0000000000000000001|+0000000000000000000|+1.7100000000000e+00|-1.9080842000001e+00|+3.6697880339513e-02|+1.1501567996000e+00
+0000000000000000016|+0000000000000000001|+0000000000000000000|+1.7000000000000e+00|-1.9291155000002e+00|+3.6738829430520e-02|+1.1822040787750e+00
+0000000000000000016|+0000000000000000001|+0000000000000000000|+1.6900000000000e+00|-1.9484789000002e+00|+3.6717363290441e-02|+1.2000175639000e+00
+0000000000000000016|+0000000000000000001|+0000000000000000000|+1.6800000000000e+00|-1.9730552000001e+00|+3.6786174794901e-02|+1.2387119479001e+00
+0000000000000000016|+0000000000000000001|+0000000000000000000|+1.6700000000000e+00|-1.9868275333335e+00|+3.6537750895975e-02|+1.2014541279556e+00
+0000000000000000016|+0000000000000000001|+0000000000000000000|+1.6600000000000e+00|-1.9722816000002e+00|+3.6476760969682e-02|+1.2303029824000e+00
+0000000000000000016|+0000000000000000001|+0000000000000000000|+1.6500000000000e+00|-1.9817615000002e+00|+3.6492713040035e-02|+1.2657274038999e+00
+0000000000000000016|+0000000000000000001|+0000000000000000000|+1.6400000000000e+00|-1.9962582000002e+00|+3.6372065685214e-02|+1.2619293749750e+00
+0000000000000000016|+0000000000000000001|+0000000000000000000|+1.6300000000000e+00|-2.0215025333335e+00|+3.6290742630035e-02|+1.2623033832887e+00
+0000000000000000016|+0000000000000000001|+0000000000000000000|+1.6200000000000e+00|-2.0102972000002e+00|+3.6222253562315e-02|+1.2888747964001e+00
+0000000000000000016|+0000000000000000001|+0000000000000000000|+1.6100000000000e+00|-2.0260690000002e+00|+3.6110339092604e-02|+1.2870995899998e+00
+0000000000000000016|+0000000000000000001|+0000000000000000000|+1.6000000000000e+00|-2.0862160000002e+00|+3.6237675381378e-02|+1.3251689067749e+00
+0000000000000000016|+0000000000000000001|+0000000000000000000|+1.5900000000000e+00|-2.1128981000002e+00|+3.6204394993196e-02|+1.3396477319000e+00
+0000000000000000016|+0000000000000000001|+0000000000000000000|+1.5800000000000e+00|-2.0868710000002e+00|+3.6055550662961e-02|+1.3545389975001e+00
+0000000000000000016|+0000000000000000001|+0000000000000000000|+1.5700000000000e+00|-2.1030453000002e+00|+3.5888390205886e-02|+1.3374564558996e+00
+0000000000000000016|+0000000000000000001|+0000000000000000000|+1.5600000000000e+00|-2.1412832000002e+00|+3.5896698742892e-02|+1.3576756416001e+00
+0000000000000000016|+0000000000000000001|+0000000000000000000|+1.5500000000000e+00|-2.1005520000002e+00|+3.5761680529711e-02|+1.3868234944001e+00
+0000000000000000016|+0000000000000000001|+0000000000000000000|+1.5400000000000e+00|-2.1534165000002e+00|+3.5770213004211e-02|+1.3988617243748e+00
+0000000000000000016|+0000000000000000001|+0000000000000000000|+1.5300000000000e+00|-2.1641825750002e+00|+3.5827529903297e-02|+1.4539860899938e+00
+0000000000000000016|+0000000000000000001|+0000000000000000000|+1.5200000000000e+00|-2.1787088000002e+00|+3.5766399338101e-02|+1.4713627964001e+00
+0000000000000000016|+0000000000000000001|+0000000000000000000|+1.5100000000000e+00|-2.1735746000002e+00|+3.5673963239159e-02|+1.4924548284001e+00
+0000000000000000016|+0000000000000000001|+0000000000000000000|+1.5000000000000e+00|-2.1990800000002e+00|+3.5509108761564e-02|+1.4707054016000e+00
+0000000000000000016|+0000000000000000001|+0000000000000000000|+1.4900000000000e+00|-2.2050752000002e+00|+3.5477877081511e-02|+1.5044263296002e+00
+0000000000000000016|+0000000000000000001|+0000000000000000000|+1.4800000000000e+00|-2.2322208000002e+00|+3.5461275546872e-02|+1.5294358784000e+00
+0000000000000000016|+0000000000000000001|+0000000000000000000|+1.4700000000000e+00|-2.2454934500002e+00|+3.5491105215331e-02|+1.5799206367750e+00
+0000000000000000016|+0000000000000000001|+0000000000000000000|+1.4600000000000e+00|-2.2686049000002e+00|+3.5383912382540e-02|+1.5794695907751e+00
+0000000000000000016|+0000000000000000001|+0000000000000000000|+1.4500000000000e+00|-2.2911295000002e+00|+3.5436388574268e-02|+1.6332855358999e+00
+0000000000000000016|+0000000000000000001|+0000000000000000000|+1.4400000000000e+00|-2.3012240000002e+00|+3.5358699935781e-02|+1.6528567775000e+00
+0000000000000000016|+0000000000000000001|+0000000000000000000|+1.4300000000000e+00|-2.3033184500002e+00|+3.5091374086698e-02|+1.6133153527752e+00
+0000000000000000016|+0000000000000000001|+0000000000000000000|+1.4200000000000e+00|-2.3066034000002e+00|+3.5152625907914e-02|+1.6864007871000e+00
+0000000000000000016|+0000000000000000001|+0000000000000000000|+1.4100000000000e+00|-2.3585289500002e+00|+3.5183132376632e-02|+1.7160929359747e+00
+0000000000000000016|+0000000000000000001|+0000000000000000000|+1.4000000000000e+00|-2.3655410000002e+00|+3.5103048017658e-02|+1.7394133557751e+00
+0000000000000000016|+0000000000000000001|+0000000000000000000|+1.3900000000000e+00|-2.3851651600002e+00|+3.4937772558471e-02|+1.7234508012640e+00
+0000000000000000016|+0000000000000000001|+0000000000000000000|+1.3800000000000e+00|-2.4127979000002e+00|+3.4903672852774e-02|+1.7495192279750e+00
+0000000000000000016|+0000000000000000001|+0000000000000000000|+1.3700000000000e+00|-2.4185870000002e+00|+3.4779393392692e-02|+1.7589579900000e+00
+0000000000000000016|+0000000000000000001|+0000000000000000000|+1.3600000000000e+00|-2.4311476000002e+00|+3.4768822278038e-02|+1.8064124237751e+00
+0000000000000000016|+0000000000000000001|+0000000000000000000|+1.3500000000000e+00|-2.4769760000002e+00|+3.4778847326567e-02|+1.8384389824002e+00
+0000000000000000016|+0000000000000000001|+0000000000000000000|+1.3400000000000e+00|-2.4281944000002e+00|+3.4457591734532e-02|+1.8145959343997e+00
+0000000000000000016|+0000000000000000001|+0000000000000000000|+1.3300000000000e+00|-2.4756370000002e+00|+3.4420499102992e-02|+1.8282127900001e+00
+0000000000000000016|+0000000000000000001|+0000000000000000000|+1.3200000000000e+00|-2.5271360000002e+00|+3.4617237750368e-02|+1.9321129600003e+00
+0000000000000000016|+0000000000000000001|+0000000000000000000|+1.3100000000000e+00|-2.5390418500002e+00|+3.4431589684209e-02|+1.9159800267750e+00
+0000000000000000016|+0000000000000000001|+0000000000000000000|+1.3000000000000e+00|-2.5337155000002e+00|+3.4277964633157e-02|+1.9259073757750e+00
+0000000000000000016|+0000000000000000001|+0000000000000000000|+1.2900000000000e+00|-2.5580590000002e+00|+3.4203378332570e-02|+1.9455831455554e+00
+0000000000000000016|+0000000000000000001|+0000000000000000000|+1.2800000000000e+00|-2.5940736000002e+00|+3.4210944170667e-02|+1.9911513756000e+00
+0000000000000000016|+0000000000000000001|+0000000000000000000|+1.2700000000000e+00|-2.6218054000002e+00|+3.4263398018841e-02|+2.0639454396000e+00
+0000000000000000016|+0000000000000000001|+0000000000000000000|+1.2600000000000e+00|-2.6342024000002e+00|+3.4148980817480e-02|+2.0794077424002e+00
+0000000000000000016|+0000000000000000001|+0000000000000000000|+1.2500000000000e+00|-2.6239250000002e+00|+3.3993002027716e-02|+2.0954752604001e+00
+0000000000000000016|+0000000000000000001|+0000000000000000000|+1.2400000000000e+00|-2.6767056000002e+00|+3.4104739506682e-02|+2.1794058864003e+00
+0000000000000000016|+0000000000000000001|+0000000000000000000|+1.2300000000000e+00|-2.6763416000002e+00|+3.3806835652345e-02|+2.1257044735999e+00
+0000000000000000016|+0000000000000000001|+0000000000000000000|+1.2200000000000e+00|-2.6952990000002e+00|+3.3657710394602e-02|+2.1224247975000e+00
+0000000000000000016|+0000000000000000001|+0000000000000000000|+1.2100000000000e+00|-2.7478433000003e+00|+3.3874632919636e-02|+2.2600025070997e+00
+0000000000000000016|+0000000000000000001|+0000000000000000000|+1.2000000000000e+00|-2.7685880000002e+00|+3.3708150832832e-02|+2.2492725599001e+00
+0000000000000000016|+0000000000000000001|+0000000000000000000|+1.1900000000000e+00|-2.7780406750002e+00|+3.3635415878948e-02|+2.2925021319440e+00
+0000000000000000016|+0000000000000000001|+0000000000000000000|+1.1800000000000e+00|-2.7789112000002e+00|+3.3314788658581e-02|+2.2253133744003e+00
+0000000000000000016|+0000000000000000001|+0000000000000000000|+1.1700000000000e+00|-2.8086629000002e+00|+3.3486581354769e-02|+2.3714328031002e+00
+0000000000000000016|+0000000000000000001|+0000000000000000000|+1.1600000000000e+00|-2.8284444000002e+00|+3.3457786686509e-02|+2.4317181719000e+00
+0000000000000000016|+0000000000000000001|+0000000000000000000|+1.1500000000000e+00|-2.8583585000002e+00|+3.3190107326888e-02|+2.3649288359002e+00
+0000000000000000016|+0000000000000000001|+0000000000000000000|+1.1400000000000e+00|-2.8920600000002e+00|+3.3214097917452e-02|+2.4420678888888e+00
+0000000000000000016|+0000000000000000001|+0000000000000000000|+1.1300000000000e+00|-2.8954295000002e+00|+3.3013813856378e-02|+2.4326053775001e+00
+0000000000000000016|+0000000000000000001|+0000000000000000000|+1.1200000000000e+00|-2.9272280000003e+00|+3.3026975654967e-02|+2.5097457493751e+00
+0000000000000000016|+0000000000000000001|+0000000000000000000|+1.1100000000000e+00|-2.9684542000003e+00|+3.2903236697152e-02|+2.5080456671553e+00
+0000000000000000016|+0000000000000000001|+0000000000000000000|+1.1000000000000e+00|-3.0179010000002e+00|+3.2953502981564e-02|+2.5938483919005e+00
+0000000000000000016|+0000000000000000001|+0000000000000000000|+1.0900000000000e+00|-3.0088889333336e+00|+3.2822391688594e-02|+2.6364175699561e+00
+0000000000000000016|+0000000000000000001|+0000000000000000000|+1.0800000000000e+00|-3.0614720000003e+00|+3.2757176950798e-02|+2.6602054400003e+00
+0000000000000000016|+0000000000000000001|+0000000000000000000|+1.0700000000000e+00|-3.0643005000003e+00|+3.2559805239924e-02|+2.6566053774999e+00
+0000000000000000016|+0000000000000000001|+0000000000000000000|+1.0600000000000e+00|-3.1015389000003e+00|+3.2585749690425e-02|+2.7497488107750e+00
+0000000000000000016|+0000000000000000001|+0000000000000000000|+1.0500000000000e+00|-3.1297310000003e+00|+3.2479317840323e-02|+2.7771323515999e+00
+0000000000000000016|+0000000000000000001|+0000000000000000000|+1.0400000000000e+00|-3.1595264000003e+00|+3.2239131156533e-02|+2.7243610943998e+00
+0000000000000000016|+0000000000000000001|+0000000000000000000|+1.0300000000000e+00|-3.1870310000003e+00|+3.2404399919107e-02|+2.9189927100000e+00
+0000000000000000016|+0000000000000000001|+0000000000000000000|+1.0200000000000e+00|-3.2173772000003e+00|+3.2250111116999e-02|+2.9199652603998e+00
+0000000000000000016|+0000000000000000001|+0000000000000000000|+1.0100000000000e+00|-3.2524312500003e+00|+3.2176299241456e-02|+2.9675046093749e+00
+0000000000000000016|+0000000000000000001|+0000000000000000000|+1.0000000000000e+00|-3.2657550000003e+00|+3.2061296303638e-02|+3.0124842799754e+00
+0000000000000000016|+0000000000000000001|+0000000000000000000|+9.9000000000004e-01|-3.3049130000003e+00|+3.2007408249677e-02|+3.0730063100001e+00
+0000000000000000016|+0000000000000000001|+0000000000000000000|+9.8000000000004e-01|-3.3380293000003e+00|+3.1961381178274e-02|+3.1476557937752e+00
+0000000000000000016|+0000000000000000001|+0000000000000000000|+9.7000000000004e-01|-3.3700794000003e+00|+3.1894410135781e-02|+3.2123920795998e+00
+0000000000000000016|+0000000000000000001|+0000000000000000000|+9.6000000000004e-01|-3.3994784000003e+00|+3.1742566031171e-02|+3.2241733159001e+00
+0000000000000000016|+0000000000000000001|+0000000000000000000|+9.5000000000004e-01|-3.4166405000004e+00|+3.1644593691609e-02|+3.2875271398998e+00
+0000000000000000016|+0000000000000000001|+0000000000000000000|+9.4000000000004e-01|-3.4789690000004e+00|+3.1648933530268e-02|+3.3785846774998e+00
+0000000000000000016|+0000000000000000001|+0000000000000000000|+9.3000000000004e-01|-3.5032725500003e+00|+3.1433723005491e-02|+3.3550212387750e+00
+0000000000000000016|+0000000000000000001|+0000000000000000000|+9.2000000000004e-01|-3.5220166000003e+00|+3.1340732101874e-02|+3.4276670289755e+00
+0000000000000000016|+0000000000000000001|+0000000000000000000|+9.1000000000004e-01|-3.5471851000003e+00|+3.1186773661587e-02|+3.4503531679005e+00
+0000000000000000016|+0000000000000000001|+0000000000000000000|+9.0000000000004e-01|-3.6189680000004e+00|+3.1229085914871e-02|+3.5734711295997e+00
+0000000000000000016|+0000000000000000001|+0000000000000000000|+8.9000000000004e-01|-3.6321104500004e+00|+3.0983194588113e-02|+3.5425390859752e+00
+0000000000000000016|+0000000000000000001|+0000000000000000000|+8.8000000000004e-01|-3.6838608000004e+00|+3.0926471309950e-02|+3.6179136443997e+00
+0000000000000000016|+0000000000000000001|+0000000000000000000|+8.7000000000004e-01|-3.7220939000003e+00|+3.0811736101144e-02|+3.6655565591002e+00
+0000000000000000016|+0000000000000000001|+0000000000000000000|+8.6000000000004e-01|-3.7360182000004e+00|+3.0653902373108e-02|+3.7083585631004e+00
+0000000000000000016|+0000000000000000001|+0000000000000000000|+8.5000000000004e-01|-3.8048615000004e+00|+3.0554383500850e-02|+3.7379068039003e+00
+0000000000000000016|+0000000000000000001|+0000000000000000000|+8.4000000000004e-01|-3.8212148000004e+00|+3.0421060384504e-02|+3.8033776590993e+00
+0000000000000000016|+0000000000000000001|+0000000000000000000|+8.3000000000004e-01|-3.8466650666671e+00|+3.0319830579473e-02|+3.8892001251545e+00
+0000000000000000016|+0000000000000000001|+0000000000000000000|+8.2000000000004e-01|-3.8815366000004e+00|+3.0304946448790e-02|+4.0453887430999e+00
+0000000000000000016|+0000000000000000001|+0000000000000000000|+8.1000000000004e-01|-3.9155265500004e+00|+3.0059365624058e-02|+3.9981322149753e+00
+0000000000000000016|+0000000000000000001|+0000000000000000000|+8.0000000000004e-01|-3.9965040000004e+00|+3.0051658989468e-02|+4.1139309030994e+00
+0000000000000000016|+0000000000000000001|+0000000000000000000|+7.9000000000004e-01|-4.0204759875004e+00|+2.9859934288671e-02|+4.1324933687483e+00
+0000000000000000016|+0000000000000000001|+0000000000000000000|+7.8000000000004e-01|-4.0529930000005e+00|+2.9555828184863e-02|+4.0323170774994e+00
+0000000000000000016|+0000000000000000001|+0000000000000000000|+7.7000000000004e-01|-4.0956683500004e+00|+2.9553048502625e-02|+4.2153630389751e+00
+0000000000000000016|+0000000000000000001|+0000000000000000000|+7.6000000000004e-01|-4.1439649333338e+00|+2.9411069534527e-02|+4.2587114807871e+00
+0000000000000000016|+0000000000000000001|+0000000000000000000|+7.5000000000004e-01|-4.1972225000004e+00|+2.9345525758413e-02|+4.3783480631000e+00
+0000000000000000016|+0000000000000000001|+0000000000000000000|+7.4000000000004e-01|-4.2439866500004e+00|+2.9268370769743e-02|+4.5014034269957e+00
+0000000000000000016|+0000000000000000001|+0000000000000000000|+7.3000000000004e-01|-4.2900223500005e+00|+2.9132298614810e-02|+4.5681051219758e+00
+0000000000000000016|+0000000000000000001|+0000000000000000000|+7.2000000000004e-01|-4.3473776000005e+00|+2.8958468419294e-02|+4.5813627835999e+00
+0000000000000000016|+0000000000000000001|+0000000000000000000|+7.1000000000004e-01|-4.3681286333338e+00|+2.8775975048169e-02|+4.6386986973236e+00
+0000000000000000016|+0000000000000000001|+0000000000000000000|+7.0000000000004e-01|-4.4533680000005e+00|+2.8605615773535e-02|+4.6217074624009e+00
+0000000000000000016|+0000000000000000001|+0000000000000000000|+6.9000000000004e-01|-4.4657790500005e+00|+2.8420319072132e-02|+4.6942871299744e+00
+0000000000000000016|+0000000000000000001|+0000000000000000000|+6.8000000000004e-01|-4.5284784000005e+00|+2.8321914920427e-02|+4.8035060655994e+00
+0000000000000000016|+0000000000000000001|+0000000000000000000|+6.7000000000004e-01|-4.5432906000005e+00|+2.8247668910463e-02|+5.0222886076003e+00
+0000000000000000016|+0000000000000000001|+0000000000000000000|+6.6000000000004e-01|-4.6148843000006e+00|+2.7950173831001e-02|+4.8795163489745e+00
+0000000000000000016|+0000000000000000001|+0000000000000000000|+6.5000000000004e-01|-4.6444410000005e+00|+2.7891451164414e-02|+5.1116352604022e+00
+0000000000000000016|+0000000000000000001|+0000000000000000000|+6.4000000000004e-01|-4.7022400000005e+00|+2.7748537409618e-02|+5.1992424375014e+00
+0000000000000000016|+0000000000000000001|+0000000000000000000|+6.3000000000004e-01|-4.7675210000006e+00|+2.7277694734325e-02|+4.8285311100008e+00
+0000000000000000016|+0000000000000000001|+0000000000000000000|+6.2000000000004e-01|-4.8095614000006e+00|+2.7305912302060e-02|+5.1858865391008e+00
+0000000000000000016|+0000000000000000001|+0000000000000000000|+6.1000000000004e-01|-4.8501606000006e+00|+2.7100634023162e-02|+5.2273884284017e+00
+0000000000000000016|+0000000000000000001|+0000000000000000000|+6.0000000000004e-01|-4.9235900000006e+00|+2.6823429699206e-02|+5.1113619775015e+00
+0000000000000000016|+0000000000000000001|+0000000000000000000|+5.9000000000004e-01|-4.9653995750006e+00|+2.6693107537024e-02|+5.2712485739447e+00
+0000000000000000016|+0000000000000000001|+0000000000000000000|+5.8000000000004e-01|-5.0041085000007e+00|+2.6464746197573e-02|+5.2935332943730e+00
+0000000000000000016|+0000000000000000001|+0000000000000000000|+5.7000000000004e-01|-5.1018968000007e+00|+2.6278172555380e-02|+5.2836313023994e+00
+0000000000000000016|+0000000000000000001|+0000000000000000000|+5.6000000000004e-01|-5.1619696000007e+00|+2.6115087758775e-02|+5.3845443643987e+00
+0000000000000000016|+0000000000000000001|+0000000000000000000|+5.5000000000004e-01|-5.1822500000007e+00|+2.5875397723917e-02|+5.4362150000012e+00
+0000000000000000016|+0000000000000000001|+0000000000000000000|+5.4000000000004e-01|-5.2444355000007e+00|+2.5685262772772e-02|+5.5029915443723e+00
+0000000000000000016|+0000000000000000001|+0000000000000000000|+5.3000000000004e-01|-5.3279364000008e+00|+2.5454135228987e-02|+5.4634239855980e+00
+0000000000000000016|+0000000000000000001|+0000000000000000000|+5.2000000000004e-01|-5.3533076000007e+00|+2.5189537980295e-02|+5.4762343631005e+00
+0000000000000000016|+0000000000000000001|+0000000000000000000|+5.1000000000004e-01|-5.4049890500008e+00|+2.4938462029102e-02|+5.4675222659748e+00
+0000000000000000016|+0000000000000000001|+0000000000000000000|+5.0000000000004e-01|-5.4486200000008e+00|+2.4733948054825e-02|+5.5710403824020e+00
+0000000000000000016|+0000000000000000001|+0000000000000000000|+4.9000000000004e-01|-5.5313428000008e+00|+2.4452629703140e-02|+5.4492090416019e+00
+0000000000000000016|+0000000000000000001|+0000000000000000000|+4.8000000000004e-01|-5.5725632000008e+00|+2.4151649409878e-02|+5.3715627344030e+00
+0000000000000000016|+0000000000000000001|+0000000000000000000|+4.7000000000004e-01|-5.6293161333342e+00|+2.3978512215540e-02|+5.5379670846192e+00
+0000000000000000016|+0000000000000000001|+0000000000000000000|+4.6000000000004e-01|-5.6905693000009e+00|+2.3792376188735e-02|+5.6830987329737e+00
+0000000000000000016|+0000000000000000001|+0000000000000000000|+4.5000000000004e-01|-5.7408125000009e+00|+2.3474084947575e-02|+5.5625184375042e+00
+0000000000000000016|+0000000000000000001|+0000000000000000000|+4.4000000000004e-01|-5.7952140000010e+00|+2.3224211422997e-02|+5.5950745774974e+00
+0000000000000000016|+0000000000000000001|+0000000000000000000|+4.3000000000004e-01|-5.8506980000009e+00|+2.2930275539849e-02|+5.5254160400024e+00
+0000000000000000016|+0000000000000000001|+0000000000000000000|+4.2000000000004e-01|-5.8987574000010e+00|+2.2550423316509e-02|+5.2564018590974e+00
+0000000000000000016|+0000000000000000001|+0000000000000000000|+4.1000000000004e-01|-5.9772126500010e+00|+2.2364111244700e-02|+5.4156893377780e+00
+0000000000000000016|+0000000000000000001|+0000000000000000000|+4.0000000000004e-01|-6.0105060000010e+00|+2.2117968325523e-02|+5.5459601497774e+00
+0000000000000000016|+0000000000000000001|+0000000000000000000|+3.9000000000004e-01|-6.0726850714296e+00|+2.1765123170487e-02|+5.3148255609447e+00
+0000000000000000016|+0000000000000000001|+0000000000000000000|+3.8000000000004e-01|-6.1288316000011e+00|+2.1495297315108e-02|+5.3397507675979e+00
+0000000000000000016|+0000000000000000001|+0000000000000000000|+3.7000000000004e-01|-6.1803428000011e+00|+2.1168431999095e-02|+5.2143914864050e+00
+0000000000000000016|+0000000000000000001|+0000000000000000000|+3.6000000000004e-01|-6.2120912000012e+00|+2.0801206342587e-02|+5.0163297136014e+00
+0000000000000000016|+0000000000000000001|+0000000000000000000|+3.5000000000004e-01|-6.2931920000012e+00|+2.0522425102969e-02|+4.9686608256037e+00
+0000000000000000016|+0000000000000000001|+0000000000000000000|+3.4000000000004e-01|-6.3240052000012e+00|+2.0173495919927e-02|+4.8367702281543e+00
+0000000000000000016|+0000000000000000001|+0000000000000000000|+3.3000000000004e-01|-6.3637061000013e+00|+1.9821068898009e-02|+4.6678772710999e+00
+0000000000000000016|+0000000000000000001|+0000000000000000000|+3.2000000000004e-01|-6.4181120000013e+00|+1.9540114256376e-02|+4.7263964400030e+00
+0000000000000000016|+0000000000000000001|+0000000000000000000|+3.1000000000004e-01|-6.4672042500015e+00|+1.9190854043426e-02|+4.5544972193645e+00
+0000000000000000016|+0000000000000000001|+0000000000000000000|+3.0000000000004e-01|-6.5060110000015e+00|+1.8832523016852e-02|+4.3831251986497e+00
+0000000000000000016|+0000000000000000001|+0000000000000000000|+2.9000000000004e-01|-6.5528760695667e+00|+1.8488929444274e-02|+4.2536173515651e+00
+0000000000000000016|+0000000000000000001|+0000000000000000000|+2.8000000000004e-01|-6.5917308000015e+00|+1.8134769417323e-02|+4.1158816879082e+00
+0000000000000000016|+0000000000000000001|+0000000000000000000|+2.7000000000004e-01|-6.6321558500017e+00|+1.7737281727972e-02|+3.7738674939716e+00
+0000000000000000016|+0000000000000000001|+0000000000000000000|+2.6000000000004e-01|-6.6786498000017e+00|+1.7365692903685e-02|+3.5343548071016e+00
+0000000000000000016|+0000000000000000001|+0000000000000000000|+2.5000000000004e-01|-6.7185200000018e+00|+1.6989353718551e-02|+3.3034041535944e+00
+0000000000000000016|+0000000000000000001|+0000000000000000000|+2.4000000000004e-01|-6.7373240000018e+00|+1.6712894183406e-02|+3.7495006775052e+00
+0000000000000000016|+0000000000000000001|+0000000000000000000|+2.3000000000004e-01|-6.7773457500020e+00|+1.6284078093819e-02|+3.2638430993496e+00
+0000000000000000016|+0000000000000000001|+0000000000000000000|+2.2000000000004e-01|-6.7981038000020e+00|+1.5861279307195e-02|+2.8918883559131e+00
+0000000000000000016|+0000000000000000001|+0000000000000000000|+2.1000000000004e-01|-6.8351201000021e+00|+1.5457249432346e-02|+2.5771304439167e+00
+0000000000000000016|+0000000000000000001|+0000000000000000000|+2.0000000000004e-01|-6.8685791304370e+00|+1.5115173881996e-02|+2.7685130065089e+00
+0000000000000000016|+0000000000000000001|+0000000000000000000|+1.9000000000004e-01|-6.8940908000023e+00|+1.4716708113076e-02|+2.6515552176172e+00
+0000000000000000016|+0000000000000000001|+0000000000000000000|+1.8000000000004e-01|-6.9207727250024e+00|+1.4313892943328e-02|+2.5596090709385e+00
+0000000000000000016|+0000000000000000001|+0000000000000000000|+1.7000000000004e-01|-6.9488874000026e+00|+1.3856414198256e-02|+2.0241967515881e+00
+0000000000000000016|+0000000000000000001|+0000000000000000000|+1.6000000000004e-01|-6.9678826666695e+00|+1.3487059670954e-02|+2.4986194622070e+00
+0000000000000000016|+0000000000000000001|+0000000000000000000|+1.5000000000004e-01|-6.9896960000030e+00|+1.3015264498637e-02|+2.0154356703891e+00
+0000000000000000016|+0000000000000000001|+0000000000000000000|+1.4000000000004e-01|-7.0084940000032e+00|+1.2592300734987e-02|+2.2608495900385e+00
+0000000000000000016|+0000000000000000001|+0000000000000000000|+1.3000000000004e-01|-7.0338971052666e+00|+1.2111851451510e-02|+1.9181145091044e+00
+0000000000000000016|+0000000000000000001|+0000000000000000000|+1.2000000000004e-01|-7.0508689000038e+00|+1.1628999082613e-02|+1.8122704870566e+00
+0000000000000000016|+0000000000000000001|+0000000000000000000|+1.1000000000004e-01|-7.0644803500041e+00|+1.1118563024996e-02|+1.5709071457367e+00
+0000000000000000016|+0000000000000000001|+0000000000000000000|+1.0000000000004e-01|-7.0855800000046e+00|+1.0585844905877e-02|+1.1931063599524e+00
+0000000000000000016|+0000000000000000001|+0000000000000000000|+9.0000000000041e-02|-7.1080079000050e+00|+1.0055638728643e-02|+1.3996142640393e+00
+0000000000000000016|+0000000000000000001|+0000000000000000000|+8.0000000000041e-02|-7.1098240000057e+00|+9.4732614853988e-03|+1.3361201599009e+00
+0000000000000000016|+0000000000000000001|+0000000000000000000|+7.0000000000041e-02|-7.1261241000065e+00|+8.8393512687881e-03|+4.9683416295889e-01
+0000000000000000016|+0000000000000000001|+0000000000000000000|+6.0000000000041e-02|-7.1264180000076e+00|+8.1760466792676e-03|+2.2929590982812e-01
+0000000000000000016|+0000000000000000001|+0000000000000000000|+5.0000000000041e-02|-7.1387979166758e+00|+7.4706940469574e-03|+4.4679533145830e-01
+0000000000000000016|+0000000000000000001|+0000000000000000000|+4.0000000000041e-02|-7.1377070000114e+00|+6.6534468849355e-03|-1.7931211561101e+00
+0000000000000000016|+0000000000000000001|+0000000000000000000|+3.0000000000041e-02|-7.1409425130587e+00|+5.7791368071042e-03|-3.0827940240232e-01
+0000000000000000016|+0000000000000000001|+0000000000000000000|+2.0000000000041e-02|-7.1420094666894e+00|+4.7194479822317e-03|-3.2642488391491e-01
+0000000000000000016|+0000000000000000001|+0000000000000000000|+1.0000000000041e-02|-7.1428401708790e+00|+3.3391165174432e-03|+5.7439762273975e-01
