#
# QHS - DATA
#
# ----------------------------------------
#
# Size                 = +0000000000000000025
# Model                = Periodic-2D
# Algorithm            = SSE
# Start-Temperature    = +0.0000000000000e+00
# End-Temperature      = +4.0000000000000e+00
# Temperature-Step     = +1.0000000000000e-02
#
# Size              | Model-Index        | Algorithm-Index    | Temperature        | AverageEnergy      | StdDvOfEnergy      | AverageCHeat      
# ------------------------------------------------------------------------------------------------------
+0000000000000000025|+0000000000000000003|+0000000000000000000|+4.0000000000000e+00|-2.4381200000000e+00|+8.3862317970574e-02|+6.6058567910004e-01
+0000000000000000025|+0000000000000000003|+0000000000000000000|+3.9900000000000e+00|-2.5069885000000e+00|+8.4138356698319e-02|+6.8515067749998e-01
+0000000000000000025|+0000000000000000003|+0000000000000000000|+3.9800000000000e+00|-2.4560838000000e+00|+8.3161912885126e-02|+6.0774400390005e-01
+0000000000000000025|+0000000000000000003|+0000000000000000000|+3.9700000000000e+00|-2.4582057000000e+00|+8.3473910526119e-02|+6.5274780389994e-01
+0000000000000000025|+0000000000000000003|+0000000000000000000|+3.9600000000000e+00|-2.4564448000001e+00|+8.3333684401632e-02|+6.5111746559995e-01
+0000000000000000025|+0000000000000000003|+0000000000000000000|+3.9500000000000e+00|-2.4807305000000e+00|+8.2899307449789e-02|+6.1158109190004e-01
+0000000000000000025|+0000000000000000003|+0000000000000000000|+3.9400000000000e+00|-2.4541124000000e+00|+8.2709638275374e-02|+6.1086338840017e-01
+0000000000000000025|+0000000000000000003|+0000000000000000000|+3.9300000000000e+00|-2.4792736000000e+00|+8.3267826982187e-02|+6.7723528960010e-01
+0000000000000000025|+0000000000000000003|+0000000000000000000|+3.9200000000000e+00|-2.5335527999999e+00|+8.2966340620333e-02|+6.4398469190021e-01
+0000000000000000025|+0000000000000000003|+0000000000000000000|+3.9100000000000e+00|-2.5579183000000e+00|+8.3457787428020e-02|+7.0437772309992e-01
+0000000000000000025|+0000000000000000003|+0000000000000000000|+3.9000000000000e+00|-2.4949150000000e+00|+8.2538839162389e-02|+6.3376847750008e-01
+0000000000000000025|+0000000000000000003|+0000000000000000000|+3.8900000000000e+00|-2.5846031000000e+00|+8.3340049528618e-02|+7.1170471589998e-01
+0000000000000000025|+0000000000000000003|+0000000000000000000|+3.8800000000000e+00|-2.5434972000000e+00|+8.2913923815215e-02|+6.8893770389992e-01
+0000000000000000025|+0000000000000000003|+0000000000000000000|+3.8700000000000e+00|-2.5514362000000e+00|+8.2761322954570e-02|+6.8361665239995e-01
+0000000000000000025|+0000000000000000003|+0000000000000000000|+3.8600000000000e+00|-2.5474958999999e+00|+8.2599969232684e-02|+6.8038016077521e-01
+0000000000000000025|+0000000000000000003|+0000000000000000000|+3.8500000000000e+00|-2.5298995000000e+00|+8.2643366836657e-02|+7.0347902310011e-01
+0000000000000000025|+0000000000000000003|+0000000000000000000|+3.8400000000000e+00|-2.5774144000000e+00|+8.2474902907661e-02|+6.8610451189994e-01
+0000000000000000025|+0000000000000000003|+0000000000000000000|+3.8300000000000e+00|-2.5899702000001e+00|+8.2164284176706e-02|+6.6183279639990e-01
+0000000000000000025|+0000000000000000003|+0000000000000000000|+3.8200000000000e+00|-2.6395004000000e+00|+8.2447185388452e-02|+6.9458723159989e-01
+0000000000000000025|+0000000000000000003|+0000000000000000000|+3.8100000000000e+00|-2.5716742000000e+00|+8.2141629051460e-02|+6.9182812759996e-01
+0000000000000000025|+0000000000000000003|+0000000000000000000|+3.8000000000000e+00|-2.6209980000000e+00|+8.2379650819158e-02|+7.2004777589988e-01
+0000000000000000025|+0000000000000000003|+0000000000000000000|+3.7900000000000e+00|-2.5883690000000e+00|+8.2150841106183e-02|+7.1678278999998e-01
+0000000000000000025|+0000000000000000003|+0000000000000000000|+3.7800000000000e+00|-2.6333812000000e+00|+8.1932380984896e-02|+6.9414746840002e-01
+0000000000000000025|+0000000000000000003|+0000000000000000000|+3.7700000000000e+00|-2.6534019000000e+00|+8.2429901094610e-02|+7.6070091910002e-01
+0000000000000000025|+0000000000000000003|+0000000000000000000|+3.7600000000000e+00|-2.6709984000000e+00|+8.2019744160556e-02|+7.2308617440001e-01
+0000000000000000025|+0000000000000000003|+0000000000000000000|+3.7500000000000e+00|-2.6696125000000e+00|+8.1870847259862e-02|+7.2075424710014e-01
+0000000000000000025|+0000000000000000003|+0000000000000000000|+3.7400000000000e+00|-2.6398566000001e+00|+8.2006168491831e-02|+7.5926735189993e-01
+0000000000000000025|+0000000000000000003|+0000000000000000000|+3.7300000000000e+00|-2.6172796999999e+00|+8.1728826174123e-02|+7.4764264790033e-01
+0000000000000000025|+0000000000000000003|+0000000000000000000|+3.7200000000000e+00|-2.6592232000000e+00|+8.1642158348859e-02|+7.4108599639997e-01
+0000000000000000025|+0000000000000000003|+0000000000000000000|+3.7100000000000e+00|-2.6485978000000e+00|+8.1372590944613e-02|+7.2704108759999e-01
+0000000000000000025|+0000000000000000003|+0000000000000000000|+3.7000000000000e+00|-2.6163870000000e+00|+8.1307286906608e-02|+7.4298803989997e-01
+0000000000000000025|+0000000000000000003|+0000000000000000000|+3.6900000000000e+00|-2.6807338000000e+00|+8.1312941025348e-02|+7.4135943960009e-01
+0000000000000000025|+0000000000000000003|+0000000000000000000|+3.6800000000000e+00|-2.6713520000000e+00|+8.1235483439114e-02|+7.4985697749996e-01
+0000000000000000025|+0000000000000000003|+0000000000000000000|+3.6700000000000e+00|-2.6979104000001e+00|+8.1372530405399e-02|+7.7452014559989e-01
+0000000000000000025|+0000000000000000003|+0000000000000000000|+3.6600000000000e+00|-2.6704071999999e+00|+8.0987189746955e-02|+7.5091819360012e-01
+0000000000000000025|+0000000000000000003|+0000000000000000000|+3.6500000000000e+00|-2.6811165000000e+00|+8.0921032526738e-02|+7.5545217590003e-01
+0000000000000000025|+0000000000000000003|+0000000000000000000|+3.6400000000000e+00|-2.7121060000000e+00|+8.1211924546494e-02|+7.9814527750009e-01
+0000000000000000025|+0000000000000000003|+0000000000000000000|+3.6300000000000e+00|-2.7560914000000e+00|+8.1098777209347e-02|+7.8804027160009e-01
+0000000000000000025|+0000000000000000003|+0000000000000000000|+3.6200000000000e+00|-2.7207787000000e+00|+8.0858827872825e-02|+7.8414451677498e-01
+0000000000000000025|+0000000000000000003|+0000000000000000000|+3.6100000000000e+00|-2.7683867000000e+00|+8.1002294597125e-02|+8.0480351910000e-01
+0000000000000000025|+0000000000000000003|+0000000000000000000|+3.6000000000000e+00|-2.6954200000000e+00|+8.0180228917552e-02|+7.3910109750003e-01
+0000000000000000025|+0000000000000000003|+0000000000000000000|+3.5900000000000e+00|-2.7706394000000e+00|+8.0467902121554e-02|+7.6991660440008e-01
+0000000000000000025|+0000000000000000003|+0000000000000000000|+3.5800000000000e+00|-2.8233307999999e+00|+8.0736762374133e-02|+8.0523433240015e-01
+0000000000000000025|+0000000000000000003|+0000000000000000000|+3.5700000000000e+00|-2.7758515000000e+00|+8.0512844134970e-02|+8.0674689750002e-01
+0000000000000000025|+0000000000000000003|+0000000000000000000|+3.5600000000000e+00|-2.7784876000001e+00|+8.0560742053314e-02|+8.2868527589994e-01
+0000000000000000025|+0000000000000000003|+0000000000000000000|+3.5500000000000e+00|-2.8408635000000e+00|+8.0373943675914e-02|+8.0406132309997e-01
+0000000000000000025|+0000000000000000003|+0000000000000000000|+3.5400000000000e+00|-2.7962515000000e+00|+8.0118594143855e-02|+8.0075504937510e-01
+0000000000000000025|+0000000000000000003|+0000000000000000000|+3.5300000000000e+00|-2.8206942000001e+00|+8.0034518724281e-02|+7.9984478039994e-01
+0000000000000000025|+0000000000000000003|+0000000000000000000|+3.5200000000000e+00|-2.7682816000000e+00|+8.0142740638175e-02|+8.4563974359995e-01
+0000000000000000025|+0000000000000000003|+0000000000000000000|+3.5100000000000e+00|-2.7912097000000e+00|+7.9815549454703e-02|+8.1384913910009e-01
+0000000000000000025|+0000000000000000003|+0000000000000000000|+3.5000000000000e+00|-2.8460300000001e+00|+8.0106292048206e-02|+8.5327822359994e-01
+0000000000000000025|+0000000000000000003|+0000000000000000000|+3.4900000000000e+00|-2.8310116000000e+00|+7.9930000816776e-02|+8.5191673440010e-01
+0000000000000000025|+0000000000000000003|+0000000000000000000|+3.4800000000000e+00|-2.8328278000000e+00|+7.9821879764910e-02|+8.5469617977505e-01
+0000000000000000025|+0000000000000000003|+0000000000000000000|+3.4700000000000e+00|-2.8638067000000e+00|+7.9568132718935e-02|+8.2984968790011e-01
+0000000000000000025|+0000000000000000003|+0000000000000000000|+3.4600000000000e+00|-2.8881770000001e+00|+7.9643069885114e-02|+8.5040849750001e-01
+0000000000000000025|+0000000000000000003|+0000000000000000000|+3.4500000000000e+00|-2.9604505000000e+00|+7.9820544054338e-02|+8.7109993590013e-01
+0000000000000000025|+0000000000000000003|+0000000000000000000|+3.4400000000000e+00|-2.8447048000000e+00|+7.9763584893317e-02|+9.1520315110019e-01
+0000000000000000025|+0000000000000000003|+0000000000000000000|+3.4300000000000e+00|-2.8723339000001e+00|+7.9224830737413e-02|+8.5273620710006e-01
+0000000000000000025|+0000000000000000003|+0000000000000000000|+3.4200000000000e+00|-2.9220967000000e+00|+7.9551677352034e-02|+9.0068692177526e-01
+0000000000000000025|+0000000000000000003|+0000000000000000000|+3.4100000000000e+00|-2.9674531000001e+00|+7.9514986665034e-02|+9.0092047189999e-01
+0000000000000000025|+0000000000000000003|+0000000000000000000|+3.4000000000000e+00|-2.9058590000000e+00|+7.8958878143346e-02|+8.6149561177502e-01
+0000000000000000025|+0000000000000000003|+0000000000000000000|+3.3900000000000e+00|-2.9496877000001e+00|+7.8888755010544e-02|+8.5743179509994e-01
+0000000000000000025|+0000000000000000003|+0000000000000000000|+3.3800000000000e+00|-2.9303760000001e+00|+7.8789767242990e-02|+8.6808895999989e-01
+0000000000000000025|+0000000000000000003|+0000000000000000000|+3.3700000000000e+00|-2.8957102000001e+00|+7.8677038515697e-02|+8.8149322839982e-01
+0000000000000000025|+0000000000000000003|+0000000000000000000|+3.3600000000000e+00|-2.9312704000001e+00|+7.8926604641909e-02|+9.2463783039979e-01
+0000000000000000025|+0000000000000000003|+0000000000000000000|+3.3500000000000e+00|-2.9081910000001e+00|+7.8481688777059e-02|+8.8840770839988e-01
+0000000000000000025|+0000000000000000003|+0000000000000000000|+3.3400000000000e+00|-2.9737858000001e+00|+7.8700640354771e-02|+9.1875556309994e-01
+0000000000000000025|+0000000000000000003|+0000000000000000000|+3.3300000000000e+00|-2.9586259000001e+00|+7.8496839850224e-02|+9.1390062710004e-01
+0000000000000000025|+0000000000000000003|+0000000000000000000|+3.3200000000000e+00|-2.9572892000001e+00|+7.8312879282161e-02|+9.0767324389986e-01
+0000000000000000025|+0000000000000000003|+0000000000000000000|+3.3100000000000e+00|-2.9440628000000e+00|+7.8385417048877e-02|+9.4164382560010e-01
+0000000000000000025|+0000000000000000003|+0000000000000000000|+3.3000000000000e+00|-2.9791780000000e+00|+7.8333424455787e-02|+9.4341876440011e-01
+0000000000000000025|+0000000000000000003|+0000000000000000000|+3.2900000000000e+00|-2.9527681000001e+00|+7.8000872698173e-02|+9.2346432790005e-01
+0000000000000000025|+0000000000000000003|+0000000000000000000|+3.2800000000000e+00|-3.0128912000001e+00|+7.8095265935602e-02|+9.3883138839998e-01
+0000000000000000025|+0000000000000000003|+0000000000000000000|+3.2700000000000e+00|-3.0301129000000e+00|+7.8325054746522e-02|+9.8743446710009e-01
+0000000000000000025|+0000000000000000003|+0000000000000000000|+3.2600000000000e+00|-3.0802898000001e+00|+7.8383232270121e-02|+1.0013006070999e+00
+0000000000000000025|+0000000000000000003|+0000000000000000000|+3.2500000000000e+00|-3.0264850000001e+00|+7.7998485439467e-02|+9.8182033560005e-01
+0000000000000000025|+0000000000000000003|+0000000000000000000|+3.2400000000000e+00|-3.0383596000000e+00|+7.7739369062652e-02|+9.6057827590022e-01
+0000000000000000025|+0000000000000000003|+0000000000000000000|+3.2300000000000e+00|-3.1497053000000e+00|+7.7996857272521e-02|+9.8538908790026e-01
+0000000000000000025|+0000000000000000003|+0000000000000000000|+3.2200000000000e+00|-3.1014152000001e+00|+7.7676962450719e-02|+9.7358457439988e-01
+0000000000000000025|+0000000000000000003|+0000000000000000000|+3.2100000000000e+00|-3.0976307500000e+00|+7.7652881337487e-02|+9.9235014437536e-01
+0000000000000000025|+0000000000000000003|+0000000000000000000|+3.2000000000000e+00|-3.0737280000001e+00|+7.7277636619619e-02|+9.6449509590005e-01
+0000000000000000025|+0000000000000000003|+0000000000000000000|+3.1900000000000e+00|-3.1632509000001e+00|+7.7534330015149e-02|+9.9683978790001e-01
+0000000000000000025|+0000000000000000003|+0000000000000000000|+3.1800000000000e+00|-3.1703086000001e+00|+7.7808248254451e-02|+1.0584628271000e+00
+0000000000000000025|+0000000000000000003|+0000000000000000000|+3.1700000000000e+00|-3.1001089000001e+00|+7.7144072026949e-02|+1.0004858311001e+00
+0000000000000000025|+0000000000000000003|+0000000000000000000|+3.1600000000000e+00|-3.1275272000001e+00|+7.6816421416165e-02|+9.6326102359983e-01
+0000000000000000025|+0000000000000000003|+0000000000000000000|+3.1500000000000e+00|-3.1345840000001e+00|+7.7267510840701e-02|+1.0529375104002e+00
+0000000000000000025|+0000000000000000003|+0000000000000000000|+3.1400000000000e+00|-3.1892926000001e+00|+7.7023758926078e-02|+1.0199483719000e+00
+0000000000000000025|+0000000000000000003|+0000000000000000000|+3.1300000000000e+00|-3.1483411000002e+00|+7.7154451372825e-02|+1.0761397190997e+00
+0000000000000000025|+0000000000000000003|+0000000000000000000|+3.1200000000000e+00|-3.1914160000001e+00|+7.7011755594484e-02|+1.0627215100001e+00
+0000000000000000025|+0000000000000000003|+0000000000000000000|+3.1100000000000e+00|-3.1677446000001e+00|+7.6977741373618e-02|+1.0879866203998e+00
+0000000000000000025|+0000000000000000003|+0000000000000000000|+3.1000000000000e+00|-3.2202240000001e+00|+7.7036284034786e-02|+1.1037733183999e+00
+0000000000000000025|+0000000000000000003|+0000000000000000000|+3.0900000000000e+00|-3.2773546000001e+00|+7.6800608662530e-02|+1.0709367164001e+00
+0000000000000000025|+0000000000000000003|+0000000000000000000|+3.0800000000000e+00|-3.2410484000000e+00|+7.6704548303599e-02|+1.0907788671003e+00
+0000000000000000025|+0000000000000000003|+0000000000000000000|+3.0700000000000e+00|-3.2105101000001e+00|+7.6404766997366e-02|+1.0758501950999e+00
+0000000000000000025|+0000000000000000003|+0000000000000000000|+3.0600000000000e+00|-3.2488714000001e+00|+7.6618385354456e-02|+1.1220420439002e+00
+0000000000000000025|+0000000000000000003|+0000000000000000000|+3.0500000000000e+00|-3.3196790000001e+00|+7.6696709494089e-02|+1.1360332315999e+00
+0000000000000000025|+0000000000000000003|+0000000000000000000|+3.0400000000000e+00|-3.2658960000001e+00|+7.6240491704710e-02|+1.1028381774999e+00
+0000000000000000025|+0000000000000000003|+0000000000000000000|+3.0300000000000e+00|-3.2943901000001e+00|+7.6109790827649e-02|+1.0962114711002e+00
+0000000000000000025|+0000000000000000003|+0000000000000000000|+3.0200000000000e+00|-3.2748794000001e+00|+7.5939060186652e-02|+1.0988011591000e+00
+0000000000000000025|+0000000000000000003|+0000000000000000000|+3.0100000000000e+00|-3.3329010000002e+00|+7.6076145475508e-02|+1.1272479899996e+00
+0000000000000000025|+0000000000000000003|+0000000000000000000|+3.0000000000000e+00|-3.3110200000001e+00|+7.5798992108605e-02|+1.1128962843998e+00
+0000000000000000025|+0000000000000000003|+0000000000000000000|+2.9900000000000e+00|-3.3527707000001e+00|+7.6323168123589e-02|+1.2132582751002e+00
+0000000000000000025|+0000000000000000003|+0000000000000000000|+2.9800000000000e+00|-3.3606626000002e+00|+7.6065684279631e-02|+1.1924375830998e+00
+0000000000000000025|+0000000000000000003|+0000000000000000000|+2.9700000000000e+00|-3.3214870000001e+00|+7.5879043798746e-02|+1.1995055900001e+00
+0000000000000000025|+0000000000000000003|+0000000000000000000|+2.9600000000000e+00|-3.3440808000002e+00|+7.5606442668098e-02|+1.1709215470999e+00
+0000000000000000025|+0000000000000000003|+0000000000000000000|+2.9500000000000e+00|-3.3756905000001e+00|+7.5710459711271e-02|+1.2044490719000e+00
+0000000000000000025|+0000000000000000003|+0000000000000000000|+2.9400000000000e+00|-3.4021660000002e+00|+7.5657477083419e-02|+1.2127407899996e+00
+0000000000000000025|+0000000000000000003|+0000000000000000000|+2.9300000000000e+00|-3.3526185000001e+00|+7.5409589325643e-02|+1.2128507975001e+00
+0000000000000000025|+0000000000000000003|+0000000000000000000|+2.9200000000000e+00|-3.4245412000001e+00|+7.5430003474478e-02|+1.2187446345671e+00
+0000000000000000025|+0000000000000000003|+0000000000000000000|+2.9100000000000e+00|-3.3518758000002e+00|+7.5072341501935e-02|+1.2073511355998e+00
+0000000000000000025|+0000000000000000003|+0000000000000000000|+2.9000000000000e+00|-3.4448815000001e+00|+7.5198511366296e-02|+1.2250118847749e+00
+0000000000000000025|+0000000000000000003|+0000000000000000000|+2.8900000000000e+00|-3.4346508000001e+00|+7.5187717758263e-02|+1.2541917616000e+00
+0000000000000000025|+0000000000000000003|+0000000000000000000|+2.8800000000000e+00|-3.4858432000001e+00|+7.5036543920905e-02|+1.2369755904000e+00
+0000000000000000025|+0000000000000000003|+0000000000000000000|+2.8700000000000e+00|-3.4285000000002e+00|+7.4707249875219e-02|+1.2251400000000e+00
+0000000000000000025|+0000000000000000003|+0000000000000000000|+2.8600000000000e+00|-3.4433846000002e+00|+7.4786222629290e-02|+1.2624233478998e+00
+0000000000000000025|+0000000000000000003|+0000000000000000000|+2.8500000000000e+00|-3.5115565000002e+00|+7.4702418718319e-02|+1.2515847519000e+00
+0000000000000000025|+0000000000000000003|+0000000000000000000|+2.8400000000000e+00|-3.5051040000001e+00|+7.4557447677741e-02|+1.2557126400002e+00
+0000000000000000025|+0000000000000000003|+0000000000000000000|+2.8300000000000e+00|-3.5339168500002e+00|+7.4683595964103e-02|+1.2979101669751e+00
+0000000000000000025|+0000000000000000003|+0000000000000000000|+2.8200000000000e+00|-3.5649760000001e+00|+7.4775068405373e-02|+1.3334697600002e+00
+0000000000000000025|+0000000000000000003|+0000000000000000000|+2.8100000000000e+00|-3.5698842000002e+00|+7.4636706698900e-02|+1.3353978075998e+00
+0000000000000000025|+0000000000000000003|+0000000000000000000|+2.8000000000000e+00|-3.5854680000001e+00|+7.4633203157837e-02|+1.3592180638999e+00
+0000000000000000025|+0000000000000000003|+0000000000000000000|+2.7900000000000e+00|-3.5697304000002e+00|+7.4434232732203e-02|+1.3571847423998e+00
+0000000000000000025|+0000000000000000003|+0000000000000000000|+2.7800000000000e+00|-3.5806320000002e+00|+7.4038378017076e-02|+1.3077966399998e+00
+0000000000000000025|+0000000000000000003|+0000000000000000000|+2.7700000000000e+00|-3.6276048000002e+00|+7.4196914448735e-02|+1.3518813823997e+00
+0000000000000000025|+0000000000000000003|+0000000000000000000|+2.7600000000000e+00|-3.6687700000002e+00|+7.4124157307720e-02|+1.3537869374999e+00
+0000000000000000025|+0000000000000000003|+0000000000000000000|+2.7500000000000e+00|-3.6440675000003e+00|+7.4208463686109e-02|+1.4105478750997e+00
+0000000000000000025|+0000000000000000003|+0000000000000000000|+2.7400000000000e+00|-3.6218860000001e+00|+7.3483919194192e-02|+1.3079407900001e+00
+0000000000000000025|+0000000000000000003|+0000000000000000000|+2.7300000000000e+00|-3.6169372000002e+00|+7.3675730901418e-02|+1.3788547504001e+00
+0000000000000000025|+0000000000000000003|+0000000000000000000|+2.7200000000000e+00|-3.7125600000002e+00|+7.3889227778060e-02|+1.4182197499997e+00
+0000000000000000025|+0000000000000000003|+0000000000000000000|+2.7100000000000e+00|-3.6711391000001e+00|+7.3543085394117e-02|+1.3965848159004e+00
+0000000000000000025|+0000000000000000003|+0000000000000000000|+2.7000000000000e+00|-3.6782380000002e+00|+7.3044990509956e-02|+1.3263550364000e+00
+0000000000000000025|+0000000000000000003|+0000000000000000000|+2.6900000000000e+00|-3.7574723000002e+00|+7.3550771451912e-02|+1.4315929310998e+00
+0000000000000000025|+0000000000000000003|+0000000000000000000|+2.6800000000000e+00|-3.7704944000001e+00|+7.3332833522266e-02|+1.4155076336002e+00
+0000000000000000025|+0000000000000000003|+0000000000000000000|+2.6700000000000e+00|-3.7126138000002e+00|+7.3150527647958e-02|+1.4331758204001e+00
+0000000000000000025|+0000000000000000003|+0000000000000000000|+2.6600000000000e+00|-3.6968464000002e+00|+7.3153328296291e-02|+1.4733918784000e+00
+0000000000000000025|+0000000000000000003|+0000000000000000000|+2.6500000000000e+00|-3.7729742500002e+00|+7.3130001311657e-02|+1.4740108449750e+00
+0000000000000000025|+0000000000000000003|+0000000000000000000|+2.6400000000000e+00|-3.7949512000002e+00|+7.3483617014671e-02|+1.5746023710999e+00
+0000000000000000025|+0000000000000000003|+0000000000000000000|+2.6300000000000e+00|-3.8064471000001e+00|+7.3191801197721e-02|+1.5439119711002e+00
+0000000000000000025|+0000000000000000003|+0000000000000000000|+2.6200000000000e+00|-3.8369576000002e+00|+7.2970385996674e-02|+1.5206891696001e+00
+0000000000000000025|+0000000000000000003|+0000000000000000000|+2.6100000000000e+00|-3.8642824000002e+00|+7.2667863340967e-02|+1.4812063744001e+00
+0000000000000000025|+0000000000000000003|+0000000000000000000|+2.6000000000000e+00|-3.8739420000002e+00|+7.2635657165975e-02|+1.5061925711003e+00
+0000000000000000025|+0000000000000000003|+0000000000000000000|+2.5900000000000e+00|-3.9047880500002e+00|+7.2724172504295e-02|+1.5495241289749e+00
+0000000000000000025|+0000000000000000003|+0000000000000000000|+2.5800000000000e+00|-3.9097030000002e+00|+7.2694913361404e-02|+1.5779078774999e+00
+0000000000000000025|+0000000000000000003|+0000000000000000000|+2.5700000000000e+00|-3.9242275000001e+00|+7.2495778642048e-02|+1.5656344375004e+00
+0000000000000000025|+0000000000000000003|+0000000000000000000|+2.5600000000000e+00|-3.9270592000001e+00|+7.2502812067849e-02|+1.6034010876006e+00
+0000000000000000025|+0000000000000000003|+0000000000000000000|+2.5500000000000e+00|-3.9128200000002e+00|+7.2097453901272e-02|+1.5567150400000e+00
+0000000000000000025|+0000000000000000003|+0000000000000000000|+2.5400000000000e+00|-3.9429186000002e+00|+7.2068208980466e-02|+1.5760525119001e+00
+0000000000000000025|+0000000000000000003|+0000000000000000000|+2.5300000000000e+00|-3.9385991000002e+00|+7.1762762784472e-02|+1.5473035991001e+00
+0000000000000000025|+0000000000000000003|+0000000000000000000|+2.5200000000000e+00|-3.9704932000002e+00|+7.2358740232291e-02|+1.7080804718998e+00
+0000000000000000025|+0000000000000000003|+0000000000000000000|+2.5100000000000e+00|-4.0111063000002e+00|+7.1969792727343e-02|+1.6425857031000e+00
+0000000000000000025|+0000000000000000003|+0000000000000000000|+2.5000000000000e+00|-4.0837500000002e+00|+7.2048023467121e-02|+1.6711377500003e+00
+0000000000000000025|+0000000000000000003|+0000000000000000000|+2.4900000000000e+00|-3.9623611000002e+00|+7.1519879805138e-02|+1.6378022678997e+00
+0000000000000000025|+0000000000000000003|+0000000000000000000|+2.4800000000000e+00|-4.0450472000003e+00|+7.1648741445975e-02|+1.6744554678996e+00
+0000000000000000025|+0000000000000000003|+0000000000000000000|+2.4700000000000e+00|-4.0625356000002e+00|+7.1658695837577e-02|+1.7104179696002e+00
+0000000000000000025|+0000000000000000003|+0000000000000000000|+2.4600000000000e+00|-4.0902154000002e+00|+7.1511036069886e-02|+1.7055388799002e+00
+0000000000000000025|+0000000000000000003|+0000000000000000000|+2.4500000000000e+00|-4.1297180000002e+00|+7.1201096470924e-02|+1.6573232304004e+00
+0000000000000000025|+0000000000000000003|+0000000000000000000|+2.4400000000000e+00|-4.1758628000002e+00|+7.1329055834059e-02|+1.7105867031000e+00
+0000000000000000025|+0000000000000000003|+0000000000000000000|+2.4300000000000e+00|-4.1228281000002e+00|+7.1104391735937e-02|+1.7205739511001e+00
+0000000000000000025|+0000000000000000003|+0000000000000000000|+2.4200000000000e+00|-4.1506164000002e+00|+7.1152548031075e-02|+1.7634206236002e+00
+0000000000000000025|+0000000000000000003|+0000000000000000000|+2.4100000000000e+00|-4.1589804000003e+00|+7.0930601004486e-02|+1.7489932463999e+00
+0000000000000000025|+0000000000000000003|+0000000000000000000|+2.4000000000000e+00|-4.2077680000003e+00|+7.0749142962586e-02|+1.7275631350995e+00
+0000000000000000025|+0000000000000000003|+0000000000000000000|+2.3900000000000e+00|-4.1351648000002e+00|+7.0609427753050e-02|+1.7671054976002e+00
+0000000000000000025|+0000000000000000003|+0000000000000000000|+2.3800000000000e+00|-4.1768980000002e+00|+7.0601846881212e-02|+1.7919295900001e+00
+0000000000000000025|+0000000000000000003|+0000000000000000000|+2.3700000000000e+00|-4.2991999000003e+00|+7.0839739389355e-02|+1.8450684070997e+00
+0000000000000000025|+0000000000000000003|+0000000000000000000|+2.3600000000000e+00|-4.2630564000002e+00|+7.0610388531285e-02|+1.8479730599003e+00
+0000000000000000025|+0000000000000000003|+0000000000000000000|+2.3500000000000e+00|-4.2365825000003e+00|+7.0310073141817e-02|+1.8287281974994e+00
+0000000000000000025|+0000000000000000003|+0000000000000000000|+2.3400000000000e+00|-4.2385582000002e+00|+7.0474093579897e-02|+1.9162805671003e+00
+0000000000000000025|+0000000000000000003|+0000000000000000000|+2.3300000000000e+00|-4.3195710000002e+00|+7.0036458499471e-02|+1.8155703100004e+00
+0000000000000000025|+0000000000000000003|+0000000000000000000|+2.3200000000000e+00|-4.3306952000002e+00|+7.0250429954277e-02|+1.9134737479000e+00
+0000000000000000025|+0000000000000000003|+0000000000000000000|+2.3100000000000e+00|-4.3495558000003e+00|+6.9968506570169e-02|+1.8793781275996e+00
+0000000000000000025|+0000000000000000003|+0000000000000000000|+2.3000000000000e+00|-4.3439925000003e+00|+7.0202166315648e-02|+1.9919339243747e+00
+0000000000000000025|+0000000000000000003|+0000000000000000000|+2.2900000000000e+00|-4.3583846000003e+00|+6.9853613817645e-02|+1.9421241723997e+00
+0000000000000000025|+0000000000000000003|+0000000000000000000|+2.2800000000000e+00|-4.4136328000002e+00|+6.9842012013837e-02|+1.9642785724003e+00
+0000000000000000025|+0000000000000000003|+0000000000000000000|+2.2700000000000e+00|-4.3830796000004e+00|+6.9878693052894e-02|+2.0378512495994e+00
+0000000000000000025|+0000000000000000003|+0000000000000000000|+2.2600000000000e+00|-4.4457738000003e+00|+6.9936590521649e-02|+2.0770865030997e+00
+0000000000000000025|+0000000000000000003|+0000000000000000000|+2.2500000000000e+00|-4.4782075000002e+00|+6.9804263549700e-02|+2.0781259431009e+00
+0000000000000000025|+0000000000000000003|+0000000000000000000|+2.2400000000000e+00|-4.4248352000003e+00|+6.9714409769982e-02|+2.1294041670994e+00
+0000000000000000025|+0000000000000000003|+0000000000000000000|+2.2300000000000e+00|-4.5102393000003e+00|+6.9398830790908e-02|+2.0560090318996e+00
+0000000000000000025|+0000000000000000003|+0000000000000000000|+2.2200000000000e+00|-4.5218833000004e+00|+6.9321991470011e-02|+2.0822170581079e+00
+0000000000000000025|+0000000000000000003|+0000000000000000000|+2.2100000000000e+00|-4.5291329000003e+00|+6.9167398486680e-02|+2.0888438598999e+00
+0000000000000000025|+0000000000000000003|+0000000000000000000|+2.2000000000000e+00|-4.5443460000003e+00|+6.8900752061150e-02|+2.0600883951002e+00
+0000000000000000025|+0000000000000000003|+0000000000000000000|+2.1900000000000e+00|-4.6260409000003e+00|+6.8868165302061e-02|+2.0678195878998e+00
+0000000000000000025|+0000000000000000003|+0000000000000000000|+2.1800000000000e+00|-4.6373942000003e+00|+6.8975774935360e-02|+2.1488717838997e+00
+0000000000000000025|+0000000000000000003|+0000000000000000000|+2.1700000000000e+00|-4.6119798500003e+00|+6.8859979942294e-02|+2.1829366529747e+00
+0000000000000000025|+0000000000000000003|+0000000000000000000|+2.1600000000000e+00|-4.6665956800003e+00|+6.8847754374335e-02|+2.2109795399957e+00
+0000000000000000025|+0000000000000000003|+0000000000000000000|+2.1500000000000e+00|-4.6680295000003e+00|+6.8345045253729e-02|+2.1188788831001e+00
+0000000000000000025|+0000000000000000003|+0000000000000000000|+2.1400000000000e+00|-4.6921394000003e+00|+6.8407855631998e-02|+2.1837036359003e+00
+0000000000000000025|+0000000000000000003|+0000000000000000000|+2.1300000000000e+00|-4.7391763000003e+00|+6.8566688818504e-02|+2.2680158798999e+00
+0000000000000000025|+0000000000000000003|+0000000000000000000|+2.1200000000000e+00|-4.7571816000003e+00|+6.8348579643592e-02|+2.2528895676005e+00
+0000000000000000025|+0000000000000000003|+0000000000000000000|+2.1100000000000e+00|-4.7366955000003e+00|+6.8230293729594e-02|+2.2864820975007e+00
+0000000000000000025|+0000000000000000003|+0000000000000000000|+2.1000000000000e+00|-4.8014380000004e+00|+6.8418971994532e-02|+2.3750241115998e+00
+0000000000000000025|+0000000000000000003|+0000000000000000000|+2.0900000000000e+00|-4.8253894000003e+00|+6.8650363377599e-02|+2.4985570844005e+00
+0000000000000000025|+0000000000000000003|+0000000000000000000|+2.0800000000000e+00|-4.8479696000003e+00|+6.8144976418877e-02|+2.3920482631009e+00
+0000000000000000025|+0000000000000000003|+0000000000000000000|+2.0700000000000e+00|-4.8786229000003e+00|+6.7896828874381e-02|+2.3621168124337e+00
+0000000000000000025|+0000000000000000003|+0000000000000000000|+2.0600000000000e+00|-4.8399676000004e+00|+6.7633928937549e-02|+2.3608671483998e+00
+0000000000000000025|+0000000000000000003|+0000000000000000000|+2.0500000000000e+00|-4.9206608333336e+00|+6.7543609649009e-02|+2.3568055197234e+00
+0000000000000000025|+0000000000000000003|+0000000000000000000|+2.0400000000000e+00|-4.9484872000004e+00|+6.7340957940954e-02|+2.3425118875996e+00
+0000000000000000025|+0000000000000000003|+0000000000000000000|+2.0300000000000e+00|-4.8603976000004e+00|+6.7282979942408e-02|+2.4324443135997e+00
+0000000000000000025|+0000000000000000003|+0000000000000000000|+2.0200000000000e+00|-4.9784338000004e+00|+6.7354741335854e-02|+2.4643757638995e+00
+0000000000000000025|+0000000000000000003|+0000000000000000000|+2.0100000000000e+00|-5.0367475000004e+00|+6.7487870835396e-02|+2.5476374374989e+00
+0000000000000000025|+0000000000000000003|+0000000000000000000|+2.0000000000000e+00|-5.0112400000004e+00|+6.7244951889310e-02|+2.5479584156000e+00
+0000000000000000025|+0000000000000000003|+0000000000000000000|+1.9900000000000e+00|-5.0522378000004e+00|+6.7418389125998e-02|+2.6562191515999e+00
+0000000000000000025|+0000000000000000003|+0000000000000000000|+1.9800000000000e+00|-5.0888944000004e+00|+6.7236058445753e-02|+2.6467564416003e+00
+0000000000000000025|+0000000000000000003|+0000000000000000000|+1.9700000000000e+00|-5.0668249000003e+00|+6.6762883528471e-02|+2.5668591911008e+00
+0000000000000000025|+0000000000000000003|+0000000000000000000|+1.9600000000000e+00|-5.1442140000004e+00|+6.7006590061961e-02|+2.6842153774999e+00
+0000000000000000025|+0000000000000000003|+0000000000000000000|+1.9500000000000e+00|-5.1222085000003e+00|+6.6663617022606e-02|+2.6489487791007e+00
+0000000000000000025|+0000000000000000003|+0000000000000000000|+1.9400000000000e+00|-5.2081648000004e+00|+6.7106035755420e-02|+2.8360764735999e+00
+0000000000000000025|+0000000000000000003|+0000000000000000000|+1.9300000000000e+00|-5.2605548000004e+00|+6.6551144984215e-02|+2.6868504304008e+00
+0000000000000000025|+0000000000000000003|+0000000000000000000|+1.9200000000000e+00|-5.2752256000004e+00|+6.6524751769325e-02|+2.7459221150995e+00
+0000000000000000025|+0000000000000000003|+0000000000000000000|+1.9100000000000e+00|-5.2836853000004e+00|+6.6462252028132e-02|+2.7962647110995e+00
+0000000000000000025|+0000000000000000003|+0000000000000000000|+1.9000000000000e+00|-5.2559180000004e+00|+6.6139365428567e-02|+2.7710631515995e+00
+0000000000000000025|+0000000000000000003|+0000000000000000000|+1.8900000000000e+00|-5.3252137000004e+00|+6.6389537762405e-02|+2.9063144311000e+00
+0000000000000000025|+0000000000000000003|+0000000000000000000|+1.8800000000000e+00|-5.3983144000004e+00|+6.6059838356598e-02|+2.8253246556001e+00
+0000000000000000025|+0000000000000000003|+0000000000000000000|+1.8700000000000e+00|-5.3774805000004e+00|+6.5875943654018e-02|+2.8485719774997e+00
+0000000000000000025|+0000000000000000003|+0000000000000000000|+1.8600000000000e+00|-5.4549148000004e+00|+6.6007663870516e-02|+2.9395358875994e+00
+0000000000000000025|+0000000000000000003|+0000000000000000000|+1.8500000000000e+00|-5.5178530000004e+00|+6.5989553333495e-02|+2.9828572155999e+00
+0000000000000000025|+0000000000000000003|+0000000000000000000|+1.8400000000000e+00|-5.5040872000003e+00|+6.5622004655678e-02|+2.9332018711014e+00
+0000000000000000025|+0000000000000000003|+0000000000000000000|+1.8300000000000e+00|-5.5022315500004e+00|+6.5727906098799e-02|+3.0616538287745e+00
+0000000000000000025|+0000000000000000003|+0000000000000000000|+1.8200000000000e+00|-5.5091912000004e+00|+6.5256211443034e-02|+2.9594085744009e+00
+0000000000000000025|+0000000000000000003|+0000000000000000000|+1.8100000000000e+00|-5.6001991000004e+00|+6.5505397306207e-02|+3.0963399879008e+00
+0000000000000000025|+0000000000000000003|+0000000000000000000|+1.8000000000000e+00|-5.6330740000004e+00|+6.5498902140958e-02|+3.1658143551003e+00
+0000000000000000025|+0000000000000000003|+0000000000000000000|+1.7900000000000e+00|-5.6032187000003e+00|+6.5204439531300e-02|+3.1544509391010e+00
+0000000000000000025|+0000000000000000003|+0000000000000000000|+1.7800000000000e+00|-5.6748235000005e+00|+6.5366611473859e-02|+3.2737281693749e+00
+0000000000000000025|+0000000000000000003|+0000000000000000000|+1.7700000000000e+00|-5.6788513750005e+00|+6.4956645793363e-02|+3.1960394610933e+00
+0000000000000000025|+0000000000000000003|+0000000000000000000|+1.7600000000000e+00|-5.7481376000005e+00|+6.5013097094554e-02|+3.2754645723991e+00
+0000000000000000025|+0000000000000000003|+0000000000000000000|+1.7500000000000e+00|-5.7677075000005e+00|+6.4460883312999e-02|+3.1279710838989e+00
+0000000000000000025|+0000000000000000003|+0000000000000000000|+1.7400000000000e+00|-5.7879220000004e+00|+6.4766762815108e-02|+3.3432939100004e+00
+0000000000000000025|+0000000000000000003|+0000000000000000000|+1.7300000000000e+00|-5.7970941500005e+00|+6.4658380944594e-02|+3.3909949139742e+00
+0000000000000000025|+0000000000000000003|+0000000000000000000|+1.7200000000000e+00|-5.8226268000005e+00|+6.4493880516331e-02|+3.4057357638997e+00
+0000000000000000025|+0000000000000000003|+0000000000000000000|+1.7100000000000e+00|-5.8914433000006e+00|+6.4325992422335e-02|+3.3941476470982e+00
+0000000000000000025|+0000000000000000003|+0000000000000000000|+1.7000000000000e+00|-5.8863160000005e+00|+6.4339205218494e-02|+3.5067323696000e+00
+0000000000000000025|+0000000000000000003|+0000000000000000000|+1.6900000000000e+00|-5.9903322500004e+00|+6.4297769514405e-02|+3.5325219493748e+00
+0000000000000000025|+0000000000000000003|+0000000000000000000|+1.6800000000000e+00|-5.9892400000005e+00|+6.3793012616478e-02|+3.4118097500000e+00
+0000000000000000025|+0000000000000000003|+0000000000000000000|+1.6700000000000e+00|-6.0541509000005e+00|+6.4028768120414e-02|+3.5882605270998e+00
+0000000000000000025|+0000000000000000003|+0000000000000000000|+1.6600000000000e+00|-6.0920498000005e+00|+6.3817999930610e-02|+3.5783479990988e+00
+0000000000000000025|+0000000000000000003|+0000000000000000000|+1.6500000000000e+00|-6.1054206250006e+00|+6.3760444805063e-02|+3.6550720998422e+00
+0000000000000000025|+0000000000000000003|+0000000000000000000|+1.6400000000000e+00|-6.1822404000005e+00|+6.3813463496924e-02|+3.7472616078995e+00
+0000000000000000025|+0000000000000000003|+0000000000000000000|+1.6300000000000e+00|-6.1958555000005e+00|+6.3427790991640e-02|+3.6706609774999e+00
+0000000000000000025|+0000000000000000003|+0000000000000000000|+1.6200000000000e+00|-6.2020932400005e+00|+6.3353249766529e-02|+3.7474995719952e+00
+0000000000000000025|+0000000000000000003|+0000000000000000000|+1.6100000000000e+00|-6.2482085000006e+00|+6.3418817792495e-02|+3.8697684774986e+00
+0000000000000000025|+0000000000000000003|+0000000000000000000|+1.6000000000000e+00|-6.2914720000005e+00|+6.3090277267029e-02|+3.8021465911009e+00
+0000000000000000025|+0000000000000000003|+0000000000000000000|+1.5900000000000e+00|-6.3399100000005e+00|+6.2964817480989e-02|+3.8314390000001e+00
+0000000000000000025|+0000000000000000003|+0000000000000000000|+1.5800000000000e+00|-6.3601124000005e+00|+6.3114343276069e-02|+4.0182832315998e+00
+0000000000000000025|+0000000000000000003|+0000000000000000000|+1.5700000000000e+00|-6.4203369000005e+00|+6.2709536254416e-02|+3.9011716311006e+00
+0000000000000000025|+0000000000000000003|+0000000000000000000|+1.5600000000000e+00|-6.4478458000005e+00|+6.2644568455201e-02|+3.9779979369761e+00
+0000000000000000025|+0000000000000000003|+0000000000000000000|+1.5500000000000e+00|-6.4945525000005e+00|+6.2896358480962e-02|+4.2097842975004e+00
+0000000000000000025|+0000000000000000003|+0000000000000000000|+1.5400000000000e+00|-6.5661086000005e+00|+6.2583812845367e-02|+4.1329112519002e+00
+0000000000000000025|+0000000000000000003|+0000000000000000000|+1.5300000000000e+00|-6.5705932000005e+00|+6.2553591194979e-02|+4.2494754863994e+00
+0000000000000000025|+0000000000000000003|+0000000000000000000|+1.5200000000000e+00|-6.6190084000006e+00|+6.2096062813796e-02|+4.1094448929751e+00
+0000000000000000025|+0000000000000000003|+0000000000000000000|+1.5100000000000e+00|-6.6513652333338e+00|+6.2134281124594e-02|+4.2472991261236e+00
+0000000000000000025|+0000000000000000003|+0000000000000000000|+1.5000000000000e+00|-6.6846850000006e+00|+6.1948596900521e-02|+4.2646317558987e+00
+0000000000000000025|+0000000000000000003|+0000000000000000000|+1.4900000000000e+00|-6.7180647000006e+00|+6.1821990113614e-02|+4.3155021190999e+00
+0000000000000000025|+0000000000000000003|+0000000000000000000|+1.4800000000000e+00|-6.7626045333338e+00|+6.1717524406955e-02|+4.3727467252904e+00
+0000000000000000025|+0000000000000000003|+0000000000000000000|+1.4700000000000e+00|-6.8151458500005e+00|+6.1612864854548e-02|+4.4261144019762e+00
+0000000000000000025|+0000000000000000003|+0000000000000000000|+1.4600000000000e+00|-6.8811861000006e+00|+6.1660402895578e-02|+4.5598232037731e+00
+0000000000000000025|+0000000000000000003|+0000000000000000000|+1.4500000000000e+00|-6.9217350000006e+00|+6.1271951080218e-02|+4.4600475100001e+00
+0000000000000000025|+0000000000000000003|+0000000000000000000|+1.4400000000000e+00|-6.9750352000006e+00|+6.1666883153959e-02|+4.8129780510996e+00
+0000000000000000025|+0000000000000000003|+0000000000000000000|+1.4300000000000e+00|-7.0111345000006e+00|+6.0964236396459e-02|+4.5291907775010e+00
+0000000000000000025|+0000000000000000003|+0000000000000000000|+1.4200000000000e+00|-7.0703832000006e+00|+6.1052647116138e-02|+4.7017385583986e+00
+0000000000000000025|+0000000000000000003|+0000000000000000000|+1.4100000000000e+00|-7.0701514000006e+00|+6.0826541043508e-02|+4.7286693884000e+00
+0000000000000000025|+0000000000000000003|+0000000000000000000|+1.4000000000000e+00|-7.1694575000005e+00|+6.0858103457516e-02|+4.8449710998462e+00
+0000000000000000025|+0000000000000000003|+0000000000000000000|+1.3900000000000e+00|-7.1993580000006e+00|+6.0690213574235e-02|+4.8896171600006e+00
+0000000000000000025|+0000000000000000003|+0000000000000000000|+1.3800000000000e+00|-7.2397270000006e+00|+6.0728654695270e-02|+5.0594327774997e+00
+0000000000000000025|+0000000000000000003|+0000000000000000000|+1.3700000000000e+00|-7.2677437000006e+00|+6.0464028085141e-02|+5.0474304199013e+00
+0000000000000000025|+0000000000000000003|+0000000000000000000|+1.3600000000000e+00|-7.3236728000006e+00|+6.0410002939080e-02|+5.1523789870993e+00
+0000000000000000025|+0000000000000000003|+0000000000000000000|+1.3500000000000e+00|-7.4066185000006e+00|+6.0135952102878e-02|+5.0950760194564e+00
+0000000000000000025|+0000000000000000003|+0000000000000000000|+1.3400000000000e+00|-7.4672194000007e+00|+6.0034928797279e-02|+5.1694411719010e+00
+0000000000000000025|+0000000000000000003|+0000000000000000000|+1.3300000000000e+00|-7.4942092000006e+00|+5.9619858476992e-02|+5.0593151024021e+00
+0000000000000000025|+0000000000000000003|+0000000000000000000|+1.3200000000000e+00|-7.5331780000007e+00|+5.9864672807396e-02|+5.3893547774986e+00
+0000000000000000025|+0000000000000000003|+0000000000000000000|+1.3100000000000e+00|-7.6140675000007e+00|+5.9733293911223e-02|+5.4353869374992e+00
+0000000000000000025|+0000000000000000003|+0000000000000000000|+1.3000000000000e+00|-7.6559713333340e+00|+5.9395537576261e-02|+5.3680522346217e+00
+0000000000000000025|+0000000000000000003|+0000000000000000000|+1.2900000000000e+00|-7.6826176000006e+00|+5.9303533123428e-02|+5.4864472064009e+00
+0000000000000000025|+0000000000000000003|+0000000000000000000|+1.2800000000000e+00|-7.7767587555562e+00|+5.9234206888178e-02|+5.5719926503515e+00
+0000000000000000025|+0000000000000000003|+0000000000000000000|+1.2700000000000e+00|-7.8319761000007e+00|+5.9122705836569e-02|+5.6605110750989e+00
+0000000000000000025|+0000000000000000003|+0000000000000000000|+1.2600000000000e+00|-7.8547456000007e+00|+5.8699181623944e-02|+5.5464312064011e+00
+0000000000000000025|+0000000000000000003|+0000000000000000000|+1.2500000000000e+00|-7.9492645833340e+00|+5.8764211476217e-02|+5.7390665871976e+00
+0000000000000000025|+0000000000000000003|+0000000000000000000|+1.2400000000000e+00|-7.9777940000007e+00|+5.8951358332285e-02|+6.0852540774997e+00
+0000000000000000025|+0000000000000000003|+0000000000000000000|+1.2300000000000e+00|-8.0606431000007e+00|+5.8589931557825e-02|+5.9718269591009e+00
+0000000000000000025|+0000000000000000003|+0000000000000000000|+1.2200000000000e+00|-8.1433516000007e+00|+5.8550324893486e-02|+6.1093041916022e+00
+0000000000000000025|+0000000000000000003|+0000000000000000000|+1.2100000000000e+00|-8.1812776500007e+00|+5.8087110839288e-02|+5.9513724387744e+00
+0000000000000000025|+0000000000000000003|+0000000000000000000|+1.2000000000000e+00|-8.2359760000008e+00|+5.8133477126857e-02|+6.1864311995990e+00
+0000000000000000025|+0000000000000000003|+0000000000000000000|+1.1900000000000e+00|-8.2780664000008e+00|+5.7704615260665e-02|+6.0511244863986e+00
+0000000000000000025|+0000000000000000003|+0000000000000000000|+1.1800000000000e+00|-8.3619044000007e+00|+5.7732040824662e-02|+6.2550310236026e+00
+0000000000000000025|+0000000000000000003|+0000000000000000000|+1.1700000000000e+00|-8.4528514000007e+00|+5.7893536021766e-02|+6.5734731036013e+00
+0000000000000000025|+0000000000000000003|+0000000000000000000|+1.1600000000000e+00|-8.5120544000007e+00|+5.7208717077691e-02|+6.2062404544006e+00
+0000000000000000025|+0000000000000000003|+0000000000000000000|+1.1500000000000e+00|-8.5556490000009e+00|+5.7258334027119e-02|+6.4785582523960e+00
+0000000000000000025|+0000000000000000003|+0000000000000000000|+1.1400000000000e+00|-8.6205662500007e+00|+5.7185111701708e-02|+6.6333135898473e+00
+0000000000000000025|+0000000000000000003|+0000000000000000000|+1.1300000000000e+00|-8.7202417500008e+00|+5.7081069062785e-02|+6.7353379493750e+00
+0000000000000000025|+0000000000000000003|+0000000000000000000|+1.1200000000000e+00|-8.8063312000008e+00|+5.6972457922114e-02|+6.8497072798996e+00
+0000000000000000025|+0000000000000000003|+0000000000000000000|+1.1100000000000e+00|-8.8412096500009e+00|+5.6725559451927e-02|+6.8873715207721e+00
+0000000000000000025|+0000000000000000003|+0000000000000000000|+1.1000000000000e+00|-8.8531945000009e+00|+5.6341736471678e-02|+6.8200201199745e+00
+0000000000000000025|+0000000000000000003|+0000000000000000000|+1.0900000000000e+00|-8.9649667000008e+00|+5.6643928641600e-02|+7.3102636831007e+00
+0000000000000000025|+0000000000000000003|+0000000000000000000|+1.0800000000000e+00|-9.0551422000009e+00|+5.6223870600845e-02|+7.1403648437738e+00
+0000000000000000025|+0000000000000000003|+0000000000000000000|+1.0700000000000e+00|-9.0817609000007e+00|+5.6081048011056e-02|+7.2977641831038e+00
+0000000000000000025|+0000000000000000003|+0000000000000000000|+1.0600000000000e+00|-9.1599446000010e+00|+5.5811113260075e-02|+7.2856421118930e+00
+0000000000000000025|+0000000000000000003|+0000000000000000000|+1.0500000000000e+00|-9.2105560000009e+00|+5.5483039470215e-02|+7.2421900415989e+00
+0000000000000000025|+0000000000000000003|+0000000000000000000|+1.0400000000000e+00|-9.3182280727281e+00|+5.5466872251670e-02|+7.4627453811714e+00
+0000000000000000025|+0000000000000000003|+0000000000000000000|+1.0300000000000e+00|-9.3937830000009e+00|+5.5168728489529e-02|+7.4297727899970e+00
+0000000000000000025|+0000000000000000003|+0000000000000000000|+1.0200000000000e+00|-9.4326724000009e+00|+5.4905142506831e-02|+7.4696331355996e+00
+0000000000000000025|+0000000000000000003|+0000000000000000000|+1.0100000000000e+00|-9.5467244000009e+00|+5.4840661330421e-02|+7.6509971663972e+00
+0000000000000000025|+0000000000000000003|+0000000000000000000|+1.0000000000000e+00|-9.6217500000009e+00|+5.4728641643769e-02|+7.8274969375028e+00
+0000000000000000025|+0000000000000000003|+0000000000000000000|+9.9000000000004e-01|-9.6334102000010e+00|+5.4098342635625e-02|+7.5005652796005e+00
+0000000000000000025|+0000000000000000003|+0000000000000000000|+9.8000000000004e-01|-9.7758018000010e+00|+5.4315312474741e-02|+7.9844812318987e+00
+0000000000000000025|+0000000000000000003|+0000000000000000000|+9.7000000000004e-01|-9.8870568000009e+00|+5.4154246206518e-02|+8.0863492864037e+00
+0000000000000000025|+0000000000000000003|+0000000000000000000|+9.6000000000004e-01|-9.9946336000010e+00|+5.4077931565874e-02|+8.2969337518978e+00
+0000000000000000025|+0000000000000000003|+0000000000000000000|+9.5000000000004e-01|-1.0045257500001e+01|+5.3828777360223e-02|+8.3706155774957e+00
+0000000000000000025|+0000000000000000003|+0000000000000000000|+9.4000000000004e-01|-1.0121964800001e+01|+5.3400738843647e-02|+8.2038145536018e+00
+0000000000000000025|+0000000000000000003|+0000000000000000000|+9.3000000000004e-01|-1.0195915300001e+01|+5.3289356750267e-02|+8.4258462759009e+00
+0000000000000000025|+0000000000000000003|+0000000000000000000|+9.2000000000004e-01|-1.0298553733334e+01|+5.3082018136368e-02|+8.5060483919878e+00
+0000000000000000025|+0000000000000000003|+0000000000000000000|+9.1000000000004e-01|-1.0401533200001e+01|+5.3005296324747e-02|+8.7578910896038e+00
+0000000000000000025|+0000000000000000003|+0000000000000000000|+9.0000000000004e-01|-1.0458406000001e+01|+5.2626711763095e-02|+8.6794727644006e+00
+0000000000000000025|+0000000000000000003|+0000000000000000000|+8.9000000000004e-01|-1.0553403000001e+01|+5.2766694074568e-02|+9.2449527099921e+00
+0000000000000000025|+0000000000000000003|+0000000000000000000|+8.8000000000004e-01|-1.0637642000001e+01|+5.2466942068170e-02|+9.2509327993732e+00
+0000000000000000025|+0000000000000000003|+0000000000000000000|+8.7000000000004e-01|-1.0737940120001e+01|+5.1981204731080e-02|+8.9850000038262e+00
+0000000000000000025|+0000000000000000003|+0000000000000000000|+8.6000000000004e-01|-1.0800225100001e+01|+5.1846815535400e-02|+9.2482979087810e+00
+0000000000000000025|+0000000000000000003|+0000000000000000000|+8.5000000000004e-01|-1.0947343500001e+01|+5.1660990482131e-02|+9.3504062878999e+00
+0000000000000000025|+0000000000000000003|+0000000000000000000|+8.4000000000004e-01|-1.1024662000001e+01|+5.1640955574095e-02|+9.7852891975074e+00
+0000000000000000025|+0000000000000000003|+0000000000000000000|+8.3000000000004e-01|-1.1116334450001e+01|+5.1518851256876e-02|+1.0070704837775e+01
+0000000000000000025|+0000000000000000003|+0000000000000000000|+8.2000000000004e-01|-1.1232284200001e+01|+5.0898845137067e-02|+9.5833739239033e+00
+0000000000000000025|+0000000000000000003|+0000000000000000000|+8.1000000000004e-01|-1.1287391500001e+01|+5.0849572941961e-02|+1.0038740877499e+01
+0000000000000000025|+0000000000000000003|+0000000000000000000|+8.0000000000004e-01|-1.1418757333335e+01|+5.0603545410627e-02|+1.0108783587151e+01
+0000000000000000025|+0000000000000000003|+0000000000000000000|+7.9000000000004e-01|-1.1499228300001e+01|+5.0295501568195e-02|+1.0149743287105e+01
+0000000000000000025|+0000000000000000003|+0000000000000000000|+7.8000000000004e-01|-1.1597374600001e+01|+5.0132257027265e-02|+1.0410858835109e+01
+0000000000000000025|+0000000000000000003|+0000000000000000000|+7.7000000000004e-01|-1.1709161900001e+01|+4.9652913949183e-02|+1.0137626179092e+01
+0000000000000000025|+0000000000000000003|+0000000000000000000|+7.6000000000004e-01|-1.1836967000001e+01|+4.9618943842549e-02|+1.0598751594372e+01
+0000000000000000025|+0000000000000000003|+0000000000000000000|+7.5000000000004e-01|-1.1922610000001e+01|+4.9279889960771e-02|+1.0605670289599e+01
+0000000000000000025|+0000000000000000003|+0000000000000000000|+7.4000000000004e-01|-1.2033504371430e+01|+4.9077806163147e-02|+1.0827444689474e+01
+0000000000000000025|+0000000000000000003|+0000000000000000000|+7.3000000000004e-01|-1.2133678450001e+01|+4.8809369290164e-02|+1.0956235094770e+01
+0000000000000000025|+0000000000000000003|+0000000000000000000|+7.2000000000004e-01|-1.2256580800001e+01|+4.8610627124271e-02|+1.1193729793744e+01
+0000000000000000025|+0000000000000000003|+0000000000000000000|+7.1000000000004e-01|-1.2367700300001e+01|+4.8301909331652e-02|+1.1252418495107e+01
+0000000000000000025|+0000000000000000003|+0000000000000000000|+7.0000000000004e-01|-1.2465493000001e+01|+4.8089351890744e-02|+1.1525918299899e+01
+0000000000000000025|+0000000000000000003|+0000000000000000000|+6.9000000000004e-01|-1.2601399600001e+01|+4.7441284848366e-02|+1.0889600254416e+01
+0000000000000000025|+0000000000000000003|+0000000000000000000|+6.8000000000004e-01|-1.2694836400002e+01|+4.7292913487010e-02|+1.1313735487087e+01
+0000000000000000025|+0000000000000000003|+0000000000000000000|+6.7000000000004e-01|-1.2829021700001e+01|+4.7298506230779e-02|+1.2026743659915e+01
+0000000000000000025|+0000000000000000003|+0000000000000000000|+6.6000000000004e-01|-1.2917464600002e+01|+4.7135688395177e-02|+1.2488482083905e+01
+0000000000000000025|+0000000000000000003|+0000000000000000000|+6.5000000000004e-01|-1.3102661500002e+01|+4.6527360645867e-02|+1.1843924535891e+01
+0000000000000000025|+0000000000000000003|+0000000000000000000|+6.4000000000004e-01|-1.3188806400002e+01|+4.6349801500560e-02|+1.2304825662382e+01
+0000000000000000025|+0000000000000000003|+0000000000000000000|+6.3000000000004e-01|-1.3282327900002e+01|+4.5915874652924e-02|+1.2188714051101e+01
+0000000000000000025|+0000000000000000003|+0000000000000000000|+6.2000000000004e-01|-1.3459251200002e+01|+4.5782846346991e-02|+1.2653117542402e+01
+0000000000000000025|+0000000000000000003|+0000000000000000000|+6.1000000000004e-01|-1.3544611240002e+01|+4.5349419335975e-02|+1.2567667064940e+01
+0000000000000000025|+0000000000000000003|+0000000000000000000|+6.0000000000004e-01|-1.3720558000002e+01|+4.4894294143340e-02|+1.2279517135106e+01
+0000000000000000025|+0000000000000000003|+0000000000000000000|+5.9000000000004e-01|-1.3799065625002e+01|+4.4620770654912e-02|+1.2616179277380e+01
+0000000000000000025|+0000000000000000003|+0000000000000000000|+5.8000000000004e-01|-1.3966174300002e+01|+4.4358811950072e-02|+1.2855806117770e+01
+0000000000000000025|+0000000000000000003|+0000000000000000000|+5.7000000000004e-01|-1.4028743350002e+01|+4.3900161333985e-02|+1.2769869860977e+01
+0000000000000000025|+0000000000000000003|+0000000000000000000|+5.6000000000004e-01|-1.4195639600002e+01|+4.3390398036385e-02|+1.2359137483784e+01
+0000000000000000025|+0000000000000000003|+0000000000000000000|+5.5000000000004e-01|-1.4309437875002e+01|+4.3131148508050e-02|+1.2746805252926e+01
+0000000000000000025|+0000000000000000003|+0000000000000000000|+5.4000000000004e-01|-1.4437991800002e+01|+4.2774714932279e-02|+1.2854654071115e+01
+0000000000000000025|+0000000000000000003|+0000000000000000000|+5.3000000000004e-01|-1.4526767000002e+01|+4.2302863453873e-02|+1.2706822789999e+01
+0000000000000000025|+0000000000000000003|+0000000000000000000|+5.2000000000004e-01|-1.4670280800002e+01|+4.1959495926967e-02|+1.2853869708394e+01
+0000000000000000025|+0000000000000000003|+0000000000000000000|+5.1000000000004e-01|-1.4842298500002e+01|+4.1453691047245e-02|+1.2448267477511e+01
+0000000000000000025|+0000000000000000003|+0000000000000000000|+5.0000000000004e-01|-1.4926040000002e+01|+4.0786920074029e-02|+1.1684179673601e+01
+0000000000000000025|+0000000000000000003|+0000000000000000000|+4.9000000000004e-01|-1.5049671800002e+01|+4.0554495451663e-02|+1.2268584607602e+01
+0000000000000000025|+0000000000000000003|+0000000000000000000|+4.8000000000004e-01|-1.5182894200002e+01|+4.0113369783711e-02|+1.2158967255249e+01
+0000000000000000025|+0000000000000000003|+0000000000000000000|+4.7000000000004e-01|-1.5306492500002e+01|+3.9488090257349e-02|+1.1419112437533e+01
+0000000000000000025|+0000000000000000003|+0000000000000000000|+4.6000000000004e-01|-1.5421484800003e+01|+3.9005134856733e-02|+1.1193766745611e+01
+0000000000000000025|+0000000000000000003|+0000000000000000000|+4.5000000000004e-01|-1.5541007500003e+01|+3.8542303666378e-02|+1.1037791777471e+01
+0000000000000000025|+0000000000000000003|+0000000000000000000|+4.4000000000004e-01|-1.5622815600003e+01|+3.8035998666524e-02|+1.0805198059922e+01
+0000000000000000025|+0000000000000000003|+0000000000000000000|+4.3000000000004e-01|-1.5717535250003e+01|+3.7449294257903e-02|+1.0219328269373e+01
+0000000000000000025|+0000000000000000003|+0000000000000000000|+4.2000000000004e-01|-1.5823031800003e+01|+3.7011886755405e-02|+1.0214027075880e+01
+0000000000000000025|+0000000000000000003|+0000000000000000000|+4.1000000000004e-01|-1.5950435460003e+01|+3.6353238903783e-02|+9.2182016143584e+00
+0000000000000000025|+0000000000000000003|+0000000000000000000|+4.0000000000004e-01|-1.6005780000003e+01|+3.5737466835434e-02|+8.5504761974957e+00
+0000000000000000025|+0000000000000000003|+0000000000000000000|+3.9000000000004e-01|-1.6141756000003e+01|+3.5302648695923e-02|+8.4894078400408e+00
+0000000000000000025|+0000000000000000003|+0000000000000000000|+3.8000000000004e-01|-1.6189338800003e+01|+3.4604926932130e-02|+7.4228769723661e+00
+0000000000000000025|+0000000000000000003|+0000000000000000000|+3.7000000000004e-01|-1.6271747600003e+01|+3.4046204032022e-02|+6.9009082095643e+00
+0000000000000000025|+0000000000000000003|+0000000000000000000|+3.6000000000004e-01|-1.6342966000003e+01|+3.3400130544003e-02|+5.9498755774820e+00
+0000000000000000025|+0000000000000000003|+0000000000000000000|+3.5000000000004e-01|-1.6389863520004e+01|+3.2884880922939e-02|+5.7275125368392e+00
+0000000000000000025|+0000000000000000003|+0000000000000000000|+3.4000000000004e-01|-1.6441495300004e+01|+3.2403953817859e-02|+5.7007250179376e+00
+0000000000000000025|+0000000000000000003|+0000000000000000000|+3.3000000000004e-01|-1.6494242200004e+01|+3.1591160053315e-02|+3.7733334044574e+00
+0000000000000000025|+0000000000000000003|+0000000000000000000|+3.2000000000004e-01|-1.6558908800004e+01|+3.1194657407860e-02|+4.2113533719171e+00
+0000000000000000025|+0000000000000000003|+0000000000000000000|+3.1000000000004e-01|-1.6552992300004e+01|+3.0706933567052e-02|+4.3890443511083e+00
+0000000000000000025|+0000000000000000003|+0000000000000000000|+3.0000000000004e-01|-1.6616970000004e+01|+2.9991726063600e-02|+2.8782868789511e+00
+0000000000000000025|+0000000000000000003|+0000000000000000000|+2.9000000000004e-01|-1.6653974671433e+01|+2.9539473260444e-02|+3.2137879886780e+00
+0000000000000000025|+0000000000000000003|+0000000000000000000|+2.8000000000004e-01|-1.6682371400004e+01|+2.8945890570244e-02|+2.6370402099716e+00
+0000000000000000025|+0000000000000000003|+0000000000000000000|+2.7000000000004e-01|-1.6713312850004e+01|+2.8316234427729e-02|+1.7790815229961e+00
+0000000000000000025|+0000000000000000003|+0000000000000000000|+2.6000000000004e-01|-1.6720986080005e+01|+2.7785126909422e-02|+1.8033192255489e+00
+0000000000000000025|+0000000000000000003|+0000000000000000000|+2.5000000000004e-01|-1.6734948200005e+01|+2.7219989752306e-02|+1.5968070929882e+00
+0000000000000000025|+0000000000000000003|+0000000000000000000|+2.4000000000004e-01|-1.6746823900005e+01|+2.6655134189435e-02|+1.4759297636611e+00
+0000000000000000025|+0000000000000000003|+0000000000000000000|+2.3000000000004e-01|-1.6757844600005e+01|+2.6036428944627e-02|+9.2578767961864e-01
+0000000000000000025|+0000000000000000003|+0000000000000000000|+2.2000000000004e-01|-1.6778110714291e+01|+2.5473051904057e-02|+9.6963842044167e-01
+0000000000000000025|+0000000000000000003|+0000000000000000000|+2.1000000000004e-01|-1.6787736100006e+01|+2.4868175421417e-02|+7.5325353179934e-01
+0000000000000000025|+0000000000000000003|+0000000000000000000|+2.0000000000004e-01|-1.6781480000006e+01|+2.4255857346663e-02|+6.6454523996430e-01
+0000000000000000025|+0000000000000000003|+0000000000000000000|+1.9000000000004e-01|-1.6790859800006e+01|+2.3636680492206e-02|+5.8461474346433e-01
+0000000000000000025|+0000000000000000003|+0000000000000000000|+1.8000000000004e-01|-1.6811509600007e+01|+2.3004712756122e-02|+4.8046744153891e-01
+0000000000000000025|+0000000000000000003|+0000000000000000000|+1.7000000000004e-01|-1.6814864600007e+01|+2.2389972725643e-02|+1.0062454556865e+00
+0000000000000000025|+0000000000000000003|+0000000000000000000|+1.6000000000004e-01|-1.6819778541184e+01|+2.1704739657180e-02|+7.5474896662450e-01
+0000000000000000025|+0000000000000000003|+0000000000000000000|+1.5000000000004e-01|-1.6815656800008e+01|+2.1003587420460e-02|+6.0965220453167e-01
+0000000000000000025|+0000000000000000003|+0000000000000000000|+1.4000000000004e-01|-1.6836868400009e+01|+2.0264971981653e-02|-4.4966883661829e-02
+0000000000000000025|+0000000000000000003|+0000000000000000000|+1.3000000000004e-01|-1.6834239814295e+01|+1.9550825896462e-02|+5.0381785120027e-01
+0000000000000000025|+0000000000000000003|+0000000000000000000|+1.2000000000004e-01|-1.6833280400010e+01|+1.8790253943519e-02|+7.2150770650910e-01
+0000000000000000025|+0000000000000000003|+0000000000000000000|+1.1000000000004e-01|-1.6832541700011e+01|+1.8002164680105e-02|+1.1467493190567e+00
+0000000000000000025|+0000000000000000003|+0000000000000000000|+1.0000000000004e-01|-1.6840120600012e+01|+1.7122378939032e-02|-2.5466305444399e-01
+0000000000000000025|+0000000000000000003|+0000000000000000000|+9.0000000000041e-02|-1.6838740750013e+01|+1.6252809555929e-02|+9.7205344718645e-02
+0000000000000000025|+0000000000000000003|+0000000000000000000|+8.0000000000041e-02|-1.6838616906682e+01|+1.5334659678579e-02|+6.5521410239830e-01
+0000000000000000025|+0000000000000000003|+0000000000000000000|+7.0000000000041e-02|-1.6841692800017e+01|+1.4318972100207e-02|-7.7426712232244e-01
+0000000000000000025|+0000000000000000003|+0000000000000000000|+6.0000000000041e-02|-1.6840558575020e+01|+1.3260636560799e-02|-6.0126083564415e-01
+0000000000000000025|+0000000000000000003|+0000000000000000000|+5.0000000000041e-02|-1.6842463580024e+01|+1.2118273061488e-02|+5.0215535339464e-01
+0000000000000000025|+0000000000000000003|+0000000000000000000|+4.0000000000041e-02|-1.6844568608030e+01|+1.0832924220901e-02|-2.3601550753222e-01
+0000000000000000025|+0000000000000000003|+0000000000000000000|+3.0000000000041e-02|-1.6841080036040e+01|+9.3867412683415e-03|+8.7622710419021e-01
+0000000000000000025|+0000000000000000003|+0000000000000000000|+2.0000000000041e-02|-1.6844405608393e+01|+7.6565316317007e-03|-1.8049209326277e+00
+0000000000000000025|+0000000000000000003|+0000000000000000000|+1.0000000000041e-02|-1.6842058082729e+01|+5.4188255217861e-03|+1.8675585692549e+00
