#
# QHS - DATA
#
# ----------------------------------------
#
# Size                 = +0000000000000000016
# Model                = Open-1D
# Algorithm            = SSE
# Start-Temperature    = +0.0000000000000e+00
# End-Temperature      = +4.0000000000000e+00
# Temperature-Step     = +1.0000000000000e-02
#
# Size              | Model-Index        | Algorithm-Index    | Temperature        | AverageEnergy      | StdDvOfEnergy      | AverageCHeat      
# ------------------------------------------------------------------------------------------------------
+0000000000000000016|+0000000000000000000|+0000000000000000000|+4.0000000000000e+00|-7.6200000000000e-01|+4.5697203672023e-02|+1.7701600000000e-01
+0000000000000000016|+0000000000000000000|+0000000000000000000|+3.9900000000000e+00|-7.6927349999997e-01|+4.5957571819675e-02|+1.9390397750004e-01
+0000000000000000016|+0000000000000000000|+0000000000000000000|+3.9800000000000e+00|-7.2531099999999e-01|+4.5697160419165e-02|+1.9371219750000e-01
+0000000000000000016|+0000000000000000000|+0000000000000000000|+3.9700000000000e+00|-7.8227109999999e-01|+4.5908113642365e-02|+1.9544094310001e-01
+0000000000000000016|+0000000000000000000|+0000000000000000000|+3.9600000000000e+00|-7.4867879999999e-01|+4.5648662252903e-02|+1.9265583910001e-01
+0000000000000000016|+0000000000000000000|+0000000000000000000|+3.9500000000000e+00|-7.3889850000000e-01|+4.5701187927969e-02|+2.0206685510000e-01
+0000000000000000016|+0000000000000000000|+0000000000000000000|+3.9400000000000e+00|-7.7063779999997e-01|+4.5829963917512e-02|+2.0552208310003e-01
+0000000000000000016|+0000000000000000000|+0000000000000000000|+3.9300000000000e+00|-7.5122550000000e-01|+4.5576104561993e-02|+1.9941337750001e-01
+0000000000000000016|+0000000000000000000|+0000000000000000000|+3.9200000000000e+00|-7.4710240000001e-01|+4.5308822219613e-02|+1.8860627159999e-01
+0000000000000000016|+0000000000000000000|+0000000000000000000|+3.9100000000000e+00|-7.4098690000001e-01|+4.5498128555722e-02|+2.0532101189999e-01
+0000000000000000016|+0000000000000000000|+0000000000000000000|+3.9000000000000e+00|-7.4685600000001e-01|+4.5504408760559e-02|+2.0819875839999e-01
+0000000000000000016|+0000000000000000000|+0000000000000000000|+3.8900000000000e+00|-7.7428395000000e-01|+4.5462512603600e-02|+2.0267306697500e-01
+0000000000000000016|+0000000000000000000|+0000000000000000000|+3.8800000000000e+00|-7.9208320000001e-01|+4.5710628682892e-02|+2.1716199040000e-01
+0000000000000000016|+0000000000000000000|+0000000000000000000|+3.8700000000000e+00|-7.4786880000000e-01|+4.5177910947303e-02|+2.0041818240000e-01
+0000000000000000016|+0000000000000000000|+0000000000000000000|+3.8600000000000e+00|-7.6573680000002e-01|+4.5425809061870e-02|+2.1492078559998e-01
+0000000000000000016|+0000000000000000000|+0000000000000000000|+3.8500000000000e+00|-7.9604149999999e-01|+4.5513200070593e-02|+2.1657497590002e-01
+0000000000000000016|+0000000000000000000|+0000000000000000000|+3.8400000000000e+00|-7.9917120000001e-01|+4.5489555272314e-02|+2.1851329760000e-01
+0000000000000000016|+0000000000000000000|+0000000000000000000|+3.8300000000000e+00|-7.8272840000002e-01|+4.5177999306581e-02|+2.0779508959999e-01
+0000000000000000016|+0000000000000000000|+0000000000000000000|+3.8200000000000e+00|-7.8812179999998e-01|+4.5166707557488e-02|+2.0987975990001e-01
+0000000000000000016|+0000000000000000000|+0000000000000000000|+3.8100000000000e+00|-8.0557890000001e-01|+4.5335750395398e-02|+2.2006542389999e-01
+0000000000000000016|+0000000000000000000|+0000000000000000000|+3.8000000000000e+00|-7.8978399999998e-01|+4.5061340146205e-02|+2.1135969760002e-01
+0000000000000000016|+0000000000000000000|+0000000000000000000|+3.7900000000000e+00|-7.9276980000001e-01|+4.5161664280813e-02|+2.2115009559997e-01
+0000000000000000016|+0000000000000000000|+0000000000000000000|+3.7800000000000e+00|-7.8652920000001e-01|+4.5088068469902e-02|+2.2250398039999e-01
+0000000000000000016|+0000000000000000000|+0000000000000000000|+3.7700000000000e+00|-7.7584730000001e-01|+4.4941434012027e-02|+2.2042375990000e-01
+0000000000000000016|+0000000000000000000|+0000000000000000000|+3.7600000000000e+00|-7.8959840000003e-01|+4.4898441875860e-02|+2.1841012439996e-01
+0000000000000000016|+0000000000000000000|+0000000000000000000|+3.7500000000000e+00|-8.0988750000001e-01|+4.4801902942677e-02|+2.1123695909997e-01
+0000000000000000016|+0000000000000000000|+0000000000000000000|+3.7400000000000e+00|-8.2671280000002e-01|+4.5084217394754e-02|+2.2926936159999e-01
+0000000000000000016|+0000000000000000000|+0000000000000000000|+3.7300000000000e+00|-7.9377410000001e-01|+4.4801804970780e-02|+2.2437685110000e-01
+0000000000000000016|+0000000000000000000|+0000000000000000000|+3.7200000000000e+00|-7.9595160000001e-01|+4.4551812607866e-02|+2.1214267910000e-01
+0000000000000000016|+0000000000000000000|+0000000000000000000|+3.7100000000000e+00|-7.7211900000001e-01|+4.4559046745286e-02|+2.2348278999999e-01
+0000000000000000016|+0000000000000000000|+0000000000000000000|+3.7000000000000e+00|-7.7498900000000e-01|+4.4499157548095e-02|+2.2332437910001e-01
+0000000000000000016|+0000000000000000000|+0000000000000000000|+3.6900000000000e+00|-8.1637499999999e-01|+4.4569023647870e-02|+2.2121375000001e-01
+0000000000000000016|+0000000000000000000|+0000000000000000000|+3.6800000000000e+00|-8.5625600000000e-01|+4.4814716231674e-02|+2.3116710999999e-01
+0000000000000000016|+0000000000000000000|+0000000000000000000|+3.6700000000000e+00|-8.0050640000000e-01|+4.4583868922434e-02|+2.3571839360001e-01
+0000000000000000016|+0000000000000000000|+0000000000000000000|+3.6600000000000e+00|-8.2093740000000e-01|+4.4581326126441e-02|+2.3465376790000e-01
+0000000000000000016|+0000000000000000000|+0000000000000000000|+3.6500000000000e+00|-8.0990850000001e-01|+4.4461328203657e-02|+2.3437449589999e-01
+0000000000000000016|+0000000000000000000|+0000000000000000000|+3.6400000000000e+00|-8.2788240000000e-01|+4.4577760558946e-02|+2.4199132440000e-01
+0000000000000000016|+0000000000000000000|+0000000000000000000|+3.6300000000000e+00|-8.6213280000003e-01|+4.4672142383670e-02|+2.4375728639997e-01
+0000000000000000016|+0000000000000000000|+0000000000000000000|+3.6200000000000e+00|-7.8144359999998e-01|+4.4152657783206e-02|+2.3570683160002e-01
+0000000000000000016|+0000000000000000000|+0000000000000000000|+3.6100000000000e+00|-8.3028376666668e-01|+4.4274058799812e-02|+2.3519910345556e-01
+0000000000000000016|+0000000000000000000|+0000000000000000000|+3.6000000000000e+00|-7.9784400000001e-01|+4.3945331201162e-02|+2.2667837590000e-01
+0000000000000000016|+0000000000000000000|+0000000000000000000|+3.5900000000000e+00|-8.4875409999998e-01|+4.4226503542954e-02|+2.3652461990002e-01
+0000000000000000016|+0000000000000000000|+0000000000000000000|+3.5800000000000e+00|-8.2926750000001e-01|+4.4176264425348e-02|+2.4341423437500e-01
+0000000000000000016|+0000000000000000000|+0000000000000000000|+3.5700000000000e+00|-8.3148810000000e-01|+4.4214958082166e-02|+2.5043411110003e-01
+0000000000000000016|+0000000000000000000|+0000000000000000000|+3.5600000000000e+00|-8.4959120000000e-01|+4.4151149988339e-02|+2.4592431960001e-01
+0000000000000000016|+0000000000000000000|+0000000000000000000|+3.5500000000000e+00|-8.3752299999999e-01|+4.4080341197581e-02|+2.4940409240001e-01
+0000000000000000016|+0000000000000000000|+0000000000000000000|+3.5400000000000e+00|-8.4318540000002e-01|+4.3942678730638e-02|+2.4320779990000e-01
+0000000000000000016|+0000000000000000000|+0000000000000000000|+3.5300000000000e+00|-8.5133735000000e-01|+4.4035549530598e-02|+2.5252078497501e-01
+0000000000000000016|+0000000000000000000|+0000000000000000000|+3.5200000000000e+00|-8.2895680000001e-01|+4.3841885067388e-02|+2.5029529440001e-01
+0000000000000000016|+0000000000000000000|+0000000000000000000|+3.5100000000000e+00|-8.6870370000001e-01|+4.4128032142650e-02|+2.6454614310000e-01
+0000000000000000016|+0000000000000000000|+0000000000000000000|+3.5000000000000e+00|-8.4792375000001e-01|+4.3931930675443e-02|+2.6167201544375e-01
+0000000000000000016|+0000000000000000000|+0000000000000000000|+3.4900000000000e+00|-8.6336120000000e-01|+4.3877105671109e-02|+2.5857326560002e-01
+0000000000000000016|+0000000000000000000|+0000000000000000000|+3.4800000000000e+00|-8.7091800000002e-01|+4.3828703819021e-02|+2.5819437749998e-01
+0000000000000000016|+0000000000000000000|+0000000000000000000|+3.4700000000000e+00|-8.6692175000002e-01|+4.3652772148391e-02|+2.5189322437500e-01
+0000000000000000016|+0000000000000000000|+0000000000000000000|+3.4600000000000e+00|-8.9473860000002e-01|+4.4029738195356e-02|+2.7677539190000e-01
+0000000000000000016|+0000000000000000000|+0000000000000000000|+3.4500000000000e+00|-8.8438500000003e-01|+4.3822150052924e-02|+2.6996510999999e-01
+0000000000000000016|+0000000000000000000|+0000000000000000000|+3.4400000000000e+00|-8.7529786666668e-01|+4.3577979034752e-02|+2.6006277598890e-01
+0000000000000000016|+0000000000000000000|+0000000000000000000|+3.4300000000000e+00|-8.7003850000004e-01|+4.3605234199540e-02|+2.6906569749996e-01
+0000000000000000016|+0000000000000000000|+0000000000000000000|+3.4200000000000e+00|-9.0827940000001e-01|+4.3686915732450e-02|+2.6950531510001e-01
+0000000000000000016|+0000000000000000000|+0000000000000000000|+3.4100000000000e+00|-8.8367850000000e-01|+4.3454681371483e-02|+2.6490667750002e-01
+0000000000000000016|+0000000000000000000|+0000000000000000000|+3.4000000000000e+00|-8.6968200000002e-01|+4.3409969182551e-02|+2.7123278710001e-01
+0000000000000000016|+0000000000000000000|+0000000000000000000|+3.3900000000000e+00|-8.6528160000003e-01|+4.3244813160155e-02|+2.6570112640000e-01
+0000000000000000016|+0000000000000000000|+0000000000000000000|+3.3800000000000e+00|-9.1483940000001e-01|+4.3373656302263e-02|+2.6642118309999e-01
+0000000000000000016|+0000000000000000000|+0000000000000000000|+3.3700000000000e+00|-8.9274790000003e-01|+4.3602939759151e-02|+2.9622537110000e-01
+0000000000000000016|+0000000000000000000|+0000000000000000000|+3.3600000000000e+00|-8.8256640000002e-01|+4.3309893789400e-02|+2.8257601239999e-01
+0000000000000000016|+0000000000000000000|+0000000000000000000|+3.3500000000000e+00|-8.9802450000000e-01|+4.3285369983003e-02|+2.8188699910003e-01
+0000000000000000016|+0000000000000000000|+0000000000000000000|+3.3400000000000e+00|-9.2984100000004e-01|+4.3105870243818e-02|+2.6431867749997e-01
+0000000000000000016|+0000000000000000000|+0000000000000000000|+3.3300000000000e+00|-8.9168700000003e-01|+4.3176257910197e-02|+2.8706278999998e-01
+0000000000000000016|+0000000000000000000|+0000000000000000000|+3.3200000000000e+00|-8.9507840000001e-01|+4.3005612262285e-02|+2.7864322560002e-01
+0000000000000000016|+0000000000000000000|+0000000000000000000|+3.3100000000000e+00|-9.1153920000001e-01|+4.3121875359263e-02|+2.8873477760002e-01
+0000000000000000016|+0000000000000000000|+0000000000000000000|+3.3000000000000e+00|-9.1509450000004e-01|+4.3112285981228e-02|+2.9293126777497e-01
+0000000000000000016|+0000000000000000000|+0000000000000000000|+3.2900000000000e+00|-8.9669730000002e-01|+4.2792393471401e-02|+2.7923098310000e-01
+0000000000000000016|+0000000000000000000|+0000000000000000000|+3.2800000000000e+00|-9.1760400000002e-01|+4.2970382647783e-02|+2.9306869750002e-01
+0000000000000000016|+0000000000000000000|+0000000000000000000|+3.2700000000000e+00|-8.9619040000003e-01|+4.2768635745312e-02|+2.8960247182223e-01
+0000000000000000016|+0000000000000000000|+0000000000000000000|+3.2600000000000e+00|-9.0932240000002e-01|+4.2804748777883e-02|+2.9463302240002e-01
+0000000000000000016|+0000000000000000000|+0000000000000000000|+3.2500000000000e+00|-9.1479000000004e-01|+4.2588000650065e-02|+2.8165649759999e-01
+0000000000000000016|+0000000000000000000|+0000000000000000000|+3.2400000000000e+00|-9.0332040000002e-01|+4.2642068862780e-02|+2.9577083590002e-01
+0000000000000000016|+0000000000000000000|+0000000000000000000|+3.2300000000000e+00|-9.3915250000000e-01|+4.2883626394181e-02|+3.1077193750004e-01
+0000000000000000016|+0000000000000000000|+0000000000000000000|+3.2200000000000e+00|-9.2450620000001e-01|+4.2811045481017e-02|+3.1577807590003e-01
+0000000000000000016|+0000000000000000000|+0000000000000000000|+3.2100000000000e+00|-9.4311630000002e-01|+4.2536241271998e-02|+2.9372827909999e-01
+0000000000000000016|+0000000000000000000|+0000000000000000000|+3.2000000000000e+00|-9.2177600000001e-01|+4.2534381127980e-02|+3.0666439510002e-01
+0000000000000000016|+0000000000000000000|+0000000000000000000|+3.1900000000000e+00|-9.2953860000003e-01|+4.2666723202490e-02|+3.2182703639999e-01
+0000000000000000016|+0000000000000000000|+0000000000000000000|+3.1800000000000e+00|-9.5717910000004e-01|+4.2581601692898e-02|+3.1261473997497e-01
+0000000000000000016|+0000000000000000000|+0000000000000000000|+3.1700000000000e+00|-9.3060010000002e-01|+4.2269866494341e-02|+3.0133915910003e-01
+0000000000000000016|+0000000000000000000|+0000000000000000000|+3.1600000000000e+00|-9.2123840000004e-01|+4.2365292139136e-02|+3.1898650240000e-01
+0000000000000000016|+0000000000000000000|+0000000000000000000|+3.1500000000000e+00|-9.4113750000002e-01|+4.2321102191206e-02|+3.1563443750001e-01
+0000000000000000016|+0000000000000000000|+0000000000000000000|+3.1400000000000e+00|-9.4577580000002e-01|+4.2432799821171e-02|+3.3052947910003e-01
+0000000000000000016|+0000000000000000000|+0000000000000000000|+3.1300000000000e+00|-9.8578390000002e-01|+4.2563110666269e-02|+3.3596021910000e-01
+0000000000000000016|+0000000000000000000|+0000000000000000000|+3.1200000000000e+00|-9.5917200000002e-01|+4.2269450061273e-02|+3.2592257750003e-01
+0000000000000000016|+0000000000000000000|+0000000000000000000|+3.1100000000000e+00|-9.6124570000001e-01|+4.2294443021681e-02|+3.3440888310003e-01
+0000000000000000016|+0000000000000000000|+0000000000000000000|+3.1000000000000e+00|-1.0021760000000e+00|+4.2399804018892e-02|+3.3755363839997e-01
+0000000000000000016|+0000000000000000000|+0000000000000000000|+3.0900000000000e+00|-9.5888190000001e-01|+4.2154377761292e-02|+3.3699831190004e-01
+0000000000000000016|+0000000000000000000|+0000000000000000000|+3.0800000000000e+00|-9.8870320000002e-01|+4.1989568116546e-02|+3.1985466840002e-01
+0000000000000000016|+0000000000000000000|+0000000000000000000|+3.0700000000000e+00|-9.8694860000005e-01|+4.2176945185330e-02|+3.4427271959997e-01
+0000000000000000016|+0000000000000000000|+0000000000000000000|+3.0600000000000e+00|-9.6558240000004e-01|+4.1975391888980e-02|+3.4045571839999e-01
+0000000000000000016|+0000000000000000000|+0000000000000000000|+3.0500000000000e+00|-9.6139600000003e-01|+4.1849827824345e-02|+3.3782012160002e-01
+0000000000000000016|+0000000000000000000|+0000000000000000000|+3.0400000000000e+00|-9.8780960000005e-01|+4.1872715907241e-02|+3.3852891989997e-01
+0000000000000000016|+0000000000000000000|+0000000000000000000|+3.0300000000000e+00|-9.8734440000005e-01|+4.1997837525456e-02|+3.5751028959998e-01
+0000000000000000016|+0000000000000000000|+0000000000000000000|+3.0200000000000e+00|-1.0265830000000e+00|+4.1918926604243e-02|+3.4482327750003e-01
+0000000000000000016|+0000000000000000000|+0000000000000000000|+3.0100000000000e+00|-9.9947900000002e-01|+4.1907647847985e-02|+3.6035159000001e-01
+0000000000000000016|+0000000000000000000|+0000000000000000000|+3.0000000000000e+00|-1.0217400000000e+00|+4.1971179340466e-02|+3.6653526360000e-01
+0000000000000000016|+0000000000000000000|+0000000000000000000|+2.9900000000000e+00|-9.9154200000003e-01|+4.1550796987503e-02|+3.4515836000000e-01
+0000000000000000016|+0000000000000000000|+0000000000000000000|+2.9800000000000e+00|-1.0337940000000e+00|+4.1883043359915e-02|+3.6985191000000e-01
+0000000000000000016|+0000000000000000000|+0000000000000000000|+2.9700000000000e+00|-1.0050591000000e+00|+4.1516609448952e-02|+3.5280293910002e-01
+0000000000000000016|+0000000000000000000|+0000000000000000000|+2.9600000000000e+00|-1.0346328000000e+00|+4.1666268399134e-02|+3.6483405510001e-01
+0000000000000000016|+0000000000000000000|+0000000000000000000|+2.9500000000000e+00|-1.0199435000000e+00|+4.1477304877039e-02|+3.5973737510003e-01
+0000000000000000016|+0000000000000000000|+0000000000000000000|+2.9400000000000e+00|-1.0341738000000e+00|+4.1609701213333e-02|+3.7559234709998e-01
+0000000000000000016|+0000000000000000000|+0000000000000000000|+2.9300000000000e+00|-1.0393487000001e+00|+4.1474518959876e-02|+3.6888553189998e-01
+0000000000000000016|+0000000000000000000|+0000000000000000000|+2.9200000000000e+00|-1.0373692000000e+00|+4.1328856099871e-02|+3.6356695990002e-01
+0000000000000000016|+0000000000000000000|+0000000000000000000|+2.9100000000000e+00|-1.0487937000000e+00|+4.1375455088886e-02|+3.7234813509998e-01
+0000000000000000016|+0000000000000000000|+0000000000000000000|+2.9000000000000e+00|-1.0180930000000e+00|+4.1150543873213e-02|+3.6914501109999e-01
+0000000000000000016|+0000000000000000000|+0000000000000000000|+2.8900000000000e+00|-1.0329211000000e+00|+4.1263714748347e-02|+3.8344809989999e-01
+0000000000000000016|+0000000000000000000|+0000000000000000000|+2.8800000000000e+00|-1.0483392000000e+00|+4.1430589905918e-02|+4.0316411190000e-01
+0000000000000000016|+0000000000000000000|+0000000000000000000|+2.8700000000000e+00|-1.0849598500001e+00|+4.1218723738824e-02|+3.7778753097499e-01
+0000000000000000016|+0000000000000000000|+0000000000000000000|+2.8600000000000e+00|-1.0459912000000e+00|+4.1056347359673e-02|+3.8363931360000e-01
+0000000000000000016|+0000000000000000000|+0000000000000000000|+2.8500000000000e+00|-1.0691790000001e+00|+4.1227702202995e-02|+4.0146191639997e-01
+0000000000000000016|+0000000000000000000|+0000000000000000000|+2.8400000000000e+00|-1.0247784000000e+00|+4.0945991702645e-02|+3.9720481240003e-01
+0000000000000000016|+0000000000000000000|+0000000000000000000|+2.8300000000000e+00|-1.0576040000000e+00|+4.0884904070531e-02|+3.8813856000001e-01
+0000000000000000016|+0000000000000000000|+0000000000000000000|+2.8200000000000e+00|-1.0782912000000e+00|+4.0949264513868e-02|+3.9622813440001e-01
+0000000000000000016|+0000000000000000000|+0000000000000000000|+2.8100000000000e+00|-1.0575728000000e+00|+4.0724643398415e-02|+3.8930962559998e-01
+0000000000000000016|+0000000000000000000|+0000000000000000000|+2.8000000000000e+00|-1.1111640000000e+00|+4.1141124385729e-02|+4.2257262310004e-01
+0000000000000000016|+0000000000000000000|+0000000000000000000|+2.7900000000000e+00|-1.0579791000000e+00|+4.0638662859256e-02|+3.9813157590003e-01
+0000000000000000016|+0000000000000000000|+0000000000000000000|+2.7800000000000e+00|-1.0492808000000e+00|+4.0402041007440e-02|+3.8554115039997e-01
+0000000000000000016|+0000000000000000000|+0000000000000000000|+2.7700000000000e+00|-1.0762818000001e+00|+4.0485470786856e-02|+3.9363132439998e-01
+0000000000000000016|+0000000000000000000|+0000000000000000000|+2.7600000000000e+00|-1.1010864000000e+00|+4.0650767166939e-02|+4.1144163040004e-01
+0000000000000000016|+0000000000000000000|+0000000000000000000|+2.7500000000000e+00|-1.1172250000001e+00|+4.0840551232813e-02|+4.3543398999999e-01
+0000000000000000016|+0000000000000000000|+0000000000000000000|+2.7400000000000e+00|-1.0733316000000e+00|+4.0450057022895e-02|+4.1884308440000e-01
+0000000000000000016|+0000000000000000000|+0000000000000000000|+2.7300000000000e+00|-1.1431428000000e+00|+4.0602973763368e-02|+4.1944563040006e-01
+0000000000000000016|+0000000000000000000|+0000000000000000000|+2.7200000000000e+00|-1.1431712000001e+00|+4.0824365621917e-02|+4.5350291839999e-01
+0000000000000000016|+0000000000000000000|+0000000000000000000|+2.7100000000000e+00|-1.1427695000000e+00|+4.0573546319654e-02|+4.3587029750003e-01
+0000000000000000016|+0000000000000000000|+0000000000000000000|+2.7000000000000e+00|-1.1176950000001e+00|+4.0497361547720e-02|+4.4663187749999e-01
+0000000000000000016|+0000000000000000000|+0000000000000000000|+2.6900000000000e+00|-1.1562103000001e+00|+4.0643545592102e-02|+4.5875822310000e-01
+0000000000000000016|+0000000000000000000|+0000000000000000000|+2.6800000000000e+00|-1.1277876000000e+00|+4.0327736925908e-02|+4.4402519510003e-01
+0000000000000000016|+0000000000000000000|+0000000000000000000|+2.6700000000000e+00|-1.2000732000000e+00|+4.0681412472975e-02|+4.6731231840004e-01
+0000000000000000016|+0000000000000000000|+0000000000000000000|+2.6600000000000e+00|-1.1321906000001e+00|+4.0066055266343e-02|+4.3313013189999e-01
+0000000000000000016|+0000000000000000000|+0000000000000000000|+2.6500000000000e+00|-1.1804045000001e+00|+4.0331831284972e-02|+4.5558811909998e-01
+0000000000000000016|+0000000000000000000|+0000000000000000000|+2.6400000000000e+00|-1.1324160000000e+00|+4.0167677101406e-02|+4.6533964000003e-01
+0000000000000000016|+0000000000000000000|+0000000000000000000|+2.6300000000000e+00|-1.1492692000001e+00|+4.0222847496656e-02|+4.7594713439998e-01
+0000000000000000016|+0000000000000000000|+0000000000000000000|+2.6200000000000e+00|-1.1905340000001e+00|+4.0174098129273e-02|+4.6526550999997e-01
+0000000000000000016|+0000000000000000000|+0000000000000000000|+2.6100000000000e+00|-1.1769492000001e+00|+4.0071864070579e-02|+4.6925320160001e-01
+0000000000000000016|+0000000000000000000|+0000000000000000000|+2.6000000000000e+00|-1.1648840000001e+00|+3.9964723001203e-02|+4.7211468439997e-01
+0000000000000000016|+0000000000000000000|+0000000000000000000|+2.5900000000000e+00|-1.1230332000001e+00|+3.9907777204925e-02|+4.9247300959998e-01
+0000000000000000016|+0000000000000000000|+0000000000000000000|+2.5800000000000e+00|-1.1803026000001e+00|+3.9929475523038e-02|+4.8402365909997e-01
+0000000000000000016|+0000000000000000000|+0000000000000000000|+2.5700000000000e+00|-1.2024157000001e+00|+4.0072436723487e-02|+5.0397245989997e-01
+0000000000000000016|+0000000000000000000|+0000000000000000000|+2.5600000000000e+00|-1.2053920000001e+00|+3.9781666857177e-02|+4.7888550999999e-01
+0000000000000000016|+0000000000000000000|+0000000000000000000|+2.5500000000000e+00|-1.1940675000001e+00|+3.9721382992931e-02|+4.8734067749995e-01
+0000000000000000016|+0000000000000000000|+0000000000000000000|+2.5400000000000e+00|-1.1969802000001e+00|+3.9719963555262e-02|+4.9752738310001e-01
+0000000000000000016|+0000000000000000000|+0000000000000000000|+2.5300000000000e+00|-1.2001727000001e+00|+3.9668362144322e-02|+5.0153557190004e-01
+0000000000000000016|+0000000000000000000|+0000000000000000000|+2.5200000000000e+00|-1.2026001000001e+00|+3.9551285245419e-02|+4.9775212419369e-01
+0000000000000000016|+0000000000000000000|+0000000000000000000|+2.5100000000000e+00|-1.1770296000001e+00|+3.9259583010498e-02|+4.8328803839997e-01
+0000000000000000016|+0000000000000000000|+0000000000000000000|+2.5000000000000e+00|-1.2252750000001e+00|+3.9678032991414e-02|+5.2859218789998e-01
+0000000000000000016|+0000000000000000000|+0000000000000000000|+2.4900000000000e+00|-1.2518373000001e+00|+3.9634875310350e-02|+5.2468308710000e-01
+0000000000000000016|+0000000000000000000|+0000000000000000000|+2.4800000000000e+00|-1.2294349333334e+00|+3.9393280255093e-02|+5.1504858665558e-01
+0000000000000000016|+0000000000000000000|+0000000000000000000|+2.4700000000000e+00|-1.2241601000001e+00|+3.9325101177430e-02|+5.2072873110002e-01
+0000000000000000016|+0000000000000000000|+0000000000000000000|+2.4600000000000e+00|-1.2433326000001e+00|+3.9306432930816e-02|+5.2297136390001e-01
+0000000000000000016|+0000000000000000000|+0000000000000000000|+2.4500000000000e+00|-1.2274690000001e+00|+3.9250015691425e-02|+5.3466017559998e-01
+0000000000000000016|+0000000000000000000|+0000000000000000000|+2.4400000000000e+00|-1.2522684000000e+00|+3.9440396285054e-02|+5.6240898790008e-01
+0000000000000000016|+0000000000000000000|+0000000000000000000|+2.4300000000000e+00|-1.2542448000001e+00|+3.9193696954427e-02|+5.4185639040001e-01
+0000000000000000016|+0000000000000000000|+0000000000000000000|+2.4200000000000e+00|-1.2433312000001e+00|+3.8943541059458e-02|+5.2602551039999e-01
+0000000000000000016|+0000000000000000000|+0000000000000000000|+2.4100000000000e+00|-1.2550799666667e+00|+3.9012937685140e-02|+5.4343560532221e-01
+0000000000000000016|+0000000000000000000|+0000000000000000000|+2.4000000000000e+00|-1.2518400000001e+00|+3.8967241447537e-02|+5.5182719000002e-01
+0000000000000000016|+0000000000000000000|+0000000000000000000|+2.3900000000000e+00|-1.2548512000000e+00|+3.8807540706768e-02|+5.4220895360003e-01
+0000000000000000016|+0000000000000000000|+0000000000000000000|+2.3800000000000e+00|-1.2853184000001e+00|+3.9028858377370e-02|+5.7321813760001e-01
+0000000000000000016|+0000000000000000000|+0000000000000000000|+2.3700000000000e+00|-1.2726817500001e+00|+3.9000647365412e-02|+5.8844347437501e-01
+0000000000000000016|+0000000000000000000|+0000000000000000000|+2.3600000000000e+00|-1.2898036000001e+00|+3.8832132931344e-02|+5.7165703990000e-01
+0000000000000000016|+0000000000000000000|+0000000000000000000|+2.3500000000000e+00|-1.2871780000001e+00|+3.8725155369572e-02|+5.7175348959995e-01
+0000000000000000016|+0000000000000000000|+0000000000000000000|+2.3400000000000e+00|-1.3159830000001e+00|+3.8716749691081e-02|+5.7235149749997e-01
+0000000000000000016|+0000000000000000000|+0000000000000000000|+2.3300000000000e+00|-1.3101542000001e+00|+3.8703686728255e-02|+5.8724537239998e-01
+0000000000000000016|+0000000000000000000|+0000000000000000000|+2.3200000000000e+00|-1.2931232000001e+00|+3.8564679519126e-02|+5.8910746240000e-01
+0000000000000000016|+0000000000000000000|+0000000000000000000|+2.3100000000000e+00|-1.3244694000001e+00|+3.8697112841924e-02|+6.0927337239988e-01
+0000000000000000016|+0000000000000000000|+0000000000000000000|+2.3000000000000e+00|-1.3026630000001e+00|+3.8453085959714e-02|+5.9807082390004e-01
+0000000000000000016|+0000000000000000000|+0000000000000000000|+2.2900000000000e+00|-1.3530360000001e+00|+3.8625572880650e-02|+6.1629343999989e-01
+0000000000000000016|+0000000000000000000|+0000000000000000000|+2.2800000000000e+00|-1.3459824000001e+00|+3.8528781934974e-02|+6.2025739359995e-01
+0000000000000000016|+0000000000000000000|+0000000000000000000|+2.2700000000000e+00|-1.3476482000001e+00|+3.8603553308427e-02|+6.4608116440006e-01
+0000000000000000016|+0000000000000000000|+0000000000000000000|+2.2600000000000e+00|-1.3488312000001e+00|+3.8451573987874e-02|+6.3834254560004e-01
+0000000000000000016|+0000000000000000000|+0000000000000000000|+2.2500000000000e+00|-1.3486800000001e+00|+3.8174015394050e-02|+6.1216143359994e-01
+0000000000000000016|+0000000000000000000|+0000000000000000000|+2.2400000000000e+00|-1.3706400000001e+00|+3.8230870131127e-02|+6.2665399999996e-01
+0000000000000000016|+0000000000000000000|+0000000000000000000|+2.2300000000000e+00|-1.3827018000001e+00|+3.8342493650122e-02|+6.5436124439997e-01
+0000000000000000016|+0000000000000000000|+0000000000000000000|+2.2200000000000e+00|-1.3517154000001e+00|+3.8169540745527e-02|+6.5779427510001e-01
+0000000000000000016|+0000000000000000000|+0000000000000000000|+2.2100000000000e+00|-1.3916092000001e+00|+3.8315340948278e-02|+6.7898468960003e-01
+0000000000000000016|+0000000000000000000|+0000000000000000000|+2.2000000000000e+00|-1.4133780000001e+00|+3.8203742689784e-02|+6.6825793990008e-01
+0000000000000000016|+0000000000000000000|+0000000000000000000|+2.1900000000000e+00|-1.3704499500001e+00|+3.7884906567380e-02|+6.5416500897506e-01
+0000000000000000016|+0000000000000000000|+0000000000000000000|+2.1800000000000e+00|-1.4076838000001e+00|+3.7984480836261e-02|+6.6976987190007e-01
+0000000000000000016|+0000000000000000000|+0000000000000000000|+2.1700000000000e+00|-1.4010375000001e+00|+3.7927269796795e-02|+6.8075093750005e-01
+0000000000000000016|+0000000000000000000|+0000000000000000000|+2.1600000000000e+00|-1.4310840000001e+00|+3.8009972626883e-02|+6.9765817750003e-01
+0000000000000000016|+0000000000000000000|+0000000000000000000|+2.1500000000000e+00|-1.4317078333334e+00|+3.7900714112581e-02|+6.9714072398885e-01
+0000000000000000016|+0000000000000000000|+0000000000000000000|+2.1400000000000e+00|-1.4254402000001e+00|+3.7822940915645e-02|+7.0505633510000e-01
+0000000000000000016|+0000000000000000000|+0000000000000000000|+2.1300000000000e+00|-1.4264325000001e+00|+3.7789403860062e-02|+7.1704493750002e-01
+0000000000000000016|+0000000000000000000|+0000000000000000000|+2.1200000000000e+00|-1.4373750000001e+00|+3.7688590474078e-02|+7.1325273437495e-01
+0000000000000000016|+0000000000000000000|+0000000000000000000|+2.1100000000000e+00|-1.4828633000001e+00|+3.7922659791527e-02|+7.4987119910001e-01
+0000000000000000016|+0000000000000000000|+0000000000000000000|+2.1000000000000e+00|-1.4129970000001e+00|+3.7454261839905e-02|+7.2211355509997e-01
+0000000000000000016|+0000000000000000000|+0000000000000000000|+2.0900000000000e+00|-1.4573534333334e+00|+3.7511575049507e-02|+7.2947204345553e-01
+0000000000000000016|+0000000000000000000|+0000000000000000000|+2.0800000000000e+00|-1.4702176000001e+00|+3.7600810222095e-02|+7.5784552160006e-01
+0000000000000000016|+0000000000000000000|+0000000000000000000|+2.0700000000000e+00|-1.4717613000001e+00|+3.7356104410604e-02|+7.3381969190001e-01
+0000000000000000016|+0000000000000000000|+0000000000000000000|+2.0600000000000e+00|-1.4956870000001e+00|+3.7539251033285e-02|+7.7397239749995e-01
+0000000000000000016|+0000000000000000000|+0000000000000000000|+2.0500000000000e+00|-1.5018130000001e+00|+3.7517622772572e-02|+7.8717334040000e-01
+0000000000000000016|+0000000000000000000|+0000000000000000000|+2.0400000000000e+00|-1.4961660000001e+00|+3.7255504099435e-02|+7.6320627750004e-01
+0000000000000000016|+0000000000000000000|+0000000000000000000|+2.0300000000000e+00|-1.5091413000001e+00|+3.7406247881892e-02|+8.0439169589997e-01
+0000000000000000016|+0000000000000000000|+0000000000000000000|+2.0200000000000e+00|-1.5185842000001e+00|+3.7113442808702e-02|+7.6712059590002e-01
+0000000000000000016|+0000000000000000000|+0000000000000000000|+2.0100000000000e+00|-1.5252852000001e+00|+3.7203559952691e-02|+8.0105476960002e-01
+0000000000000000016|+0000000000000000000|+0000000000000000000|+2.0000000000000e+00|-1.5396400000001e+00|+3.7244027424514e-02|+8.2262716760002e-01
+0000000000000000016|+0000000000000000000|+0000000000000000000|+1.9900000000000e+00|-1.5392011000001e+00|+3.7039600021773e-02|+8.0615074790001e-01
+0000000000000000016|+0000000000000000000|+0000000000000000000|+1.9800000000000e+00|-1.5613005000001e+00|+3.7157299807210e-02|+8.3891787437495e-01
+0000000000000000016|+0000000000000000000|+0000000000000000000|+1.9700000000000e+00|-1.5296394000001e+00|+3.6949368462530e-02|+8.3751279960002e-01
+0000000000000000016|+0000000000000000000|+0000000000000000000|+1.9600000000000e+00|-1.5675290000001e+00|+3.6994949969533e-02|+8.4926534937499e-01
+0000000000000000016|+0000000000000000000|+0000000000000000000|+1.9500000000000e+00|-1.5894900000001e+00|+3.6835482408494e-02|+8.2976076000003e-01
+0000000000000000016|+0000000000000000000|+0000000000000000000|+1.9400000000000e+00|-1.5903835000001e+00|+3.6757362776247e-02|+8.3678979937500e-01
+0000000000000000016|+0000000000000000000|+0000000000000000000|+1.9300000000000e+00|-1.5805538500001e+00|+3.6766159146978e-02|+8.6664981697491e-01
+0000000000000000016|+0000000000000000000|+0000000000000000000|+1.9200000000000e+00|-1.6372128000001e+00|+3.6762302238003e-02|+8.5988189440004e-01
+0000000000000000016|+0000000000000000000|+0000000000000000000|+1.9100000000000e+00|-1.5960327000001e+00|+3.6533925650352e-02|+8.5935693910001e-01
+0000000000000000016|+0000000000000000000|+0000000000000000000|+1.9000000000000e+00|-1.6055300000001e+00|+3.6678479971223e-02|+9.0755031000005e-01
+0000000000000000016|+0000000000000000000|+0000000000000000000|+1.8900000000000e+00|-1.6229298000001e+00|+3.6501999405831e-02|+8.8681444760001e-01
+0000000000000000016|+0000000000000000000|+0000000000000000000|+1.8800000000000e+00|-1.6368298000001e+00|+3.6594571756635e-02|+9.2322533777510e-01
+0000000000000000016|+0000000000000000000|+0000000000000000000|+1.8700000000000e+00|-1.6554968000001e+00|+3.6510051543451e-02|+9.2088039040003e-01
+0000000000000000016|+0000000000000000000|+0000000000000000000|+1.8600000000000e+00|-1.6789494000001e+00|+3.6461499926933e-02|+9.2358493590003e-01
+0000000000000000016|+0000000000000000000|+0000000000000000000|+1.8500000000000e+00|-1.6577627500001e+00|+3.6319034471580e-02|+9.3061869677502e-01
+0000000000000000016|+0000000000000000000|+0000000000000000000|+1.8400000000000e+00|-1.6897576000001e+00|+3.6316294566618e-02|+9.3875816789995e-01
+0000000000000000016|+0000000000000000000|+0000000000000000000|+1.8300000000000e+00|-1.6800766500002e+00|+3.6224638999023e-02|+9.5072776497483e-01
+0000000000000000016|+0000000000000000000|+0000000000000000000|+1.8200000000000e+00|-1.6802612000001e+00|+3.6282102467655e-02|+9.9007300439988e-01
+0000000000000000016|+0000000000000000000|+0000000000000000000|+1.8100000000000e+00|-1.6851042000001e+00|+3.6067760277670e-02|+9.6761204760005e-01
+0000000000000000016|+0000000000000000000|+0000000000000000000|+1.8000000000000e+00|-1.7054760000001e+00|+3.6197881567924e-02|+1.0128701276000e+00
+0000000000000000016|+0000000000000000000|+0000000000000000000|+1.7900000000000e+00|-1.7220031500001e+00|+3.6032406200790e-02|+9.9471270977499e-01
+0000000000000000016|+0000000000000000000|+0000000000000000000|+1.7800000000000e+00|-1.7121258000001e+00|+3.5913368139157e-02|+1.0017126679000e+00
+0000000000000000016|+0000000000000000000|+0000000000000000000|+1.7700000000000e+00|-1.7224152000002e+00|+3.5754736729569e-02|+9.8840010239986e-01
+0000000000000000016|+0000000000000000000|+0000000000000000000|+1.7600000000000e+00|-1.7565296000001e+00|+3.5927978256431e-02|+1.0380337359000e+00
+0000000000000000016|+0000000000000000000|+0000000000000000000|+1.7500000000000e+00|-1.7576175000001e+00|+3.5769833071531e-02|+1.0302692159000e+00
+0000000000000000016|+0000000000000000000|+0000000000000000000|+1.7400000000000e+00|-1.7997126000001e+00|+3.5901429996697e-02|+1.0672935399000e+00
+0000000000000000016|+0000000000000000000|+0000000000000000000|+1.7300000000000e+00|-1.8197350000001e+00|+3.6053025884731e-02|+1.1230797500000e+00
+0000000000000000016|+0000000000000000000|+0000000000000000000|+1.7200000000000e+00|-1.7713376000001e+00|+3.5648326600299e-02|+1.0850663936000e+00
+0000000000000000016|+0000000000000000000|+0000000000000000000|+1.7100000000000e+00|-1.8032592000001e+00|+3.5483898653727e-02|+1.0580138496000e+00
+0000000000000000016|+0000000000000000000|+0000000000000000000|+1.7000000000000e+00|-1.8419970000001e+00|+3.5744148186971e-02|+1.1310618519000e+00
+0000000000000000016|+0000000000000000000|+0000000000000000000|+1.6900000000000e+00|-1.8428015000001e+00|+3.5563018969031e-02|+1.1183725774999e+00
+0000000000000000016|+0000000000000000000|+0000000000000000000|+1.6800000000000e+00|-1.8420816000002e+00|+3.5674671705768e-02|+1.1801488955999e+00
+0000000000000000016|+0000000000000000000|+0000000000000000000|+1.6700000000000e+00|-1.8589037500001e+00|+3.5399755588750e-02|+1.1342481093750e+00
+0000000000000000016|+0000000000000000000|+0000000000000000000|+1.6600000000000e+00|-1.8661950000002e+00|+3.5463932653465e-02|+1.1804194374999e+00
+0000000000000000016|+0000000000000000000|+0000000000000000000|+1.6500000000000e+00|-1.8669960000001e+00|+3.5166545141486e-02|+1.1377700224000e+00
+0000000000000000016|+0000000000000000000|+0000000000000000000|+1.6400000000000e+00|-1.8890088000001e+00|+3.5395948404707e-02|+1.2193279036001e+00
+0000000000000000016|+0000000000000000000|+0000000000000000000|+1.6300000000000e+00|-1.8871920000001e+00|+3.5216512044575e-02|+1.2089894400000e+00
+0000000000000000016|+0000000000000000000|+0000000000000000000|+1.6200000000000e+00|-1.9083360000001e+00|+3.5079329968652e-02|+1.1956481600001e+00
+0000000000000000016|+0000000000000000000|+0000000000000000000|+1.6100000000000e+00|-1.9133843000002e+00|+3.5088487028420e-02|+1.2317191830999e+00
+0000000000000000016|+0000000000000000000|+0000000000000000000|+1.6000000000000e+00|-1.9223440000002e+00|+3.5162447502099e-02|+1.2839806037749e+00
+0000000000000000016|+0000000000000000000|+0000000000000000000|+1.5900000000000e+00|-1.9400535000002e+00|+3.4927623513521e-02|+1.2463841774999e+00
+0000000000000000016|+0000000000000000000|+0000000000000000000|+1.5800000000000e+00|-1.9766520666668e+00|+3.5027761518668e-02|+1.2898988786557e+00
+0000000000000000016|+0000000000000000000|+0000000000000000000|+1.5700000000000e+00|-1.9631986000002e+00|+3.4891103146845e-02|+1.2994245596000e+00
+0000000000000000016|+0000000000000000000|+0000000000000000000|+1.5600000000000e+00|-1.9961872000002e+00|+3.4841464214618e-02|+1.3042448744887e+00
+0000000000000000016|+0000000000000000000|+0000000000000000000|+1.5500000000000e+00|-2.0213785000002e+00|+3.4970247215209e-02|+1.3662111591000e+00
+0000000000000000016|+0000000000000000000|+0000000000000000000|+1.5400000000000e+00|-2.0036787000001e+00|+3.4702759960436e-02|+1.3412658159751e+00
+0000000000000000016|+0000000000000000000|+0000000000000000000|+1.5300000000000e+00|-2.0117658000002e+00|+3.4738325594674e-02|+1.3886984603999e+00
+0000000000000000016|+0000000000000000000|+0000000000000000000|+1.5200000000000e+00|-2.0497120000001e+00|+3.4709452394330e-02|+1.3983266400001e+00
+0000000000000000016|+0000000000000000000|+0000000000000000000|+1.5100000000000e+00|-2.0698571000002e+00|+3.4367790073810e-02|+1.3255052759001e+00
+0000000000000000016|+0000000000000000000|+0000000000000000000|+1.5000000000000e+00|-2.0518050000001e+00|+3.4546019552827e-02|+1.4357216631002e+00
+0000000000000000016|+0000000000000000000|+0000000000000000000|+1.4900000000000e+00|-2.0802135500002e+00|+3.4426486471709e-02|+1.4249927189750e+00
+0000000000000000016|+0000000000000000000|+0000000000000000000|+1.4800000000000e+00|-2.0947568000001e+00|+3.4191424366871e-02|+1.3874752944000e+00
+0000000000000000016|+0000000000000000000|+0000000000000000000|+1.4700000000000e+00|-2.1267513000001e+00|+3.4423851917718e-02|+1.4854951159001e+00
+0000000000000000016|+0000000000000000000|+0000000000000000000|+1.4600000000000e+00|-2.1021034000002e+00|+3.4290526458359e-02|+1.5073912759001e+00
+0000000000000000016|+0000000000000000000|+0000000000000000000|+1.4500000000000e+00|-2.1397767500002e+00|+3.4225985910959e-02|+1.5090765327749e+00
+0000000000000000016|+0000000000000000000|+0000000000000000000|+1.4400000000000e+00|-2.1564552000002e+00|+3.4193360004922e-02|+1.5361660929751e+00
+0000000000000000016|+0000000000000000000|+0000000000000000000|+1.4300000000000e+00|-2.1878104500002e+00|+3.4217356323721e-02|+1.5727101407748e+00
+0000000000000000016|+0000000000000000000|+0000000000000000000|+1.4200000000000e+00|-2.1805306000002e+00|+3.4083782264705e-02|+1.5842724551001e+00
+0000000000000000016|+0000000000000000000|+0000000000000000000|+1.4100000000000e+00|-2.1799383000002e+00|+3.3991200380241e-02|+1.6053763030999e+00
+0000000000000000016|+0000000000000000000|+0000000000000000000|+1.4000000000000e+00|-2.2409360000002e+00|+3.3951639957093e-02|+1.6013650224000e+00
+0000000000000000016|+0000000000000000000|+0000000000000000000|+1.3900000000000e+00|-2.2305306000002e+00|+3.3808906750500e-02|+1.6129295483999e+00
+0000000000000000016|+0000000000000000000|+0000000000000000000|+1.3800000000000e+00|-2.2558911000002e+00|+3.3791643014330e-02|+1.6432891109750e+00
+0000000000000000016|+0000000000000000000|+0000000000000000000|+1.3700000000000e+00|-2.2593132000002e+00|+3.3679800675301e-02|+1.6566659504000e+00
+0000000000000000016|+0000000000000000000|+0000000000000000000|+1.3600000000000e+00|-2.3170008000002e+00|+3.3754524231140e-02|+1.6984313390999e+00
+0000000000000000016|+0000000000000000000|+0000000000000000000|+1.3500000000000e+00|-2.3038050000002e+00|+3.3628643680130e-02|+1.7202135100001e+00
+0000000000000000016|+0000000000000000000|+0000000000000000000|+1.3400000000000e+00|-2.3190342000002e+00|+3.3615925900837e-02|+1.7635714431001e+00
+0000000000000000016|+0000000000000000000|+0000000000000000000|+1.3300000000000e+00|-2.3333136000002e+00|+3.3596952923295e-02|+1.8065558335998e+00
+0000000000000000016|+0000000000000000000|+0000000000000000000|+1.3200000000000e+00|-2.3780274000002e+00|+3.3626901922988e-02|+1.8466244219749e+00
+0000000000000000016|+0000000000000000000|+0000000000000000000|+1.3100000000000e+00|-2.3596238500002e+00|+3.3383667191078e-02|+1.8297130927748e+00
+0000000000000000016|+0000000000000000000|+0000000000000000000|+1.3000000000000e+00|-2.3988505000002e+00|+3.3338880994473e-02|+1.8462678867750e+00
+0000000000000000016|+0000000000000000000|+0000000000000000000|+1.2900000000000e+00|-2.3735526000002e+00|+3.3038399932358e-02|+1.8117206364000e+00
+0000000000000000016|+0000000000000000000|+0000000000000000000|+1.2800000000000e+00|-2.4190112000002e+00|+3.3112844001555e-02|+1.8720541884000e+00
+0000000000000000016|+0000000000000000000|+0000000000000000000|+1.2700000000000e+00|-2.4507314571431e+00|+3.3127635964694e-02|+1.9209971202529e+00
+0000000000000000016|+0000000000000000000|+0000000000000000000|+1.2600000000000e+00|-2.4879639000002e+00|+3.3079404092687e-02|+1.9410059147749e+00
+0000000000000000016|+0000000000000000000|+0000000000000000000|+1.2500000000000e+00|-2.5042062500002e+00|+3.2932691291660e-02|+1.9371386767752e+00
+0000000000000000016|+0000000000000000000|+0000000000000000000|+1.2400000000000e+00|-2.5041136000002e+00|+3.2989880997882e-02|+2.0337755504000e+00
+0000000000000000016|+0000000000000000000|+0000000000000000000|+1.2300000000000e+00|-2.5378276500002e+00|+3.2941884601761e-02|+2.0599936769750e+00
+0000000000000000016|+0000000000000000000|+0000000000000000000|+1.2200000000000e+00|-2.5474326000002e+00|+3.2791420197510e-02|+2.0618310511002e+00
+0000000000000000016|+0000000000000000000|+0000000000000000000|+1.2100000000000e+00|-2.5667989500002e+00|+3.2749336806783e-02|+2.1042219549753e+00
+0000000000000000016|+0000000000000000000|+0000000000000000000|+1.2000000000000e+00|-2.5819800000002e+00|+3.2603964633325e-02|+2.1046847775003e+00
+0000000000000000016|+0000000000000000000|+0000000000000000000|+1.1900000000000e+00|-2.6384317000002e+00|+3.2826728157887e-02|+2.2403993351003e+00
+0000000000000000016|+0000000000000000000|+0000000000000000000|+1.1800000000000e+00|-2.6435822000002e+00|+3.2548379407961e-02|+2.1893734758999e+00
+0000000000000000016|+0000000000000000000|+0000000000000000000|+1.1700000000000e+00|-2.6485662000002e+00|+3.2467026389894e-02|+2.2307703003999e+00
+0000000000000000016|+0000000000000000000|+0000000000000000000|+1.1600000000000e+00|-2.6846244000002e+00|+3.2380276912433e-02|+2.2440625319002e+00
+0000000000000000016|+0000000000000000000|+0000000000000000000|+1.1500000000000e+00|-2.6976245000002e+00|+3.2382503159131e-02|+2.3217000431000e+00
+0000000000000000016|+0000000000000000000|+0000000000000000000|+1.1400000000000e+00|-2.7399345000002e+00|+3.2281071802695e-02|+2.3246449443753e+00
+0000000000000000016|+0000000000000000000|+0000000000000000000|+1.1300000000000e+00|-2.7537093500002e+00|+3.2099438116812e-02|+2.3130373049749e+00
+0000000000000000016|+0000000000000000000|+0000000000000000000|+1.1200000000000e+00|-2.7780992000002e+00|+3.2062652442744e-02|+2.3657826044001e+00
+0000000000000000016|+0000000000000000000|+0000000000000000000|+1.1100000000000e+00|-2.7896926500002e+00|+3.2005684235163e-02|+2.4215201917748e+00
+0000000000000000016|+0000000000000000000|+0000000000000000000|+1.1000000000000e+00|-2.8352655000003e+00|+3.2023082178802e-02|+2.4875705739750e+00
+0000000000000000016|+0000000000000000000|+0000000000000000000|+1.0900000000000e+00|-2.8622597333336e+00|+3.1858133907950e-02|+2.4754051939554e+00
+0000000000000000016|+0000000000000000000|+0000000000000000000|+1.0800000000000e+00|-2.8634448000003e+00|+3.1769771412034e-02|+2.5288529263999e+00
+0000000000000000016|+0000000000000000000|+0000000000000000000|+1.0700000000000e+00|-2.8929987000002e+00|+3.1561781392760e-02|+2.4914452719002e+00
+0000000000000000016|+0000000000000000000|+0000000000000000000|+1.0600000000000e+00|-2.9236434000003e+00|+3.1541287263584e-02|+2.5573791078997e+00
+0000000000000000016|+0000000000000000000|+0000000000000000000|+1.0500000000000e+00|-2.9487795000003e+00|+3.1672792624227e-02|+2.7183095558999e+00
+0000000000000000016|+0000000000000000000|+0000000000000000000|+1.0400000000000e+00|-2.9913918000003e+00|+3.1520130896849e-02|+2.7026123584435e+00
+0000000000000000016|+0000000000000000000|+0000000000000000000|+1.0300000000000e+00|-2.9948674500003e+00|+3.1492476686534e-02|+2.7990909877748e+00
+0000000000000000016|+0000000000000000000|+0000000000000000000|+1.0200000000000e+00|-3.0325308000003e+00|+3.1470247808922e-02|+2.8686977883999e+00
+0000000000000000016|+0000000000000000000|+0000000000000000000|+1.0100000000000e+00|-3.0720450000003e+00|+3.1377101036337e-02|+2.8957697499999e+00
+0000000000000000016|+0000000000000000000|+0000000000000000000|+1.0000000000000e+00|-3.0925550000003e+00|+3.1235223244194e-02|+2.9128610719746e+00
+0000000000000000016|+0000000000000000000|+0000000000000000000|+9.9000000000004e-01|-3.1391526000003e+00|+3.1066544413720e-02|+2.8875376124003e+00
+0000000000000000016|+0000000000000000000|+0000000000000000000|+9.8000000000004e-01|-3.1737098000003e+00|+3.1082024627812e-02|+2.9932536998993e+00
+0000000000000000016|+0000000000000000000|+0000000000000000000|+9.7000000000004e-01|-3.1396093000003e+00|+3.0705406009875e-02|+2.9167347638999e+00
+0000000000000000016|+0000000000000000000|+0000000000000000000|+9.6000000000004e-01|-3.2140520000003e+00|+3.0855462311967e-02|+3.0752534345668e+00
+0000000000000000016|+0000000000000000000|+0000000000000000000|+9.5000000000004e-01|-3.2547300000003e+00|+3.0707869838806e-02|+3.0740124399994e+00
+0000000000000000016|+0000000000000000000|+0000000000000000000|+9.4000000000004e-01|-3.2588656000003e+00|+3.0627165706962e-02|+3.1586250624004e+00
+0000000000000000016|+0000000000000000000|+0000000000000000000|+9.3000000000004e-01|-3.2970099000004e+00|+3.0554886436358e-02|+3.2158145950992e+00
+0000000000000000016|+0000000000000000000|+0000000000000000000|+9.2000000000004e-01|-3.3325234000003e+00|+3.0499517276520e-02|+3.2908244239750e+00
+0000000000000000016|+0000000000000000000|+0000000000000000000|+9.1000000000004e-01|-3.3984777000003e+00|+3.0401051895552e-02|+3.3041910791006e+00
+0000000000000000016|+0000000000000000000|+0000000000000000000|+9.0000000000004e-01|-3.3889440000003e+00|+3.0259089671325e-02|+3.3705677344001e+00
+0000000000000000016|+0000000000000000000|+0000000000000000000|+8.9000000000004e-01|-3.4401557333336e+00|+3.0241523733943e-02|+3.4659063566229e+00
+0000000000000000016|+0000000000000000000|+0000000000000000000|+8.8000000000004e-01|-3.4567468000003e+00|+3.0073449042349e-02|+3.4882254347750e+00
+0000000000000000016|+0000000000000000000|+0000000000000000000|+8.7000000000004e-01|-3.5137931250004e+00|+2.9987713319630e-02|+3.5304930898433e+00
+0000000000000000016|+0000000000000000000|+0000000000000000000|+8.6000000000004e-01|-3.5597334000004e+00|+2.9825939079210e-02|+3.5270499039002e+00
+0000000000000000016|+0000000000000000000|+0000000000000000000|+8.5000000000004e-01|-3.5606566250003e+00|+2.9796760313867e-02|+3.6865374032443e+00
+0000000000000000016|+0000000000000000000|+0000000000000000000|+8.4000000000004e-01|-3.6064092000004e+00|+2.9755227842751e-02|+3.7889267830998e+00
+0000000000000000016|+0000000000000000000|+0000000000000000000|+8.3000000000004e-01|-3.6388509000004e+00|+2.9517483806077e-02|+3.7439410271002e+00
+0000000000000000016|+0000000000000000000|+0000000000000000000|+8.2000000000004e-01|-3.6773140000004e+00|+2.9521932494170e-02|+3.9027007100000e+00
+0000000000000000016|+0000000000000000000|+0000000000000000000|+8.1000000000004e-01|-3.7023321000004e+00|+2.9329748756974e-02|+3.9096058318994e+00
+0000000000000000016|+0000000000000000000|+0000000000000000000|+8.0000000000004e-01|-3.7815680000004e+00|+2.9246034247221e-02|+3.9487429084002e+00
+0000000000000000016|+0000000000000000000|+0000000000000000000|+7.9000000000004e-01|-3.8057369600004e+00|+2.9082721539744e-02|+3.9868112778236e+00
+0000000000000000016|+0000000000000000000|+0000000000000000000|+7.8000000000004e-01|-3.8644692000004e+00|+2.8917406845481e-02|+3.9810026203996e+00
+0000000000000000016|+0000000000000000000|+0000000000000000000|+7.7000000000004e-01|-3.8904212500004e+00|+2.8904478244577e-02|+4.1671931093751e+00
+0000000000000000016|+0000000000000000000|+0000000000000000000|+7.6000000000004e-01|-3.9388630000004e+00|+2.8737009292783e-02|+4.1790085443752e+00
+0000000000000000016|+0000000000000000000|+0000000000000000000|+7.5000000000004e-01|-3.9608164285719e+00|+2.8566840788595e-02|+4.2252720721548e+00
+0000000000000000016|+0000000000000000000|+0000000000000000000|+7.4000000000004e-01|-4.0146942000004e+00|+2.8547562704764e-02|+4.3881385911008e+00
+0000000000000000016|+0000000000000000000|+0000000000000000000|+7.3000000000004e-01|-4.0826408500004e+00|+2.8337975769774e-02|+4.3381081739751e+00
+0000000000000000016|+0000000000000000000|+0000000000000000000|+7.2000000000004e-01|-4.0961928000005e+00|+2.8190859379915e-02|+4.4313116998990e+00
+0000000000000000016|+0000000000000000000|+0000000000000000000|+7.1000000000004e-01|-4.1382207000004e+00|+2.7958032299614e-02|+4.3941625711005e+00
+0000000000000000016|+0000000000000000000|+0000000000000000000|+7.0000000000004e-01|-4.1767125000004e+00|+2.7826325299480e-02|+4.4766749843762e+00
+0000000000000000016|+0000000000000000000|+0000000000000000000|+6.9000000000004e-01|-4.2232812000004e+00|+2.7720182952627e-02|+4.5825519696020e+00
+0000000000000000016|+0000000000000000000|+0000000000000000000|+6.8000000000004e-01|-4.2852698666672e+00|+2.7646172732176e-02|+4.7109879912887e+00
+0000000000000000016|+0000000000000000000|+0000000000000000000|+6.7000000000004e-01|-4.3372618000005e+00|+2.7525742952348e-02|+4.8060641084008e+00
+0000000000000000016|+0000000000000000000|+0000000000000000000|+6.6000000000004e-01|-4.3627959000005e+00|+2.7274080982570e-02|+4.7832088267756e+00
+0000000000000000016|+0000000000000000000|+0000000000000000000|+6.5000000000004e-01|-4.4370880000005e+00|+2.7091211700492e-02|+4.7739559296010e+00
+0000000000000000016|+0000000000000000000|+0000000000000000000|+6.4000000000004e-01|-4.4676682666672e+00|+2.6975771518043e-02|+4.9240407886234e+00
+0000000000000000016|+0000000000000000000|+0000000000000000000|+6.3000000000004e-01|-4.5522975000006e+00|+2.6779227157448e-02|+4.8881469374999e+00
+0000000000000000016|+0000000000000000000|+0000000000000000000|+6.2000000000004e-01|-4.5862348000006e+00|+2.6636674821973e-02|+5.0102741083992e+00
+0000000000000000016|+0000000000000000000|+0000000000000000000|+6.1000000000004e-01|-4.6347519500006e+00|+2.6445151002564e-02|+5.0471972049760e+00
+0000000000000000016|+0000000000000000000|+0000000000000000000|+6.0000000000004e-01|-4.6715520000006e+00|+2.6204629732007e-02|+5.0366897535986e+00
+0000000000000000016|+0000000000000000000|+0000000000000000000|+5.9000000000004e-01|-4.7472999666672e+00|+2.6159415051725e-02|+5.2544058119915e+00
+0000000000000000016|+0000000000000000000|+0000000000000000000|+5.8000000000004e-01|-4.7912772000006e+00|+2.5966882161188e-02|+5.3156202043998e+00
+0000000000000000016|+0000000000000000000|+0000000000000000000|+5.7000000000004e-01|-4.8486666000006e+00|+2.5796543298845e-02|+5.3946169222674e+00
+0000000000000000016|+0000000000000000000|+0000000000000000000|+5.6000000000004e-01|-4.8830048000006e+00|+2.5607703664454e-02|+5.4923674336001e+00
+0000000000000000016|+0000000000000000000|+0000000000000000000|+5.5000000000004e-01|-4.9499165000006e+00|+2.5382947990880e-02|+5.4788169191000e+00
+0000000000000000016|+0000000000000000000|+0000000000000000000|+5.4000000000004e-01|-4.9935936000007e+00|+2.5025493036784e-02|+5.2832174143989e+00
+0000000000000000016|+0000000000000000000|+0000000000000000000|+5.3000000000004e-01|-5.0647639000006e+00|+2.4889377218719e-02|+5.4196035431023e+00
+0000000000000000016|+0000000000000000000|+0000000000000000000|+5.2000000000004e-01|-5.1052278285721e+00|+2.4695097789888e-02|+5.5220052877522e+00
+0000000000000000016|+0000000000000000000|+0000000000000000000|+5.1000000000004e-01|-5.1706701000008e+00|+2.4507501760908e-02|+5.5979779198974e+00
+0000000000000000016|+0000000000000000000|+0000000000000000000|+5.0000000000004e-01|-5.2195400000007e+00|+2.4312832624421e-02|+5.7031087535990e+00
+0000000000000000016|+0000000000000000000|+0000000000000000000|+4.9000000000004e-01|-5.2721323500008e+00|+2.4088184222153e-02|+5.7516913747755e+00
+0000000000000000016|+0000000000000000000|+0000000000000000000|+4.8000000000004e-01|-5.3400384000008e+00|+2.3746120130977e-02|+5.5338537436018e+00
+0000000000000000016|+0000000000000000000|+0000000000000000000|+4.7000000000004e-01|-5.3867154000008e+00|+2.3427264407356e-02|+5.4031783676007e+00
+0000000000000000016|+0000000000000000000|+0000000000000000000|+4.6000000000004e-01|-5.4400640000009e+00|+2.3124827561636e-02|+5.2911734399968e+00
+0000000000000000016|+0000000000000000000|+0000000000000000000|+4.5000000000004e-01|-5.4910560000008e+00|+2.2982903795502e-02|+5.5463469376050e+00
+0000000000000000016|+0000000000000000000|+0000000000000000000|+4.4000000000004e-01|-5.5456179555564e+00|+2.2758206450234e-02|+5.6238108053133e+00
+0000000000000000016|+0000000000000000000|+0000000000000000000|+4.3000000000004e-01|-5.6254233000009e+00|+2.2375206378221e-02|+5.2707730439061e+00
+0000000000000000016|+0000000000000000000|+0000000000000000000|+4.2000000000004e-01|-5.6499192000009e+00|+2.2155780103766e-02|+5.4440418223998e+00
+0000000000000000016|+0000000000000000000|+0000000000000000000|+4.1000000000004e-01|-5.7161866000010e+00|+2.1815387358710e-02|+5.2201001723920e+00
+0000000000000000016|+0000000000000000000|+0000000000000000000|+4.0000000000004e-01|-5.7620080000010e+00|+2.1669231097371e-02|+5.5642687995959e+00
+0000000000000000016|+0000000000000000000|+0000000000000000000|+3.9000000000004e-01|-5.8328011500010e+00|+2.1393502357029e-02|+5.5165634487701e+00
+0000000000000000016|+0000000000000000000|+0000000000000000000|+3.8000000000004e-01|-5.8897906000011e+00|+2.1049691802202e-02|+5.3139316630941e+00
+0000000000000000016|+0000000000000000000|+0000000000000000000|+3.7000000000004e-01|-5.9444699000011e+00|+2.0662782125263e-02|+4.9826503871041e+00
+0000000000000000016|+0000000000000000000|+0000000000000000000|+3.6000000000004e-01|-5.9715192000011e+00|+2.0488137718737e-02|+5.3817221915989e+00
+0000000000000000016|+0000000000000000000|+0000000000000000000|+3.5000000000004e-01|-6.0311525000011e+00|+2.0163879162422e-02|+5.2409001775004e+00
+0000000000000000016|+0000000000000000000|+0000000000000000000|+3.4000000000004e-01|-6.0946065000012e+00|+1.9767207978542e-02|+4.8431501743704e+00
+0000000000000000016|+0000000000000000000|+0000000000000000000|+3.3000000000004e-01|-6.1272971000012e+00|+1.9451169135334e-02|+4.8080203519938e+00
+0000000000000000016|+0000000000000000000|+0000000000000000000|+3.2000000000004e-01|-6.1845365333346e+00|+1.9118316695166e-02|+4.6453430846278e+00
+0000000000000000016|+0000000000000000000|+0000000000000000000|+3.1000000000004e-01|-6.2208927000014e+00|+1.8827029333168e-02|+4.7163282110829e+00
+0000000000000000016|+0000000000000000000|+0000000000000000000|+3.0000000000004e-01|-6.2725845000014e+00|+1.8503399055680e-02|+4.6293337817765e+00
+0000000000000000016|+0000000000000000000|+0000000000000000000|+2.9000000000004e-01|-6.3220378500014e+00|+1.8113722250279e-02|+4.2788377427799e+00
+0000000000000000016|+0000000000000000000|+0000000000000000000|+2.8000000000004e-01|-6.3692644000015e+00|+1.7861224958694e-02|+4.5474555471003e+00
+0000000000000000016|+0000000000000000000|+0000000000000000000|+2.7000000000004e-01|-6.4001660250016e+00|+1.7427489526829e-02|+4.0648198619356e+00
+0000000000000000016|+0000000000000000000|+0000000000000000000|+2.6000000000004e-01|-6.4395456000016e+00|+1.7096733079168e-02|+4.0445068863944e+00
+0000000000000000016|+0000000000000000000|+0000000000000000000|+2.5000000000004e-01|-6.4695200000017e+00|+1.6769752366078e-02|+4.1133555136096e+00
+0000000000000000016|+0000000000000000000|+0000000000000000000|+2.4000000000004e-01|-6.5253920000017e+00|+1.6266595096865e-02|+3.1191402488999e+00
+0000000000000000016|+0000000000000000000|+0000000000000000000|+2.3000000000004e-01|-6.5401471000018e+00|+1.5987354765173e-02|+3.5721303471017e+00
+0000000000000000016|+0000000000000000000|+0000000000000000000|+2.2000000000004e-01|-6.5868034000019e+00|+1.5560284663875e-02|+3.0348288791021e+00
+0000000000000000016|+0000000000000000000|+0000000000000000000|+2.1000000000004e-01|-6.6173514000021e+00|+1.5269520467826e-02|+3.4967256443868e+00
+0000000000000000016|+0000000000000000000|+0000000000000000000|+2.0000000000004e-01|-6.6406540000021e+00|+1.4838888249762e-02|+3.0893763070980e+00
+0000000000000000016|+0000000000000000000|+0000000000000000000|+1.9000000000004e-01|-6.6723607000022e+00|+1.4447756752423e-02|+2.9617584791050e+00
+0000000000000000016|+0000000000000000000|+0000000000000000000|+1.8000000000004e-01|-6.6859734000024e+00|+1.4019032276726e-02|+2.6747195830838e+00
+0000000000000000016|+0000000000000000000|+0000000000000000000|+1.7000000000004e-01|-6.7127384000025e+00|+1.3583254484726e-02|+2.2905879295874e+00
+0000000000000000016|+0000000000000000000|+0000000000000000000|+1.6000000000004e-01|-6.7374160000027e+00|+1.3184085584744e-02|+2.3453416775372e+00
+0000000000000000016|+0000000000000000000|+0000000000000000000|+1.5000000000004e-01|-6.7602315000029e+00|+1.2740629654974e-02|+2.0684173958690e+00
+0000000000000000016|+0000000000000000000|+0000000000000000000|+1.4000000000004e-01|-6.7820330888920e+00|+1.2293001005908e-02|+1.8644381119124e+00
+0000000000000000016|+0000000000000000000|+0000000000000000000|+1.3000000000004e-01|-6.8013486000034e+00|+1.1836233228362e-02|+1.7247784582162e+00
+0000000000000000016|+0000000000000000000|+0000000000000000000|+1.2000000000004e-01|-6.8194164000036e+00|+1.1347123726431e-02|+1.3273224591346e+00
+0000000000000000016|+0000000000000000000|+0000000000000000000|+1.1000000000004e-01|-6.8297549000039e+00|+1.0874616027869e-02|+1.5439207653913e+00
+0000000000000000016|+0000000000000000000|+0000000000000000000|+1.0000000000004e-01|-6.8478880000044e+00|+1.0351228368582e-02|+1.1583339455778e+00
+0000000000000000016|+0000000000000000000|+0000000000000000000|+9.0000000000041e-02|-6.8600622000049e+00|+9.8345955202908e-03|+1.5049843465828e+00
+0000000000000000016|+0000000000000000000|+0000000000000000000|+8.0000000000041e-02|-6.8716752000054e+00|+9.2659661764705e-03|+1.3689715163950e+00
+0000000000000000016|+0000000000000000000|+0000000000000000000|+7.0000000000041e-02|-6.8822132000062e+00|+8.6715691420787e-03|+1.5573456625045e+00
+0000000000000000016|+0000000000000000000|+0000000000000000000|+6.0000000000041e-02|-6.8969788000073e+00|+8.0240045924693e-03|+1.3787178747593e+00
+0000000000000000016|+0000000000000000000|+0000000000000000000|+5.0000000000041e-02|-6.9015585000088e+00|+7.3070910057070e-03|+5.2178843080185e-01
+0000000000000000016|+0000000000000000000|+0000000000000000000|+4.0000000000041e-02|-6.9066817333442e+00|+6.5418027914731e-03|+1.0261081920642e+00
+0000000000000000016|+0000000000000000000|+0000000000000000000|+3.0000000000041e-02|-6.9110666400145e+00|+5.6548578898036e-03|-9.9776755437745e-02
+0000000000000000016|+0000000000000000000|+0000000000000000000|+2.0000000000041e-02|-6.9121364348045e+00|+4.6197344496633e-03|+3.8848302791246e-01
+0000000000000000016|+0000000000000000000|+0000000000000000000|+1.0000000000041e-02|-6.9115028083770e+00|+3.2673471444840e-03|+1.2986998410499e+00
