#
# QHS - DATA
#
# ----------------------------------------
#
# Size                 = +0000000000000000009
# Model                = Periodic-2D
# Algorithm            = ED
# Start-Temperature    = +0.0000000000000e+00
# End-Temperature      = +4.0000000000000e+00
# Temperature-Step     = +1.0000000000000e-02
#
# Size              | Model-Index        | Algorithm-Index    | Temperature        | AverageEnergy      | StdDvOfEnergy      | AverageCHeat      
# ------------------------------------------------------------------------------------------------------
+0000000000000000009|+0000000000000000003|+0000000000000000001|+4.0000000000000e+00|-8.3064753575972e-01|+0.0000000000000e+00|+2.0096157673027e-01
+0000000000000000009|+0000000000000000003|+0000000000000000001|+3.9900000000000e+00|-8.3266193274694e-01|+0.0000000000000e+00|+2.0191893376662e-01
+0000000000000000009|+0000000000000000003|+0000000000000000001|+3.9800000000000e+00|-8.3468593679738e-01|+0.0000000000000e+00|+2.0288299952343e-01
+0000000000000000009|+0000000000000000003|+0000000000000000001|+3.9700000000000e+00|-8.3671961530384e-01|+0.0000000000000e+00|+2.0385383523353e-01
+0000000000000000009|+0000000000000000003|+0000000000000000001|+3.9600000000000e+00|-8.3876303627486e-01|+0.0000000000000e+00|+2.0483150280838e-01
+0000000000000000009|+0000000000000000003|+0000000000000000001|+3.9500000000000e+00|-8.4081626834148e-01|+0.0000000000000e+00|+2.0581606484669e-01
+0000000000000000009|+0000000000000000003|+0000000000000000001|+3.9400000000000e+00|-8.4287938076423e-01|+0.0000000000000e+00|+2.0680758464331e-01
+0000000000000000009|+0000000000000000003|+0000000000000000001|+3.9300000000000e+00|-8.4495244344013e-01|+0.0000000000000e+00|+2.0780612619810e-01
+0000000000000000009|+0000000000000000003|+0000000000000000001|+3.9200000000000e+00|-8.4703552690969e-01|+0.0000000000000e+00|+2.0881175422503e-01
+0000000000000000009|+0000000000000000003|+0000000000000000001|+3.9100000000000e+00|-8.4912870236424e-01|+0.0000000000000e+00|+2.0982453416135e-01
+0000000000000000009|+0000000000000000003|+0000000000000000001|+3.9000000000000e+00|-8.5123204165310e-01|+0.0000000000000e+00|+2.1084453217693e-01
+0000000000000000009|+0000000000000000003|+0000000000000000001|+3.8900000000000e+00|-8.5334561729100e-01|+0.0000000000000e+00|+2.1187181518371e-01
+0000000000000000009|+0000000000000000003|+0000000000000000001|+3.8800000000000e+00|-8.5546950246554e-01|+0.0000000000000e+00|+2.1290645084528e-01
+0000000000000000009|+0000000000000000003|+0000000000000000001|+3.8700000000000e+00|-8.5760377104476e-01|+0.0000000000000e+00|+2.1394850758661e-01
+0000000000000000009|+0000000000000000003|+0000000000000000001|+3.8600000000000e+00|-8.5974849758477e-01|+0.0000000000000e+00|+2.1499805460392e-01
+0000000000000000009|+0000000000000000003|+0000000000000000001|+3.8500000000000e+00|-8.6190375733759e-01|+0.0000000000000e+00|+2.1605516187467e-01
+0000000000000000009|+0000000000000000003|+0000000000000000001|+3.8400000000000e+00|-8.6406962625892e-01|+0.0000000000000e+00|+2.1711990016772e-01
+0000000000000000009|+0000000000000000003|+0000000000000000001|+3.8300000000000e+00|-8.6624618101616e-01|+0.0000000000000e+00|+2.1819234105362e-01
+0000000000000000009|+0000000000000000003|+0000000000000000001|+3.8200000000000e+00|-8.6843349899648e-01|+0.0000000000000e+00|+2.1927255691504e-01
+0000000000000000009|+0000000000000000003|+0000000000000000001|+3.8100000000000e+00|-8.7063165831497e-01|+0.0000000000000e+00|+2.2036062095737e-01
+0000000000000000009|+0000000000000000003|+0000000000000000001|+3.8000000000000e+00|-8.7284073782294e-01|+0.0000000000000e+00|+2.2145660721945e-01
+0000000000000000009|+0000000000000000003|+0000000000000000001|+3.7900000000000e+00|-8.7506081711628e-01|+0.0000000000000e+00|+2.2256059058447e-01
+0000000000000000009|+0000000000000000003|+0000000000000000001|+3.7800000000000e+00|-8.7729197654400e-01|+0.0000000000000e+00|+2.2367264679098e-01
+0000000000000000009|+0000000000000000003|+0000000000000000001|+3.7700000000000e+00|-8.7953429721683e-01|+0.0000000000000e+00|+2.2479285244417e-01
+0000000000000000009|+0000000000000000003|+0000000000000000001|+3.7600000000000e+00|-8.8178786101589e-01|+0.0000000000000e+00|+2.2592128502717e-01
+0000000000000000009|+0000000000000000003|+0000000000000000001|+3.7500000000000e+00|-8.8405275060161e-01|+0.0000000000000e+00|+2.2705802291259e-01
+0000000000000000009|+0000000000000000003|+0000000000000000001|+3.7400000000000e+00|-8.8632904942262e-01|+0.0000000000000e+00|+2.2820314537426e-01
+0000000000000000009|+0000000000000000003|+0000000000000000001|+3.7300000000000e+00|-8.8861684172487e-01|+0.0000000000000e+00|+2.2935673259902e-01
+0000000000000000009|+0000000000000000003|+0000000000000000001|+3.7200000000000e+00|-8.9091621256075e-01|+0.0000000000000e+00|+2.3051886569880e-01
+0000000000000000009|+0000000000000000003|+0000000000000000001|+3.7100000000000e+00|-8.9322724779849e-01|+0.0000000000000e+00|+2.3168962672283e-01
+0000000000000000009|+0000000000000000003|+0000000000000000001|+3.7000000000000e+00|-8.9555003413151e-01|+0.0000000000000e+00|+2.3286909866996e-01
+0000000000000000009|+0000000000000000003|+0000000000000000001|+3.6900000000000e+00|-8.9788465908806e-01|+0.0000000000000e+00|+2.3405736550128e-01
+0000000000000000009|+0000000000000000003|+0000000000000000001|+3.6800000000000e+00|-9.0023121104083e-01|+0.0000000000000e+00|+2.3525451215280e-01
+0000000000000000009|+0000000000000000003|+0000000000000000001|+3.6700000000000e+00|-9.0258977921682e-01|+0.0000000000000e+00|+2.3646062454844e-01
+0000000000000000009|+0000000000000000003|+0000000000000000001|+3.6600000000000e+00|-9.0496045370725e-01|+0.0000000000000e+00|+2.3767578961304e-01
+0000000000000000009|+0000000000000000003|+0000000000000000001|+3.6500000000000e+00|-9.0734332547765e-01|+0.0000000000000e+00|+2.3890009528572e-01
+0000000000000000009|+0000000000000000003|+0000000000000000001|+3.6400000000000e+00|-9.0973848637809e-01|+0.0000000000000e+00|+2.4013363053334e-01
+0000000000000000009|+0000000000000000003|+0000000000000000001|+3.6300000000000e+00|-9.1214602915348e-01|+0.0000000000000e+00|+2.4137648536417e-01
+0000000000000000009|+0000000000000000003|+0000000000000000001|+3.6200000000000e+00|-9.1456604745409e-01|+0.0000000000000e+00|+2.4262875084175e-01
+0000000000000000009|+0000000000000000003|+0000000000000000001|+3.6100000000000e+00|-9.1699863584613e-01|+0.0000000000000e+00|+2.4389051909899e-01
+0000000000000000009|+0000000000000000003|+0000000000000000001|+3.6000000000000e+00|-9.1944388982259e-01|+0.0000000000000e+00|+2.4516188335240e-01
+0000000000000000009|+0000000000000000003|+0000000000000000001|+3.5900000000000e+00|-9.2190190581409e-01|+0.0000000000000e+00|+2.4644293791660e-01
+0000000000000000009|+0000000000000000003|+0000000000000000001|+3.5800000000000e+00|-9.2437278119993e-01|+0.0000000000000e+00|+2.4773377821898e-01
+0000000000000000009|+0000000000000000003|+0000000000000000001|+3.5700000000000e+00|-9.2685661431932e-01|+0.0000000000000e+00|+2.4903450081459e-01
+0000000000000000009|+0000000000000000003|+0000000000000000001|+3.5600000000000e+00|-9.2935350448273e-01|+0.0000000000000e+00|+2.5034520340126e-01
+0000000000000000009|+0000000000000000003|+0000000000000000001|+3.5500000000000e+00|-9.3186355198337e-01|+0.0000000000000e+00|+2.5166598483490e-01
+0000000000000000009|+0000000000000000003|+0000000000000000001|+3.5400000000000e+00|-9.3438685810888e-01|+0.0000000000000e+00|+2.5299694514506e-01
+0000000000000000009|+0000000000000000003|+0000000000000000001|+3.5300000000000e+00|-9.3692352515312e-01|+0.0000000000000e+00|+2.5433818555068e-01
+0000000000000000009|+0000000000000000003|+0000000000000000001|+3.5200000000000e+00|-9.3947365642816e-01|+0.0000000000000e+00|+2.5568980847607e-01
+0000000000000000009|+0000000000000000003|+0000000000000000001|+3.5100000000000e+00|-9.4203735627639e-01|+0.0000000000000e+00|+2.5705191756714e-01
+0000000000000000009|+0000000000000000003|+0000000000000000001|+3.5000000000000e+00|-9.4461473008286e-01|+0.0000000000000e+00|+2.5842461770782e-01
+0000000000000000009|+0000000000000000003|+0000000000000000001|+3.4900000000000e+00|-9.4720588428770e-01|+0.0000000000000e+00|+2.5980801503678e-01
+0000000000000000009|+0000000000000000003|+0000000000000000001|+3.4800000000000e+00|-9.4981092639879e-01|+0.0000000000000e+00|+2.6120221696429e-01
+0000000000000000009|+0000000000000000003|+0000000000000000001|+3.4700000000000e+00|-9.5242996500450e-01|+0.0000000000000e+00|+2.6260733218945e-01
+0000000000000000009|+0000000000000000003|+0000000000000000001|+3.4600000000000e+00|-9.5506310978676e-01|+0.0000000000000e+00|+2.6402347071749e-01
+0000000000000000009|+0000000000000000003|+0000000000000000001|+3.4500000000000e+00|-9.5771047153414e-01|+0.0000000000000e+00|+2.6545074387754e-01
+0000000000000000009|+0000000000000000003|+0000000000000000001|+3.4400000000000e+00|-9.6037216215517e-01|+0.0000000000000e+00|+2.6688926434042e-01
+0000000000000000009|+0000000000000000003|+0000000000000000001|+3.4300000000000e+00|-9.6304829469191e-01|+0.0000000000000e+00|+2.6833914613686e-01
+0000000000000000009|+0000000000000000003|+0000000000000000001|+3.4200000000000e+00|-9.6573898333356e-01|+0.0000000000000e+00|+2.6980050467587e-01
+0000000000000000009|+0000000000000000003|+0000000000000000001|+3.4100000000000e+00|-9.6844434343043e-01|+0.0000000000000e+00|+2.7127345676344e-01
+0000000000000000009|+0000000000000000003|+0000000000000000001|+3.4000000000000e+00|-9.7116449150790e-01|+0.0000000000000e+00|+2.7275812062143e-01
+0000000000000000009|+0000000000000000003|+0000000000000000001|+3.3900000000000e+00|-9.7389954528079e-01|+0.0000000000000e+00|+2.7425461590681e-01
+0000000000000000009|+0000000000000000003|+0000000000000000001|+3.3800000000000e+00|-9.7664962366767e-01|+0.0000000000000e+00|+2.7576306373110e-01
+0000000000000000009|+0000000000000000003|+0000000000000000001|+3.3700000000000e+00|-9.7941484680566e-01|+0.0000000000000e+00|+2.7728358668011e-01
+0000000000000000009|+0000000000000000003|+0000000000000000001|+3.3600000000000e+00|-9.8219533606512e-01|+0.0000000000000e+00|+2.7881630883400e-01
+0000000000000000009|+0000000000000000003|+0000000000000000001|+3.3500000000000e+00|-9.8499121406483e-01|+0.0000000000000e+00|+2.8036135578750e-01
+0000000000000000009|+0000000000000000003|+0000000000000000001|+3.3400000000000e+00|-9.8780260468713e-01|+0.0000000000000e+00|+2.8191885467057e-01
+0000000000000000009|+0000000000000000003|+0000000000000000001|+3.3300000000000e+00|-9.9062963309346e-01|+0.0000000000000e+00|+2.8348893416922e-01
+0000000000000000009|+0000000000000000003|+0000000000000000001|+3.3200000000000e+00|-9.9347242573994e-01|+0.0000000000000e+00|+2.8507172454668e-01
+0000000000000000009|+0000000000000000003|+0000000000000000001|+3.3100000000000e+00|-9.9633111039334e-01|+0.0000000000000e+00|+2.8666735766487e-01
+0000000000000000009|+0000000000000000003|+0000000000000000001|+3.3000000000000e+00|-9.9920581614713e-01|+0.0000000000000e+00|+2.8827596700610e-01
+0000000000000000009|+0000000000000000003|+0000000000000000001|+3.2900000000000e+00|-1.0020966734378e+00|+0.0000000000000e+00|+2.8989768769518e-01
+0000000000000000009|+0000000000000000003|+0000000000000000001|+3.2800000000000e+00|-1.0050038140613e+00|+0.0000000000000e+00|+2.9153265652173e-01
+0000000000000000009|+0000000000000000003|+0000000000000000001|+3.2700000000000e+00|-1.0079273711901e+00|+0.0000000000000e+00|+2.9318101196284e-01
+0000000000000000009|+0000000000000000003|+0000000000000000001|+3.2600000000000e+00|-1.0108674793897e+00|+0.0000000000000e+00|+2.9484289420608e-01
+0000000000000000009|+0000000000000000003|+0000000000000000001|+3.2500000000000e+00|-1.0138242746364e+00|+0.0000000000000e+00|+2.9651844517271e-01
+0000000000000000009|+0000000000000000003|+0000000000000000001|+3.2400000000000e+00|-1.0167978943343e+00|+0.0000000000000e+00|+2.9820780854137e-01
+0000000000000000009|+0000000000000000003|+0000000000000000001|+3.2300000000000e+00|-1.0197884773332e+00|+0.0000000000000e+00|+2.9991112977193e-01
+0000000000000000009|+0000000000000000003|+0000000000000000001|+3.2200000000000e+00|-1.0227961639466e+00|+0.0000000000000e+00|+3.0162855612975e-01
+0000000000000000009|+0000000000000000003|+0000000000000000001|+3.2100000000000e+00|-1.0258210959697e+00|+0.0000000000000e+00|+3.0336023671027e-01
+0000000000000000009|+0000000000000000003|+0000000000000000001|+3.2000000000000e+00|-1.0288634166979e+00|+0.0000000000000e+00|+3.0510632246389e-01
+0000000000000000009|+0000000000000000003|+0000000000000000001|+3.1900000000000e+00|-1.0319232709454e+00|+0.0000000000000e+00|+3.0686696622123e-01
+0000000000000000009|+0000000000000000003|+0000000000000000001|+3.1800000000000e+00|-1.0350008050645e+00|+0.0000000000000e+00|+3.0864232271865e-01
+0000000000000000009|+0000000000000000003|+0000000000000000001|+3.1700000000000e+00|-1.0380961669643e+00|+0.0000000000000e+00|+3.1043254862422e-01
+0000000000000000009|+0000000000000000003|+0000000000000000001|+3.1600000000000e+00|-1.0412095061303e+00|+0.0000000000000e+00|+3.1223780256388e-01
+0000000000000000009|+0000000000000000003|+0000000000000000001|+3.1500000000000e+00|-1.0443409736442e+00|+0.0000000000000e+00|+3.1405824514817e-01
+0000000000000000009|+0000000000000000003|+0000000000000000001|+3.1400000000000e+00|-1.0474907222039e+00|+0.0000000000000e+00|+3.1589403899903e-01
+0000000000000000009|+0000000000000000003|+0000000000000000001|+3.1300000000000e+00|-1.0506589061437e+00|+0.0000000000000e+00|+3.1774534877719e-01
+0000000000000000009|+0000000000000000003|+0000000000000000001|+3.1200000000000e+00|-1.0538456814547e+00|+0.0000000000000e+00|+3.1961234120975e-01
+0000000000000000009|+0000000000000000003|+0000000000000000001|+3.1100000000000e+00|-1.0570512058059e+00|+0.0000000000000e+00|+3.2149518511826e-01
+0000000000000000009|+0000000000000000003|+0000000000000000001|+3.1000000000000e+00|-1.0602756385649e+00|+0.0000000000000e+00|+3.2339405144698e-01
+0000000000000000009|+0000000000000000003|+0000000000000000001|+3.0900000000000e+00|-1.0635191408196e+00|+0.0000000000000e+00|+3.2530911329170e-01
+0000000000000000009|+0000000000000000003|+0000000000000000001|+3.0800000000000e+00|-1.0667818753998e+00|+0.0000000000000e+00|+3.2724054592874e-01
+0000000000000000009|+0000000000000000003|+0000000000000000001|+3.0700000000000e+00|-1.0700640068989e+00|+0.0000000000000e+00|+3.2918852684444e-01
+0000000000000000009|+0000000000000000003|+0000000000000000001|+3.0600000000000e+00|-1.0733657016965e+00|+0.0000000000000e+00|+3.3115323576496e-01
+0000000000000000009|+0000000000000000003|+0000000000000000001|+3.0500000000000e+00|-1.0766871279806e+00|+0.0000000000000e+00|+3.3313485468649e-01
+0000000000000000009|+0000000000000000003|+0000000000000000001|+3.0400000000000e+00|-1.0800284557709e+00|+0.0000000000000e+00|+3.3513356790575e-01
+0000000000000000009|+0000000000000000003|+0000000000000000001|+3.0300000000000e+00|-1.0833898569415e+00|+0.0000000000000e+00|+3.3714956205095e-01
+0000000000000000009|+0000000000000000003|+0000000000000000001|+3.0200000000000e+00|-1.0867715052447e+00|+0.0000000000000e+00|+3.3918302611308e-01
+0000000000000000009|+0000000000000000003|+0000000000000000001|+3.0100000000000e+00|-1.0901735763345e+00|+0.0000000000000e+00|+3.4123415147759e-01
+0000000000000000009|+0000000000000000003|+0000000000000000001|+3.0000000000000e+00|-1.0935962477910e+00|+0.0000000000000e+00|+3.4330313195641e-01
+0000000000000000009|+0000000000000000003|+0000000000000000001|+2.9900000000000e+00|-1.0970396991447e+00|+0.0000000000000e+00|+3.4539016382039e-01
+0000000000000000009|+0000000000000000003|+0000000000000000001|+2.9800000000000e+00|-1.1005041119010e+00|+0.0000000000000e+00|+3.4749544583209e-01
+0000000000000000009|+0000000000000000003|+0000000000000000001|+2.9700000000000e+00|-1.1039896695658e+00|+0.0000000000000e+00|+3.4961917927897e-01
+0000000000000000009|+0000000000000000003|+0000000000000000001|+2.9600000000000e+00|-1.1074965576706e+00|+0.0000000000000e+00|+3.5176156800690e-01
+0000000000000000009|+0000000000000000003|+0000000000000000001|+2.9500000000000e+00|-1.1110249637981e+00|+0.0000000000000e+00|+3.5392281845413e-01
+0000000000000000009|+0000000000000000003|+0000000000000000001|+2.9400000000000e+00|-1.1145750776086e+00|+0.0000000000000e+00|+3.5610313968556e-01
+0000000000000000009|+0000000000000000003|+0000000000000000001|+2.9300000000000e+00|-1.1181470908665e+00|+0.0000000000000e+00|+3.5830274342744e-01
+0000000000000000009|+0000000000000000003|+0000000000000000001|+2.9200000000000e+00|-1.1217411974666e+00|+0.0000000000000e+00|+3.6052184410237e-01
+0000000000000000009|+0000000000000000003|+0000000000000000001|+2.9100000000000e+00|-1.1253575934619e+00|+0.0000000000000e+00|+3.6276065886479e-01
+0000000000000000009|+0000000000000000003|+0000000000000000001|+2.9000000000000e+00|-1.1289964770903e+00|+0.0000000000000e+00|+3.6501940763669e-01
+0000000000000000009|+0000000000000000003|+0000000000000000001|+2.8900000000000e+00|-1.1326580488034e+00|+0.0000000000000e+00|+3.6729831314381e-01
+0000000000000000009|+0000000000000000003|+0000000000000000001|+2.8800000000000e+00|-1.1363425112939e+00|+0.0000000000000e+00|+3.6959760095217e-01
+0000000000000000009|+0000000000000000003|+0000000000000000001|+2.8700000000000e+00|-1.1400500695246e+00|+0.0000000000000e+00|+3.7191749950489e-01
+0000000000000000009|+0000000000000000003|+0000000000000000001|+2.8600000000000e+00|-1.1437809307573e+00|+0.0000000000000e+00|+3.7425824015947e-01
+0000000000000000009|+0000000000000000003|+0000000000000000001|+2.8500000000000e+00|-1.1475353045822e+00|+0.0000000000000e+00|+3.7662005722537e-01
+0000000000000000009|+0000000000000000003|+0000000000000000001|+2.8400000000000e+00|-1.1513134029472e+00|+0.0000000000000e+00|+3.7900318800194e-01
+0000000000000000009|+0000000000000000003|+0000000000000000001|+2.8300000000000e+00|-1.1551154401887e+00|+0.0000000000000e+00|+3.8140787281668e-01
+0000000000000000009|+0000000000000000003|+0000000000000000001|+2.8200000000000e+00|-1.1589416330613e+00|+0.0000000000000e+00|+3.8383435506388e-01
+0000000000000000009|+0000000000000000003|+0000000000000000001|+2.8100000000000e+00|-1.1627922007694e+00|+0.0000000000000e+00|+3.8628288124352e-01
+0000000000000000009|+0000000000000000003|+0000000000000000001|+2.8000000000000e+00|-1.1666673649978e+00|+0.0000000000000e+00|+3.8875370100058e-01
+0000000000000000009|+0000000000000000003|+0000000000000000001|+2.7900000000000e+00|-1.1705673499437e+00|+0.0000000000000e+00|+3.9124706716458e-01
+0000000000000000009|+0000000000000000003|+0000000000000000001|+2.7800000000000e+00|-1.1744923823489e+00|+0.0000000000000e+00|+3.9376323578945e-01
+0000000000000000009|+0000000000000000003|+0000000000000000001|+2.7700000000000e+00|-1.1784426915317e+00|+0.0000000000000e+00|+3.9630246619375e-01
+0000000000000000009|+0000000000000000003|+0000000000000000001|+2.7600000000000e+00|-1.1824185094204e+00|+0.0000000000000e+00|+3.9886502100112e-01
+0000000000000000009|+0000000000000000003|+0000000000000000001|+2.7500000000000e+00|-1.1864200705859e+00|+0.0000000000000e+00|+4.0145116618096e-01
+0000000000000000009|+0000000000000000003|+0000000000000000001|+2.7400000000000e+00|-1.1904476122761e+00|+0.0000000000000e+00|+4.0406117108952e-01
+0000000000000000009|+0000000000000000003|+0000000000000000001|+2.7300000000000e+00|-1.1945013744491e+00|+0.0000000000000e+00|+4.0669530851104e-01
+0000000000000000009|+0000000000000000003|+0000000000000000001|+2.7200000000000e+00|-1.1985815998084e+00|+0.0000000000000e+00|+4.0935385469932e-01
+0000000000000000009|+0000000000000000003|+0000000000000000001|+2.7100000000000e+00|-1.2026885338378e+00|+0.0000000000000e+00|+4.1203708941937e-01
+0000000000000000009|+0000000000000000003|+0000000000000000001|+2.7000000000000e+00|-1.2068224248359e+00|+0.0000000000000e+00|+4.1474529598931e-01
+0000000000000000009|+0000000000000000003|+0000000000000000001|+2.6900000000000e+00|-1.2109835239530e+00|+0.0000000000000e+00|+4.1747876132250e-01
+0000000000000000009|+0000000000000000003|+0000000000000000001|+2.6800000000000e+00|-1.2151720852264e+00|+0.0000000000000e+00|+4.2023777596972e-01
+0000000000000000009|+0000000000000000003|+0000000000000000001|+2.6700000000000e+00|-1.2193883656172e+00|+0.0000000000000e+00|+4.2302263416165e-01
+0000000000000000009|+0000000000000000003|+0000000000000000001|+2.6600000000000e+00|-1.2236326250475e+00|+0.0000000000000e+00|+4.2583363385135e-01
+0000000000000000009|+0000000000000000003|+0000000000000000001|+2.6500000000000e+00|-1.2279051264378e+00|+0.0000000000000e+00|+4.2867107675688e-01
+0000000000000000009|+0000000000000000003|+0000000000000000001|+2.6400000000000e+00|-1.2322061357447e+00|+0.0000000000000e+00|+4.3153526840404e-01
+0000000000000000009|+0000000000000000003|+0000000000000000001|+2.6300000000000e+00|-1.2365359219992e+00|+0.0000000000000e+00|+4.3442651816911e-01
+0000000000000000009|+0000000000000000003|+0000000000000000001|+2.6200000000000e+00|-1.2408947573456e+00|+0.0000000000000e+00|+4.3734513932161e-01
+0000000000000000009|+0000000000000000003|+0000000000000000001|+2.6100000000000e+00|-1.2452829170805e+00|+0.0000000000000e+00|+4.4029144906712e-01
+0000000000000000009|+0000000000000000003|+0000000000000000001|+2.6000000000000e+00|-1.2497006796924e+00|+0.0000000000000e+00|+4.4326576859002e-01
+0000000000000000009|+0000000000000000003|+0000000000000000001|+2.5900000000000e+00|-1.2541483269018e+00|+0.0000000000000e+00|+4.4626842309611e-01
+0000000000000000009|+0000000000000000003|+0000000000000000001|+2.5800000000000e+00|-1.2586261437014e+00|+0.0000000000000e+00|+4.4929974185522e-01
+0000000000000000009|+0000000000000000003|+0000000000000000001|+2.5700000000000e+00|-1.2631344183972e+00|+0.0000000000000e+00|+4.5236005824363e-01
+0000000000000000009|+0000000000000000003|+0000000000000000001|+2.5600000000000e+00|-1.2676734426496e+00|+0.0000000000000e+00|+4.5544970978630e-01
+0000000000000000009|+0000000000000000003|+0000000000000000001|+2.5500000000000e+00|-1.2722435115153e+00|+0.0000000000000e+00|+4.5856903819891e-01
+0000000000000000009|+0000000000000000003|+0000000000000000001|+2.5400000000000e+00|-1.2768449234892e+00|+0.0000000000000e+00|+4.6171838942960e-01
+0000000000000000009|+0000000000000000003|+0000000000000000001|+2.5300000000000e+00|-1.2814779805469e+00|+0.0000000000000e+00|+4.6489811370039e-01
+0000000000000000009|+0000000000000000003|+0000000000000000001|+2.5200000000000e+00|-1.2861429881880e+00|+0.0000000000000e+00|+4.6810856554827e-01
+0000000000000000009|+0000000000000000003|+0000000000000000001|+2.5100000000000e+00|-1.2908402554790e+00|+0.0000000000000e+00|+4.7135010386587e-01
+0000000000000000009|+0000000000000000003|+0000000000000000001|+2.5000000000000e+00|-1.2955700950973e+00|+0.0000000000000e+00|+4.7462309194158e-01
+0000000000000000009|+0000000000000000003|+0000000000000000001|+2.4900000000000e+00|-1.3003328233756e+00|+0.0000000000000e+00|+4.7792789749927e-01
+0000000000000000009|+0000000000000000003|+0000000000000000001|+2.4800000000000e+00|-1.3051287603457e+00|+0.0000000000000e+00|+4.8126489273729e-01
+0000000000000000009|+0000000000000000003|+0000000000000000001|+2.4700000000000e+00|-1.3099582297844e+00|+0.0000000000000e+00|+4.8463445436688e-01
+0000000000000000009|+0000000000000000003|+0000000000000000001|+2.4600000000000e+00|-1.3148215592581e+00|+0.0000000000000e+00|+4.8803696364981e-01
+0000000000000000009|+0000000000000000003|+0000000000000000001|+2.4500000000000e+00|-1.3197190801686e+00|+0.0000000000000e+00|+4.9147280643531e-01
+0000000000000000009|+0000000000000000003|+0000000000000000001|+2.4400000000000e+00|-1.3246511277995e+00|+0.0000000000000e+00|+4.9494237319593e-01
+0000000000000000009|+0000000000000000003|+0000000000000000001|+2.4300000000000e+00|-1.3296180413623e+00|+0.0000000000000e+00|+4.9844605906268e-01
+0000000000000000009|+0000000000000000003|+0000000000000000001|+2.4200000000000e+00|-1.3346201640434e+00|+0.0000000000000e+00|+5.0198426385891e-01
+0000000000000000009|+0000000000000000003|+0000000000000000001|+2.4100000000000e+00|-1.3396578430506e+00|+0.0000000000000e+00|+5.0555739213320e-01
+0000000000000000009|+0000000000000000003|+0000000000000000001|+2.4000000000000e+00|-1.3447314296614e+00|+0.0000000000000e+00|+5.0916585319091e-01
+0000000000000000009|+0000000000000000003|+0000000000000000001|+2.3900000000000e+00|-1.3498412792701e+00|+0.0000000000000e+00|+5.1281006112448e-01
+0000000000000000009|+0000000000000000003|+0000000000000000001|+2.3800000000000e+00|-1.3549877514360e+00|+0.0000000000000e+00|+5.1649043484226e-01
+0000000000000000009|+0000000000000000003|+0000000000000000001|+2.3700000000000e+00|-1.3601712099316e+00|+0.0000000000000e+00|+5.2020739809573e-01
+0000000000000000009|+0000000000000000003|+0000000000000000001|+2.3600000000000e+00|-1.3653920227912e+00|+0.0000000000000e+00|+5.2396137950519e-01
+0000000000000000009|+0000000000000000003|+0000000000000000001|+2.3500000000000e+00|-1.3706505623600e+00|+0.0000000000000e+00|+5.2775281258351e-01
+0000000000000000009|+0000000000000000003|+0000000000000000001|+2.3400000000000e+00|-1.3759472053427e+00|+0.0000000000000e+00|+5.3158213575806e-01
+0000000000000000009|+0000000000000000003|+0000000000000000001|+2.3300000000000e+00|-1.3812823328528e+00|+0.0000000000000e+00|+5.3544979239054e-01
+0000000000000000009|+0000000000000000003|+0000000000000000001|+2.3200000000000e+00|-1.3866563304625e+00|+0.0000000000000e+00|+5.3935623079459e-01
+0000000000000000009|+0000000000000000003|+0000000000000000001|+2.3100000000000e+00|-1.3920695882517e+00|+0.0000000000000e+00|+5.4330190425111e-01
+0000000000000000009|+0000000000000000003|+0000000000000000001|+2.3000000000000e+00|-1.3975225008580e+00|+0.0000000000000e+00|+5.4728727102105e-01
+0000000000000000009|+0000000000000000003|+0000000000000000001|+2.2900000000000e+00|-1.4030154675267e+00|+0.0000000000000e+00|+5.5131279435544e-01
+0000000000000000009|+0000000000000000003|+0000000000000000001|+2.2800000000000e+00|-1.4085488921606e+00|+0.0000000000000e+00|+5.5537894250268e-01
+0000000000000000009|+0000000000000000003|+0000000000000000001|+2.2700000000000e+00|-1.4141231833698e+00|+0.0000000000000e+00|+5.5948618871274e-01
+0000000000000000009|+0000000000000000003|+0000000000000000001|+2.2600000000000e+00|-1.4197387545220e+00|+0.0000000000000e+00|+5.6363501123813e-01
+0000000000000000009|+0000000000000000003|+0000000000000000001|+2.2500000000000e+00|-1.4253960237925e+00|+0.0000000000000e+00|+5.6782589333146e-01
+0000000000000000009|+0000000000000000003|+0000000000000000001|+2.2400000000000e+00|-1.4310954142141e+00|+0.0000000000000e+00|+5.7205932323926e-01
+0000000000000000009|+0000000000000000003|+0000000000000000001|+2.2300000000000e+00|-1.4368373537269e+00|+0.0000000000000e+00|+5.7633579419211e-01
+0000000000000000009|+0000000000000000003|+0000000000000000001|+2.2200000000000e+00|-1.4426222752282e+00|+0.0000000000000e+00|+5.8065580439047e-01
+0000000000000000009|+0000000000000000003|+0000000000000000001|+2.2100000000000e+00|-1.4484506166222e+00|+0.0000000000000e+00|+5.8501985698625e-01
+0000000000000000009|+0000000000000000003|+0000000000000000001|+2.2000000000000e+00|-1.4543228208690e+00|+0.0000000000000e+00|+5.8942846005978e-01
+0000000000000000009|+0000000000000000003|+0000000000000000001|+2.1900000000000e+00|-1.4602393360344e+00|+0.0000000000000e+00|+5.9388212659184e-01
+0000000000000000009|+0000000000000000003|+0000000000000000001|+2.1800000000000e+00|-1.4662006153380e+00|+0.0000000000000e+00|+5.9838137443055e-01
+0000000000000000009|+0000000000000000003|+0000000000000000001|+2.1700000000000e+00|-1.4722071172024e+00|+0.0000000000000e+00|+6.0292672625279e-01
+0000000000000000009|+0000000000000000003|+0000000000000000001|+2.1600000000000e+00|-1.4782593053007e+00|+0.0000000000000e+00|+6.0751870951978e-01
+0000000000000000009|+0000000000000000003|+0000000000000000001|+2.1500000000000e+00|-1.4843576486044e+00|+0.0000000000000e+00|+6.1215785642664e-01
+0000000000000000009|+0000000000000000003|+0000000000000000001|+2.1400000000000e+00|-1.4905026214304e+00|+0.0000000000000e+00|+6.1684470384539e-01
+0000000000000000009|+0000000000000000003|+0000000000000000001|+2.1300000000000e+00|-1.4966947034875e+00|+0.0000000000000e+00|+6.2157979326118e-01
+0000000000000000009|+0000000000000000003|+0000000000000000001|+2.1200000000000e+00|-1.5029343799219e+00|+0.0000000000000e+00|+6.2636367070128e-01
+0000000000000000009|+0000000000000000003|+0000000000000000001|+2.1100000000000e+00|-1.5092221413627e+00|+0.0000000000000e+00|+6.3119688665652e-01
+0000000000000000009|+0000000000000000003|+0000000000000000001|+2.1000000000000e+00|-1.5155584839658e+00|+0.0000000000000e+00|+6.3607999599461e-01
+0000000000000000009|+0000000000000000003|+0000000000000000001|+2.0900000000000e+00|-1.5219439094573e+00|+0.0000000000000e+00|+6.4101355786507e-01
+0000000000000000009|+0000000000000000003|+0000000000000000001|+2.0800000000000e+00|-1.5283789251755e+00|+0.0000000000000e+00|+6.4599813559528e-01
+0000000000000000009|+0000000000000000003|+0000000000000000001|+2.0700000000000e+00|-1.5348640441129e+00|+0.0000000000000e+00|+6.5103429657695e-01
+0000000000000000009|+0000000000000000003|+0000000000000000001|+2.0600000000000e+00|-1.5413997849553e+00|+0.0000000000000e+00|+6.5612261214292e-01
+0000000000000000009|+0000000000000000003|+0000000000000000001|+2.0500000000000e+00|-1.5479866721211e+00|+0.0000000000000e+00|+6.6126365743331e-01
+0000000000000000009|+0000000000000000003|+0000000000000000001|+2.0400000000000e+00|-1.5546252357986e+00|+0.0000000000000e+00|+6.6645801125084e-01
+0000000000000000009|+0000000000000000003|+0000000000000000001|+2.0300000000000e+00|-1.5613160119819e+00|+0.0000000000000e+00|+6.7170625590447e-01
+0000000000000000009|+0000000000000000003|+0000000000000000001|+2.0200000000000e+00|-1.5680595425046e+00|+0.0000000000000e+00|+6.7700897704092e-01
+0000000000000000009|+0000000000000000003|+0000000000000000001|+2.0100000000000e+00|-1.5748563750733e+00|+0.0000000000000e+00|+6.8236676346337e-01
+0000000000000000009|+0000000000000000003|+0000000000000000001|+2.0000000000000e+00|-1.5817070632971e+00|+0.0000000000000e+00|+6.8778020693668e-01
+0000000000000000009|+0000000000000000003|+0000000000000000001|+1.9900000000000e+00|-1.5886121667170e+00|+0.0000000000000e+00|+6.9324990197847e-01
+0000000000000000009|+0000000000000000003|+0000000000000000001|+1.9800000000000e+00|-1.5955722508318e+00|+0.0000000000000e+00|+6.9877644563521e-01
+0000000000000000009|+0000000000000000003|+0000000000000000001|+1.9700000000000e+00|-1.6025878871226e+00|+0.0000000000000e+00|+7.0436043724275e-01
+0000000000000000009|+0000000000000000003|+0000000000000000001|+1.9600000000000e+00|-1.6096596530742e+00|+0.0000000000000e+00|+7.1000247817033e-01
+0000000000000000009|+0000000000000000003|+0000000000000000001|+1.9500000000000e+00|-1.6167881321940e+00|+0.0000000000000e+00|+7.1570317154732e-01
+0000000000000000009|+0000000000000000003|+0000000000000000001|+1.9400000000000e+00|-1.6239739140285e+00|+0.0000000000000e+00|+7.2146312197178e-01
+0000000000000000009|+0000000000000000003|+0000000000000000001|+1.9300000000000e+00|-1.6312175941760e+00|+0.0000000000000e+00|+7.2728293519991e-01
+0000000000000000009|+0000000000000000003|+0000000000000000001|+1.9200000000000e+00|-1.6385197742971e+00|+0.0000000000000e+00|+7.3316321781561e-01
+0000000000000000009|+0000000000000000003|+0000000000000000001|+1.9100000000000e+00|-1.6458810621205e+00|+0.0000000000000e+00|+7.3910457687877e-01
+0000000000000000009|+0000000000000000003|+0000000000000000001|+1.9000000000000e+00|-1.6533020714467e+00|+0.0000000000000e+00|+7.4510761955166e-01
+0000000000000000009|+0000000000000000003|+0000000000000000001|+1.8900000000000e+00|-1.6607834221465e+00|+0.0000000000000e+00|+7.5117295270220e-01
+0000000000000000009|+0000000000000000003|+0000000000000000001|+1.8800000000000e+00|-1.6683257401563e+00|+0.0000000000000e+00|+7.5730118248273e-01
+0000000000000000009|+0000000000000000003|+0000000000000000001|+1.8700000000000e+00|-1.6759296574685e+00|+0.0000000000000e+00|+7.6349291388350e-01
+0000000000000000009|+0000000000000000003|+0000000000000000001|+1.8600000000000e+00|-1.6835958121175e+00|+0.0000000000000e+00|+7.6974875025925e-01
+0000000000000000009|+0000000000000000003|+0000000000000000001|+1.8500000000000e+00|-1.6913248481612e+00|+0.0000000000000e+00|+7.7606929282796e-01
+0000000000000000009|+0000000000000000003|+0000000000000000001|+1.8400000000000e+00|-1.6991174156569e+00|+0.0000000000000e+00|+7.8245514014006e-01
+0000000000000000009|+0000000000000000003|+0000000000000000001|+1.8300000000000e+00|-1.7069741706314e+00|+0.0000000000000e+00|+7.8890688751685e-01
+0000000000000000009|+0000000000000000003|+0000000000000000001|+1.8200000000000e+00|-1.7148957750463e+00|+0.0000000000000e+00|+7.9542512645685e-01
+0000000000000000009|+0000000000000000003|+0000000000000000001|+1.8100000000000e+00|-1.7228828967564e+00|+0.0000000000000e+00|+8.0201044400811e-01
+0000000000000000009|+0000000000000000003|+0000000000000000001|+1.8000000000000e+00|-1.7309362094622e+00|+0.0000000000000e+00|+8.0866342210521e-01
+0000000000000000009|+0000000000000000003|+0000000000000000001|+1.7900000000000e+00|-1.7390563926548e+00|+0.0000000000000e+00|+8.1538463686929e-01
+0000000000000000009|+0000000000000000003|+0000000000000000001|+1.7800000000000e+00|-1.7472441315545e+00|+0.0000000000000e+00|+8.2217465786902e-01
+0000000000000000009|+0000000000000000003|+0000000000000000001|+1.7700000000000e+00|-1.7555001170413e+00|+0.0000000000000e+00|+8.2903404734124e-01
+0000000000000000009|+0000000000000000003|+0000000000000000001|+1.7600000000000e+00|-1.7638250455775e+00|+0.0000000000000e+00|+8.3596335936880e-01
+0000000000000000009|+0000000000000000003|+0000000000000000001|+1.7500000000000e+00|-1.7722196191219e+00|+0.0000000000000e+00|+8.4296313901415e-01
+0000000000000000009|+0000000000000000003|+0000000000000000001|+1.7400000000000e+00|-1.7806845450349e+00|+0.0000000000000e+00|+8.5003392140613e-01
+0000000000000000009|+0000000000000000003|+0000000000000000001|+1.7300000000000e+00|-1.7892205359746e+00|+0.0000000000000e+00|+8.5717623077834e-01
+0000000000000000009|+0000000000000000003|+0000000000000000001|+1.7200000000000e+00|-1.7978283097829e+00|+0.0000000000000e+00|+8.6439057945643e-01
+0000000000000000009|+0000000000000000003|+0000000000000000001|+1.7100000000000e+00|-1.8065085893608e+00|+0.0000000000000e+00|+8.7167746679231e-01
+0000000000000000009|+0000000000000000003|+0000000000000000001|+1.7000000000000e+00|-1.8152621025335e+00|+0.0000000000000e+00|+8.7903737804275e-01
+0000000000000000009|+0000000000000000003|+0000000000000000001|+1.6900000000000e+00|-1.8240895819032e+00|+0.0000000000000e+00|+8.8647078318976e-01
+0000000000000000009|+0000000000000000003|+0000000000000000001|+1.6800000000000e+00|-1.8329917646905e+00|+0.0000000000000e+00|+8.9397813570045e-01
+0000000000000000009|+0000000000000000003|+0000000000000000001|+1.6700000000000e+00|-1.8419693925627e+00|+0.0000000000000e+00|+9.0155987122351e-01
+0000000000000000009|+0000000000000000003|+0000000000000000001|+1.6600000000000e+00|-1.8510232114488e+00|+0.0000000000000e+00|+9.0921640621938e-01
+0000000000000000009|+0000000000000000003|+0000000000000000001|+1.6500000000000e+00|-1.8601539713405e+00|+0.0000000000000e+00|+9.1694813652166e-01
+0000000000000000009|+0000000000000000003|+0000000000000000001|+1.6400000000000e+00|-1.8693624260785e+00|+0.0000000000000e+00|+9.2475543582624e-01
+0000000000000000009|+0000000000000000003|+0000000000000000001|+1.6300000000000e+00|-1.8786493331231e+00|+0.0000000000000e+00|+9.3263865410538e-01
+0000000000000000009|+0000000000000000003|+0000000000000000001|+1.6200000000000e+00|-1.8880154533089e+00|+0.0000000000000e+00|+9.4059811594357e-01
+0000000000000000009|+0000000000000000003|+0000000000000000001|+1.6100000000000e+00|-1.8974615505819e+00|+0.0000000000000e+00|+9.4863411879150e-01
+0000000000000000009|+0000000000000000003|+0000000000000000001|+1.6000000000000e+00|-1.9069883917198e+00|+0.0000000000000e+00|+9.5674693113518e-01
+0000000000000000009|+0000000000000000003|+0000000000000000001|+1.5900000000000e+00|-1.9165967460319e+00|+0.0000000000000e+00|+9.6493679057622e-01
+0000000000000000009|+0000000000000000003|+0000000000000000001|+1.5800000000000e+00|-1.9262873850412e+00|+0.0000000000000e+00|+9.7320390182003e-01
+0000000000000000009|+0000000000000000003|+0000000000000000001|+1.5700000000000e+00|-1.9360610821441e+00|+0.0000000000000e+00|+9.8154843456777e-01
+0000000000000000009|+0000000000000000003|+0000000000000000001|+1.5600000000000e+00|-1.9459186122503e+00|+0.0000000000000e+00|+9.8997052130847e-01
+0000000000000000009|+0000000000000000003|+0000000000000000001|+1.5500000000000e+00|-1.9558607513982e+00|+0.0000000000000e+00|+9.9847025500721e-01
+0000000000000000009|+0000000000000000003|+0000000000000000001|+1.5400000000000e+00|-1.9658882763486e+00|+0.0000000000000e+00|+1.0070476866852e+00
+0000000000000000009|+0000000000000000003|+0000000000000000001|+1.5300000000000e+00|-1.9760019641522e+00|+0.0000000000000e+00|+1.0157028228879e+00
+0000000000000000009|+0000000000000000003|+0000000000000000001|+1.5200000000000e+00|-1.9862025916917e+00|+0.0000000000000e+00|+1.0244356230357e+00
+0000000000000000009|+0000000000000000003|+0000000000000000001|+1.5100000000000e+00|-1.9964909351970e+00|+0.0000000000000e+00|+1.0332459966549e+00
+0000000000000000009|+0000000000000000003|+0000000000000000001|+1.5000000000000e+00|-2.0068677697317e+00|+0.0000000000000e+00|+1.0421338004823e+00
+0000000000000000009|+0000000000000000003|+0000000000000000001|+1.4900000000000e+00|-2.0173338686503e+00|+0.0000000000000e+00|+1.0510988354394e+00
+0000000000000000009|+0000000000000000003|+0000000000000000001|+1.4800000000000e+00|-2.0278900030243e+00|+0.0000000000000e+00|+1.0601408434727e+00
+0000000000000000009|+0000000000000000003|+0000000000000000001|+1.4700000000000e+00|-2.0385369410362e+00|+0.0000000000000e+00|+1.0692595042534e+00
+0000000000000000009|+0000000000000000003|+0000000000000000001|+1.4600000000000e+00|-2.0492754473394e+00|+0.0000000000000e+00|+1.0784544317333e+00
+0000000000000000009|+0000000000000000003|+0000000000000000001|+1.4500000000000e+00|-2.0601062823835e+00|+0.0000000000000e+00|+1.0877251705509e+00
+0000000000000000009|+0000000000000000003|+0000000000000000001|+1.4400000000000e+00|-2.0710302017021e+00|+0.0000000000000e+00|+1.0970711922830e+00
+0000000000000000009|+0000000000000000003|+0000000000000000001|+1.4300000000000e+00|-2.0820479551632e+00|+0.0000000000000e+00|+1.1064918915371e+00
+0000000000000000009|+0000000000000000003|+0000000000000000001|+1.4200000000000e+00|-2.0931602861792e+00|+0.0000000000000e+00|+1.1159865818795e+00
+0000000000000000009|+0000000000000000003|+0000000000000000001|+1.4100000000000e+00|-2.1043679308753e+00|+0.0000000000000e+00|+1.1255544915936e+00
+0000000000000000009|+0000000000000000003|+0000000000000000001|+1.4000000000000e+00|-2.1156716172148e+00|+0.0000000000000e+00|+1.1351947592640e+00
+0000000000000000009|+0000000000000000003|+0000000000000000001|+1.3900000000000e+00|-2.1270720640791e+00|+0.0000000000000e+00|+1.1449064291804e+00
+0000000000000000009|+0000000000000000003|+0000000000000000001|+1.3800000000000e+00|-2.1385699803015e+00|+0.0000000000000e+00|+1.1546884465584e+00
+0000000000000000009|+0000000000000000003|+0000000000000000001|+1.3700000000000e+00|-2.1501660636512e+00|+0.0000000000000e+00|+1.1645396525703e+00
+0000000000000000009|+0000000000000000003|+0000000000000000001|+1.3600000000000e+00|-2.1618609997676e+00|+0.0000000000000e+00|+1.1744587791818e+00
+0000000000000000009|+0000000000000000003|+0000000000000000001|+1.3500000000000e+00|-2.1736554610415e+00|+0.0000000000000e+00|+1.1844444437907e+00
+0000000000000000009|+0000000000000000003|+0000000000000000001|+1.3400000000000e+00|-2.1855501054416e+00|+0.0000000000000e+00|+1.1944951436632e+00
+0000000000000000009|+0000000000000000003|+0000000000000000001|+1.3300000000000e+00|-2.1975455752848e+00|+0.0000000000000e+00|+1.2046092501626e+00
+0000000000000000009|+0000000000000000003|+0000000000000000001|+1.3200000000000e+00|-2.2096424959472e+00|+0.0000000000000e+00|+1.2147850027679e+00
+0000000000000000009|+0000000000000000003|+0000000000000000001|+1.3100000000000e+00|-2.2218414745146e+00|+0.0000000000000e+00|+1.2250205028788e+00
+0000000000000000009|+0000000000000000003|+0000000000000000001|+1.3000000000000e+00|-2.2341430983696e+00|+0.0000000000000e+00|+1.2353137074026e+00
+0000000000000000009|+0000000000000000003|+0000000000000000001|+1.2900000000000e+00|-2.2465479337142e+00|+0.0000000000000e+00|+1.2456624221225e+00
+0000000000000000009|+0000000000000000003|+0000000000000000001|+1.2800000000000e+00|-2.2590565240238e+00|+0.0000000000000e+00|+1.2560642948440e+00
+0000000000000000009|+0000000000000000003|+0000000000000000001|+1.2700000000000e+00|-2.2716693884327e+00|+0.0000000000000e+00|+1.2665168083187e+00
+0000000000000000009|+0000000000000000003|+0000000000000000001|+1.2600000000000e+00|-2.2843870200473e+00|+0.0000000000000e+00|+1.2770172729436e+00
+0000000000000000009|+0000000000000000003|+0000000000000000001|+1.2500000000000e+00|-2.2972098841847e+00|+0.0000000000000e+00|+1.2875628192386e+00
+0000000000000000009|+0000000000000000003|+0000000000000000001|+1.2400000000000e+00|-2.3101384165357e+00|+0.0000000000000e+00|+1.2981503901004e+00
+0000000000000000009|+0000000000000000003|+0000000000000000001|+1.2300000000000e+00|-2.3231730212489e+00|+0.0000000000000e+00|+1.3087767328364e+00
+0000000000000000009|+0000000000000000003|+0000000000000000001|+1.2200000000000e+00|-2.3363140689340e+00|+0.0000000000000e+00|+1.3194383909828e+00
+0000000000000000009|+0000000000000000003|+0000000000000000001|+1.2100000000000e+00|-2.3495618945823e+00|+0.0000000000000e+00|+1.3301316959090e+00
+0000000000000000009|+0000000000000000003|+0000000000000000001|+1.2000000000000e+00|-2.3629167954023e+00|+0.0000000000000e+00|+1.3408527582163e+00
+0000000000000000009|+0000000000000000003|+0000000000000000001|+1.1900000000000e+00|-2.3763790285679e+00|+0.0000000000000e+00|+1.3515974589386e+00
+0000000000000000009|+0000000000000000003|+0000000000000000001|+1.1800000000000e+00|-2.3899488088782e+00|+0.0000000000000e+00|+1.3623614405522e+00
+0000000000000000009|+0000000000000000003|+0000000000000000001|+1.1700000000000e+00|-2.4036263063263e+00|+0.0000000000000e+00|+1.3731400978088e+00
+0000000000000000009|+0000000000000000003|+0000000000000000001|+1.1600000000000e+00|-2.4174116435751e+00|+0.0000000000000e+00|+1.3839285684041e+00
+0000000000000000009|+0000000000000000003|+0000000000000000001|+1.1500000000000e+00|-2.4313048933400e+00|+0.0000000000000e+00|+1.3947217234967e+00
+0000000000000000009|+0000000000000000003|+0000000000000000001|+1.1400000000000e+00|-2.4453060756752e+00|+0.0000000000000e+00|+1.4055141580977e+00
+0000000000000000009|+0000000000000000003|+0000000000000000001|+1.1300000000000e+00|-2.4594151551637e+00|+0.0000000000000e+00|+1.4163001813512e+00
+0000000000000000009|+0000000000000000003|+0000000000000000001|+1.1200000000000e+00|-2.4736320380099e+00|+0.0000000000000e+00|+1.4270738067300e+00
+0000000000000000009|+0000000000000000003|+0000000000000000001|+1.1100000000000e+00|-2.4879565690336e+00|+0.0000000000000e+00|+1.4378287421753e+00
+0000000000000000009|+0000000000000000003|+0000000000000000001|+1.1000000000000e+00|-2.5023885285649e+00|+0.0000000000000e+00|+1.4485583802107e+00
+0000000000000000009|+0000000000000000003|+0000000000000000001|+1.0900000000000e+00|-2.5169276292411e+00|+0.0000000000000e+00|+1.4592557880674e+00
+0000000000000000009|+0000000000000000003|+0000000000000000001|+1.0800000000000e+00|-2.5315735127043e+00|+0.0000000000000e+00|+1.4699136978591e+00
+0000000000000000009|+0000000000000000003|+0000000000000000001|+1.0700000000000e+00|-2.5463257462017e+00|+0.0000000000000e+00|+1.4805244968528e+00
+0000000000000000009|+0000000000000000003|+0000000000000000001|+1.0600000000000e+00|-2.5611838190886e+00|+0.0000000000000e+00|+1.4910802178845e+00
+0000000000000000009|+0000000000000000003|+0000000000000000001|+1.0500000000000e+00|-2.5761471392377e+00|+0.0000000000000e+00|+1.5015725299749e+00
+0000000000000000009|+0000000000000000003|+0000000000000000001|+1.0400000000000e+00|-2.5912150293543e+00|+0.0000000000000e+00|+1.5119927292071e+00
+0000000000000000009|+0000000000000000003|+0000000000000000001|+1.0300000000000e+00|-2.6063867232034e+00|+0.0000000000000e+00|+1.5223317299337e+00
+0000000000000000009|+0000000000000000003|+0000000000000000001|+1.0200000000000e+00|-2.6216613617497e+00|+0.0000000000000e+00|+1.5325800563880e+00
+0000000000000000009|+0000000000000000003|+0000000000000000001|+1.0100000000000e+00|-2.6370379892161e+00|+0.0000000000000e+00|+1.5427278347809e+00
+0000000000000000009|+0000000000000000003|+0000000000000000001|+1.0000000000000e+00|-2.6525155490671e+00|+0.0000000000000e+00|+1.5527647859735e+00
+0000000000000000009|+0000000000000000003|+0000000000000000001|+9.9000000000004e-01|-2.6680928799208e+00|+0.0000000000000e+00|+1.5626802188226e+00
+0000000000000000009|+0000000000000000003|+0000000000000000001|+9.8000000000004e-01|-2.6837687113993e+00|+0.0000000000000e+00|+1.5724630243084e+00
+0000000000000000009|+0000000000000000003|+0000000000000000001|+9.7000000000004e-01|-2.6995416599236e+00|+0.0000000000000e+00|+1.5821016705566e+00
+0000000000000000009|+0000000000000000003|+0000000000000000001|+9.6000000000004e-01|-2.7154102244651e+00|+0.0000000000000e+00|+1.5915841988845e+00
+0000000000000000009|+0000000000000000003|+0000000000000000001|+9.5000000000004e-01|-2.7313727822619e+00|+0.0000000000000e+00|+1.6008982210063e+00
+0000000000000000009|+0000000000000000003|+0000000000000000001|+9.4000000000004e-01|-2.7474275845145e+00|+0.0000000000000e+00|+1.6100309175423e+00
+0000000000000000009|+0000000000000000003|+0000000000000000001|+9.3000000000004e-01|-2.7635727520736e+00|+0.0000000000000e+00|+1.6189690379948e+00
+0000000000000000009|+0000000000000000003|+0000000000000000001|+9.2000000000004e-01|-2.7798062711348e+00|+0.0000000000000e+00|+1.6276989023570e+00
+0000000000000000009|+0000000000000000003|+0000000000000000001|+9.1000000000004e-01|-2.7961259889602e+00|+0.0000000000000e+00|+1.6362064045373e+00
+0000000000000000009|+0000000000000000003|+0000000000000000001|+9.0000000000004e-01|-2.8125296096418e+00|+0.0000000000000e+00|+1.6444770177951e+00
+0000000000000000009|+0000000000000000003|+0000000000000000001|+8.9000000000004e-01|-2.8290146899320e+00|+0.0000000000000e+00|+1.6524958023915e+00
+0000000000000000009|+0000000000000000003|+0000000000000000001|+8.8000000000004e-01|-2.8455786351620e+00|+0.0000000000000e+00|+1.6602474156762e+00
+0000000000000000009|+0000000000000000003|+0000000000000000001|+8.7000000000004e-01|-2.8622186952735e+00|+0.0000000000000e+00|+1.6677161248410e+00
+0000000000000000009|+0000000000000000003|+0000000000000000001|+8.6000000000004e-01|-2.8789319609936e+00|+0.0000000000000e+00|+1.6748858225804e+00
+0000000000000000009|+0000000000000000003|+0000000000000000001|+8.5000000000004e-01|-2.8957153601808e+00|+0.0000000000000e+00|+1.6817400459184e+00
+0000000000000000009|+0000000000000000003|+0000000000000000001|+8.4000000000004e-01|-2.9125656543769e+00|+0.0000000000000e+00|+1.6882619984629e+00
+0000000000000000009|+0000000000000000003|+0000000000000000001|+8.3000000000004e-01|-2.9294794355988e+00|+0.0000000000000e+00|+1.6944345763640e+00
+0000000000000000009|+0000000000000000003|+0000000000000000001|+8.2000000000004e-01|-2.9464531234112e+00|+0.0000000000000e+00|+1.7002403982575e+00
+0000000000000000009|+0000000000000000003|+0000000000000000001|+8.1000000000004e-01|-2.9634829623179e+00|+0.0000000000000e+00|+1.7056618394847e+00
+0000000000000000009|+0000000000000000003|+0000000000000000001|+8.0000000000004e-01|-2.9805650195194e+00|+0.0000000000000e+00|+1.7106810708782e+00
+0000000000000000009|+0000000000000000003|+0000000000000000001|+7.9000000000004e-01|-2.9976951830818e+00|+0.0000000000000e+00|+1.7152801024099e+00
+0000000000000000009|+0000000000000000003|+0000000000000000001|+7.8000000000004e-01|-3.0148691605676e+00|+0.0000000000000e+00|+1.7194408319868e+00
+0000000000000000009|+0000000000000000003|+0000000000000000001|+7.7000000000004e-01|-3.0320824781817e+00|+0.0000000000000e+00|+1.7231450996802e+00
+0000000000000000009|+0000000000000000003|+0000000000000000001|+7.6000000000004e-01|-3.0493304804880e+00|+0.0000000000000e+00|+1.7263747476564e+00
+0000000000000000009|+0000000000000000003|+0000000000000000001|+7.5000000000004e-01|-3.0666083307541e+00|+0.0000000000000e+00|+1.7291116860548e+00
+0000000000000000009|+0000000000000000003|+0000000000000000001|+7.4000000000004e-01|-3.0839110119868e+00|+0.0000000000000e+00|+1.7313379650363e+00
+0000000000000000009|+0000000000000000003|+0000000000000000001|+7.3000000000004e-01|-3.1012333287184e+00|+0.0000000000000e+00|+1.7330358531846e+00
+0000000000000000009|+0000000000000000003|+0000000000000000001|+7.2000000000004e-01|-3.1185699096103e+00|+0.0000000000000e+00|+1.7341879223960e+00
+0000000000000000009|+0000000000000000003|+0000000000000000001|+7.1000000000004e-01|-3.1359152109375e+00|+0.0000000000000e+00|+1.7347771393303e+00
+0000000000000000009|+0000000000000000003|+0000000000000000001|+7.0000000000004e-01|-3.1532635210211e+00|+0.0000000000000e+00|+1.7347869634213e+00
+0000000000000000009|+0000000000000000003|+0000000000000000001|+6.9000000000004e-01|-3.1706089656734e+00|+0.0000000000000e+00|+1.7342014513526e+00
+0000000000000000009|+0000000000000000003|+0000000000000000001|+6.8000000000004e-01|-3.1879455147183e+00|+0.0000000000000e+00|+1.7330053677926e+00
+0000000000000000009|+0000000000000000003|+0000000000000000001|+6.7000000000004e-01|-3.2052669896502e+00|+0.0000000000000e+00|+1.7311843020430e+00
+0000000000000000009|+0000000000000000003|+0000000000000000001|+6.6000000000004e-01|-3.2225670724860e+00|+0.0000000000000e+00|+1.7287247900993e+00
+0000000000000000009|+0000000000000000003|+0000000000000000001|+6.5000000000004e-01|-3.2398393158627e+00|+0.0000000000000e+00|+1.7256144414331e+00
+0000000000000000009|+0000000000000000003|+0000000000000000001|+6.4000000000004e-01|-3.2570771544221e+00|+0.0000000000000e+00|+1.7218420695787e+00
+0000000000000000009|+0000000000000000003|+0000000000000000001|+6.3000000000004e-01|-3.2742739175162e+00|+0.0000000000000e+00|+1.7173978253555e+00
+0000000000000000009|+0000000000000000003|+0000000000000000001|+6.2000000000004e-01|-3.2914228432512e+00|+0.0000000000000e+00|+1.7122733312545e+00
+0000000000000000009|+0000000000000000003|+0000000000000000001|+6.1000000000004e-01|-3.3085170938750e+00|+0.0000000000000e+00|+1.7064618151833e+00
+0000000000000000009|+0000000000000000003|+0000000000000000001|+6.0000000000004e-01|-3.3255497724888e+00|+0.0000000000000e+00|+1.6999582413671e+00
+0000000000000000009|+0000000000000000003|+0000000000000000001|+5.9000000000004e-01|-3.3425139410431e+00|+0.0000000000000e+00|+1.6927594357726e+00
+0000000000000000009|+0000000000000000003|+0000000000000000001|+5.8000000000004e-01|-3.3594026395484e+00|+0.0000000000000e+00|+1.6848642029254e+00
+0000000000000000009|+0000000000000000003|+0000000000000000001|+5.7000000000004e-01|-3.3762089063947e+00|+0.0000000000000e+00|+1.6762734304444e+00
+0000000000000000009|+0000000000000000003|+0000000000000000001|+5.6000000000004e-01|-3.3929257996385e+00|+0.0000000000000e+00|+1.6669901770197e+00
+0000000000000000009|+0000000000000000003|+0000000000000000001|+5.5000000000004e-01|-3.4095464190660e+00|+0.0000000000000e+00|+1.6570197388933e+00
+0000000000000000009|+0000000000000000003|+0000000000000000001|+5.4000000000004e-01|-3.4260639287904e+00|+0.0000000000000e+00|+1.6463696892210e+00
+0000000000000000009|+0000000000000000003|+0000000000000000001|+5.3000000000004e-01|-3.4424715800811e+00|+0.0000000000000e+00|+1.6350498839088e+00
+0000000000000000009|+0000000000000000003|+0000000000000000001|+5.2000000000004e-01|-3.4587627340546e+00|+0.0000000000000e+00|+1.6230724267906e+00
+0000000000000000009|+0000000000000000003|+0000000000000000001|+5.1000000000004e-01|-3.4749308837797e+00|+0.0000000000000e+00|+1.6104515862031e+00
+0000000000000000009|+0000000000000000003|+0000000000000000001|+5.0000000000004e-01|-3.4909696752713e+00|+0.0000000000000e+00|+1.5972036542547e+00
+0000000000000000009|+0000000000000000003|+0000000000000000001|+4.9000000000004e-01|-3.5068729267503e+00|+0.0000000000000e+00|+1.5833467394007e+00
+0000000000000000009|+0000000000000000003|+0000000000000000001|+4.8000000000004e-01|-3.5226346454549e+00|+0.0000000000000e+00|+1.5689004823359e+00
+0000000000000000009|+0000000000000000003|+0000000000000000001|+4.7000000000004e-01|-3.5382490411838e+00|+0.0000000000000e+00|+1.5538856847923e+00
+0000000000000000009|+0000000000000000003|+0000000000000000001|+4.6000000000004e-01|-3.5537105356480e+00|+0.0000000000000e+00|+1.5383238407124e+00
+0000000000000000009|+0000000000000000003|+0000000000000000001|+4.5000000000004e-01|-3.5690137666034e+00|+0.0000000000000e+00|+1.5222365594568e+00
+0000000000000000009|+0000000000000000003|+0000000000000000001|+4.4000000000004e-01|-3.5841535856351e+00|+0.0000000000000e+00|+1.5056448715074e+00
+0000000000000000009|+0000000000000000003|+0000000000000000001|+4.3000000000004e-01|-3.5991250483761e+00|+0.0000000000000e+00|+1.4885684085095e+00
+0000000000000000009|+0000000000000000003|+0000000000000000001|+4.2000000000004e-01|-3.6139233958732e+00|+0.0000000000000e+00|+1.4710244518880e+00
+0000000000000000009|+0000000000000000003|+0000000000000000001|+4.1000000000004e-01|-3.6285440257707e+00|+0.0000000000000e+00|+1.4530268477428e+00
+0000000000000000009|+0000000000000000003|+0000000000000000001|+4.0000000000004e-01|-3.6429824519826e+00|+0.0000000000000e+00|+1.4345847907162e+00
+0000000000000000009|+0000000000000000003|+0000000000000000001|+3.9000000000004e-01|-3.6572342515848e+00|+0.0000000000000e+00|+1.4157014862509e+00
+0000000000000000009|+0000000000000000003|+0000000000000000001|+3.8000000000004e-01|-3.6712949977939e+00|+0.0000000000000e+00|+1.3963727096780e+00
+0000000000000000009|+0000000000000000003|+0000000000000000001|+3.7000000000004e-01|-3.6851601781407e+00|+0.0000000000000e+00|+1.3765852921395e+00
+0000000000000000009|+0000000000000000003|+0000000000000000001|+3.6000000000004e-01|-3.6988250973158e+00|+0.0000000000000e+00|+1.3563155780553e+00
+0000000000000000009|+0000000000000000003|+0000000000000000001|+3.5000000000004e-01|-3.7122847647021e+00|+0.0000000000000e+00|+1.3355279170337e+00
+0000000000000000009|+0000000000000000003|+0000000000000000001|+3.4000000000004e-01|-3.7255337673413e+00|+0.0000000000000e+00|+1.3141732752832e+00
+0000000000000000009|+0000000000000000003|+0000000000000000001|+3.3000000000004e-01|-3.7385661300653e+00|+0.0000000000000e+00|+1.2921880777524e+00
+0000000000000000009|+0000000000000000003|+0000000000000000001|+3.2000000000004e-01|-3.7513751657772e+00|+0.0000000000000e+00|+1.2694934226524e+00
+0000000000000000009|+0000000000000000003|+0000000000000000001|+3.1000000000004e-01|-3.7639533204572e+00|+0.0000000000000e+00|+1.2459948438341e+00
+0000000000000000009|+0000000000000000003|+0000000000000000001|+3.0000000000004e-01|-3.7762920193985e+00|+0.0000000000000e+00|+1.2215828328988e+00
+0000000000000000009|+0000000000000000003|+0000000000000000001|+2.9000000000004e-01|-3.7883815234819e+00|+0.0000000000000e+00|+1.1961343692111e+00
+0000000000000000009|+0000000000000000003|+0000000000000000001|+2.8000000000004e-01|-3.8002108069490e+00|+0.0000000000000e+00|+1.1695157384043e+00
+0000000000000000009|+0000000000000000003|+0000000000000000001|+2.7000000000004e-01|-3.8117674710581e+00|+0.0000000000000e+00|+1.1415869420811e+00
+0000000000000000009|+0000000000000000003|+0000000000000000001|+2.6000000000004e-01|-3.8230377110698e+00|+0.0000000000000e+00|+1.1122080032183e+00
+0000000000000000009|+0000000000000000003|+0000000000000000001|+2.5000000000004e-01|-3.8340063569225e+00|+0.0000000000000e+00|+1.0812474386873e+00
+0000000000000000009|+0000000000000000003|+0000000000000000001|+2.4000000000004e-01|-3.8446570102832e+00|+0.0000000000000e+00|+1.0485930806053e+00
+0000000000000000009|+0000000000000000003|+0000000000000000001|+2.3000000000004e-01|-3.8549723016798e+00|+0.0000000000000e+00|+1.0141652511983e+00
+0000000000000000009|+0000000000000000003|+0000000000000000001|+2.2000000000004e-01|-3.8649342900616e+00|+0.0000000000000e+00|+9.7793198849252e-01
+0000000000000000009|+0000000000000000003|+0000000000000000001|+2.1000000000004e-01|-3.8745250218129e+00|+0.0000000000000e+00|+9.3992552452336e-01
+0000000000000000009|+0000000000000000003|+0000000000000000001|+2.0000000000004e-01|-3.8837272547246e+00|+0.0000000000000e+00|+9.0025845846949e-01
+0000000000000000009|+0000000000000000003|+0000000000000000001|+1.9000000000004e-01|-3.8925253316183e+00|+0.0000000000000e+00|+8.5913695372784e-01
+0000000000000000009|+0000000000000000003|+0000000000000000001|+1.8000000000004e-01|-3.9009061542109e+00|+0.0000000000000e+00|+8.1686672723534e-01
+0000000000000000009|+0000000000000000003|+0000000000000000001|+1.7000000000004e-01|-3.9088601555763e+00|+0.0000000000000e+00|+7.7384553043160e-01
+0000000000000000009|+0000000000000000003|+0000000000000000001|+1.6000000000004e-01|-3.9163820942620e+00|+0.0000000000000e+00|+7.3053330648377e-01
+0000000000000000009|+0000000000000000003|+0000000000000000001|+1.5000000000004e-01|-3.9234713917887e+00|+0.0000000000000e+00|+6.8738861974137e-01
+0000000000000000009|+0000000000000000003|+0000000000000000001|+1.4000000000004e-01|-3.9301316116664e+00|+0.0000000000000e+00|+6.4475835539469e-01
+0000000000000000009|+0000000000000000003|+0000000000000000001|+1.3000000000004e-01|-3.9363685527758e+00|+0.0000000000000e+00|+6.0270951805679e-01
+0000000000000000009|+0000000000000000003|+0000000000000000001|+1.2000000000004e-01|-3.9421863591578e+00|+0.0000000000000e+00|+5.6080211804796e-01
+0000000000000000009|+0000000000000000003|+0000000000000000001|+1.1000000000004e-01|-3.9475811550595e+00|+0.0000000000000e+00|+5.1782931941787e-01
+0000000000000000009|+0000000000000000003|+0000000000000000001|+1.0000000000004e-01|-3.9525322306629e+00|+0.0000000000000e+00|+4.7160824239093e-01
+0000000000000000009|+0000000000000000003|+0000000000000000001|+9.0000000000041e-02|-3.9569921018166e+00|+0.0000000000000e+00|+4.1900558849091e-01
+0000000000000000009|+0000000000000000003|+0000000000000000001|+8.0000000000041e-02|-3.9608792948229e+00|+0.0000000000000e+00|+3.5652381837578e-01
+0000000000000000009|+0000000000000000003|+0000000000000000001|+7.0000000000041e-02|-3.9640816269170e+00|+0.0000000000000e+00|+2.8188976281120e-01
+0000000000000000009|+0000000000000000003|+0000000000000000001|+6.0000000000041e-02|-3.9664818479084e+00|+0.0000000000000e+00|+1.9694550582246e-01
+0000000000000000009|+0000000000000000003|+0000000000000000001|+5.0000000000041e-02|-3.9680167014526e+00|+0.0000000000000e+00|+1.1116963941812e-01
+0000000000000000009|+0000000000000000003|+0000000000000000001|+4.0000000000041e-02|-3.9687617983145e+00|+0.0000000000000e+00|+4.2390410221939e-02
+0000000000000000009|+0000000000000000003|+0000000000000000001|+3.0000000000041e-02|-3.9689790143210e+00|+0.0000000000000e+00|+7.1450439263724e-03
+0000000000000000009|+0000000000000000003|+0000000000000000001|+2.0000000000041e-02|-3.9690015460730e+00|+0.0000000000000e+00|+1.4415689530919e-04
+0000000000000000009|+0000000000000000003|+0000000000000000001|+1.0000000000041e-02|-3.9690017499284e+00|+0.0000000000000e+00|+5.5067062020956e-10
