#
# QHS - DATA
#
# ----------------------------------------
#
# Size                 = +0000000000000000004
# Model                = Periodic-2D
# Algorithm            = SSE
# Start-Temperature    = +0.0000000000000e+00
# End-Temperature      = +4.0000000000000e+00
# Temperature-Step     = +1.0000000000000e-02
#
# Size              | Model-Index        | Algorithm-Index    | Temperature        | AverageEnergy      | StdDvOfEnergy      | AverageCHeat      
# ------------------------------------------------------------------------------------------------------
+0000000000000000004|+0000000000000000003|+0000000000000000000|+4.0000000000000e+00|-8.2820000000000e-01|+3.8652993175020e-02|+2.2664029749999e-01
+0000000000000000004|+0000000000000000003|+0000000000000000000|+3.9900000000000e+00|-8.0149870000001e-01|+3.8033602697920e-02|+2.0641346310000e-01
+0000000000000000004|+0000000000000000003|+0000000000000000000|+3.9800000000000e+00|-8.4629700000000e-01|+3.8627015859558e-02|+2.2668047750001e-01
+0000000000000000004|+0000000000000000003|+0000000000000000000|+3.9700000000000e+00|-8.3843090000001e-01|+3.8620623096286e-02|+2.3129789910000e-01
+0000000000000000004|+0000000000000000003|+0000000000000000000|+3.9600000000000e+00|-8.3270680000000e-01|+3.8412756981415e-02|+2.2551299110000e-01
+0000000000000000004|+0000000000000000003|+0000000000000000000|+3.9500000000000e+00|-8.1737700000000e-01|+3.8174529184457e-02|+2.2066017240001e-01
+0000000000000000004|+0000000000000000003|+0000000000000000000|+3.9400000000000e+00|-8.3242660000000e-01|+3.8374912963494e-02|+2.2965716790000e-01
+0000000000000000004|+0000000000000000003|+0000000000000000000|+3.9300000000000e+00|-8.3046459999999e-01|+3.8320184950913e-02|+2.3044315160001e-01
+0000000000000000004|+0000000000000000003|+0000000000000000000|+3.9200000000000e+00|-8.4321520000000e-01|+3.8404225896450e-02|+2.3440540390000e-01
+0000000000000000004|+0000000000000000003|+0000000000000000000|+3.9100000000000e+00|-8.3416350000000e-01|+3.8236083866391e-02|+2.3135247750000e-01
+0000000000000000004|+0000000000000000003|+0000000000000000000|+3.9000000000000e+00|-8.4723400000000e-01|+3.8377847527480e-02|+2.3819239640001e-01
+0000000000000000004|+0000000000000000003|+0000000000000000000|+3.8900000000000e+00|-8.3164769999999e-01|+3.8109373102169e-02|+2.3173791510001e-01
+0000000000000000004|+0000000000000000003|+0000000000000000000|+3.8800000000000e+00|-8.6076280000000e-01|+3.8163122768028e-02|+2.3003396390001e-01
+0000000000000000004|+0000000000000000003|+0000000000000000000|+3.8700000000000e+00|-8.4590125000001e-01|+3.8096912092005e-02|+2.3360360937500e-01
+0000000000000000004|+0000000000000000003|+0000000000000000000|+3.8600000000000e+00|-8.6276900000000e-01|+3.8328145448707e-02|+2.4421527750001e-01
+0000000000000000004|+0000000000000000003|+0000000000000000000|+3.8500000000000e+00|-8.5718125000000e-01|+3.8054152185599e-02|+2.3475048437500e-01
+0000000000000000004|+0000000000000000003|+0000000000000000000|+3.8400000000000e+00|-9.0200320000001e-01|+3.8544934612961e-02|+2.5173216710000e-01
+0000000000000000004|+0000000000000000003|+0000000000000000000|+3.8300000000000e+00|-8.9959725000001e-01|+3.8393203236181e-02|+2.4769744437500e-01
+0000000000000000004|+0000000000000000003|+0000000000000000000|+3.8200000000000e+00|-8.6030140000000e-01|+3.7776908512973e-02|+2.2910348710001e-01
+0000000000000000004|+0000000000000000003|+0000000000000000000|+3.8100000000000e+00|-8.7588325000001e-01|+3.8045743825680e-02|+2.4222921937499e-01
+0000000000000000004|+0000000000000000003|+0000000000000000000|+3.8000000000000e+00|-8.6848066666667e-01|+3.8015160770507e-02|+2.4583468132222e-01
+0000000000000000004|+0000000000000000003|+0000000000000000000|+3.7900000000000e+00|-8.9605269999999e-01|+3.8284203969910e-02|+2.5614534310002e-01
+0000000000000000004|+0000000000000000003|+0000000000000000000|+3.7800000000000e+00|-8.6168680000000e-01|+3.8043807146457e-02|+2.5578015640001e-01
+0000000000000000004|+0000000000000000003|+0000000000000000000|+3.7700000000000e+00|-8.7172210000000e-01|+3.7846710360158e-02|+2.4596740710000e-01
+0000000000000000004|+0000000000000000003|+0000000000000000000|+3.7600000000000e+00|-9.1787280000000e-01|+3.8219632681833e-02|+2.5709743910000e-01
+0000000000000000004|+0000000000000000003|+0000000000000000000|+3.7500000000000e+00|-8.9597500000000e-01|+3.8229745045947e-02|+2.6693449240001e-01
+0000000000000000004|+0000000000000000003|+0000000000000000000|+3.7400000000000e+00|-8.9266560000000e-01|+3.8040059851947e-02|+2.6097723306666e-01
+0000000000000000004|+0000000000000000003|+0000000000000000000|+3.7300000000000e+00|-9.0630410000000e-01|+3.8082703632541e-02|+2.6313411110001e-01
+0000000000000000004|+0000000000000000003|+0000000000000000000|+3.7200000000000e+00|-8.9642920000000e-01|+3.7875741045090e-02|+2.5794646790001e-01
+0000000000000000004|+0000000000000000003|+0000000000000000000|+3.7100000000000e+00|-8.8842049999999e-01|+3.7844799726047e-02|+2.6189989750001e-01
+0000000000000000004|+0000000000000000003|+0000000000000000000|+3.7000000000000e+00|-8.9445450000002e-01|+3.7876507530728e-02|+2.6555017877500e-01
+0000000000000000004|+0000000000000000003|+0000000000000000000|+3.6900000000000e+00|-9.1033990000002e-01|+3.7904258589619e-02|+2.6635653589999e-01
+0000000000000000004|+0000000000000000003|+0000000000000000000|+3.6800000000000e+00|-9.1349279999999e-01|+3.7888477922856e-02|+2.6821527590002e-01
+0000000000000000004|+0000000000000000003|+0000000000000000000|+3.6700000000000e+00|-9.1632880000000e-01|+3.7885775234586e-02|+2.7091727040000e-01
+0000000000000000004|+0000000000000000003|+0000000000000000000|+3.6600000000000e+00|-9.3074500000000e-01|+3.7981510101739e-02|+2.7605943750001e-01
+0000000000000000004|+0000000000000000003|+0000000000000000000|+3.6500000000000e+00|-9.2799350000000e-01|+3.7794484071071e-02|+2.6989120390001e-01
+0000000000000000004|+0000000000000000003|+0000000000000000000|+3.6400000000000e+00|-9.1786040000001e-01|+3.7803450714185e-02|+2.7688140790000e-01
+0000000000000000004|+0000000000000000003|+0000000000000000000|+3.6300000000000e+00|-9.2229520000001e-01|+3.7688043728346e-02|+2.7279059840000e-01
+0000000000000000004|+0000000000000000003|+0000000000000000000|+3.6200000000000e+00|-9.1833539999999e-01|+3.7696844787348e-02|+2.7812993110001e-01
+0000000000000000004|+0000000000000000003|+0000000000000000000|+3.6100000000000e+00|-9.2478590000001e-01|+3.7621860084953e-02|+2.7579216390001e-01
+0000000000000000004|+0000000000000000003|+0000000000000000000|+3.6000000000000e+00|-9.2561200000001e-01|+3.7498615136553e-02|+2.7221080443333e-01
+0000000000000000004|+0000000000000000003|+0000000000000000000|+3.5900000000000e+00|-9.2978105000000e-01|+3.7624737885415e-02|+2.8218895097500e-01
+0000000000000000004|+0000000000000000003|+0000000000000000000|+3.5800000000000e+00|-9.5550480000001e-01|+3.7678908292714e-02|+2.8205068640000e-01
+0000000000000000004|+0000000000000000003|+0000000000000000000|+3.5700000000000e+00|-9.2747140000002e-01|+3.7457403726468e-02|+2.8074719960000e-01
+0000000000000000004|+0000000000000000003|+0000000000000000000|+3.5600000000000e+00|-9.5636640000001e-01|+3.7479889758492e-02|+2.7784940639999e-01
+0000000000000000004|+0000000000000000003|+0000000000000000000|+3.5500000000000e+00|-9.2926475000001e-01|+3.7340049633355e-02|+2.8109572897500e-01
+0000000000000000004|+0000000000000000003|+0000000000000000000|+3.5400000000000e+00|-9.6145780000002e-01|+3.7576617443561e-02|+2.9007063509999e-01
+0000000000000000004|+0000000000000000003|+0000000000000000000|+3.5300000000000e+00|-9.3925450000002e-01|+3.7191108684462e-02|+2.7725397749999e-01
+0000000000000000004|+0000000000000000003|+0000000000000000000|+3.5200000000000e+00|-9.5616640000002e-01|+3.7449815145292e-02|+2.9198236759999e-01
+0000000000000000004|+0000000000000000003|+0000000000000000000|+3.5100000000000e+00|-9.8574640000001e-01|+3.7636408776812e-02|+2.9899159039999e-01
+0000000000000000004|+0000000000000000003|+0000000000000000000|+3.5000000000000e+00|-9.3335000000001e-01|+3.7170283032876e-02|+2.8964838999999e-01
+0000000000000000004|+0000000000000000003|+0000000000000000000|+3.4900000000000e+00|-9.7637670000002e-01|+3.7438218647410e-02|+2.9780099110000e-01
+0000000000000000004|+0000000000000000003|+0000000000000000000|+3.4800000000000e+00|-9.7543480000003e-01|+3.7553446558601e-02|+3.0937789989998e-01
+0000000000000000004|+0000000000000000003|+0000000000000000000|+3.4700000000000e+00|-9.4020040000000e-01|+3.6972069882266e-02|+2.8780881760002e-01
+0000000000000000004|+0000000000000000003|+0000000000000000000|+3.4600000000000e+00|-9.6117180000002e-01|+3.7157892593454e-02|+2.9737501109999e-01
+0000000000000000004|+0000000000000000003|+0000000000000000000|+3.4500000000000e+00|-9.5061250000001e-01|+3.7215791426457e-02|+3.0826743750001e-01
+0000000000000000004|+0000000000000000003|+0000000000000000000|+3.4400000000000e+00|-9.4006480000001e-01|+3.7005749668544e-02|+3.0244919110001e-01
+0000000000000000004|+0000000000000000003|+0000000000000000000|+3.4300000000000e+00|-9.5050315000001e-01|+3.6971972145214e-02|+3.0154735797500e-01
+0000000000000000004|+0000000000000000003|+0000000000000000000|+3.4200000000000e+00|-9.8540350000000e-01|+3.7291894579907e-02|+3.1594194437500e-01
+0000000000000000004|+0000000000000000003|+0000000000000000000|+3.4100000000000e+00|-9.7000770000001e-01|+3.6915962259178e-02|+3.0089125910001e-01
+0000000000000000004|+0000000000000000003|+0000000000000000000|+3.4000000000000e+00|-9.9278200000001e-01|+3.7128784584364e-02|+3.1216514710001e-01
+0000000000000000004|+0000000000000000003|+0000000000000000000|+3.3900000000000e+00|-9.8162365000000e-01|+3.6967512452473e-02|+3.0950818377501e-01
+0000000000000000004|+0000000000000000003|+0000000000000000000|+3.3800000000000e+00|-1.0187118000000e+00|+3.7507457618343e-02|+3.3817452790000e-01
+0000000000000000004|+0000000000000000003|+0000000000000000000|+3.3700000000000e+00|-9.9232410000001e-01|+3.6958785393161e-02|+3.1470031510001e-01
+0000000000000000004|+0000000000000000003|+0000000000000000000|+3.3600000000000e+00|-9.9898480000001e-01|+3.7038450421391e-02|+3.2246557197500e-01
+0000000000000000004|+0000000000000000003|+0000000000000000000|+3.3500000000000e+00|-1.0090035000000e+00|+3.7127184501140e-02|+3.2993879590000e-01
+0000000000000000004|+0000000000000000003|+0000000000000000000|+3.3400000000000e+00|-1.0001550000000e+00|+3.7003215862894e-02|+3.2902693750000e-01
+0000000000000000004|+0000000000000000003|+0000000000000000000|+3.3300000000000e+00|-1.0204432000000e+00|+3.6939614990860e-02|+3.2337843840000e-01
+0000000000000000004|+0000000000000000003|+0000000000000000000|+3.3200000000000e+00|-1.0275246000000e+00|+3.6994669824166e-02|+3.2962927097500e-01
+0000000000000000004|+0000000000000000003|+0000000000000000000|+3.3100000000000e+00|-1.0077887250000e+00|+3.6833402539754e-02|+3.2948385349375e-01
+0000000000000000004|+0000000000000000003|+0000000000000000000|+3.3000000000000e+00|-1.0109860000000e+00|+3.6808451434285e-02|+3.3158974360000e-01
+0000000000000000004|+0000000000000000003|+0000000000000000000|+3.2900000000000e+00|-1.0106680333334e+00|+3.6829686099454e-02|+3.3793142398888e-01
+0000000000000000004|+0000000000000000003|+0000000000000000000|+3.2800000000000e+00|-1.0226840000000e+00|+3.6745483963887e-02|+3.3337226416666e-01
+0000000000000000004|+0000000000000000003|+0000000000000000000|+3.2700000000000e+00|-1.0113430000000e+00|+3.6703462019918e-02|+3.3882318999999e-01
+0000000000000000004|+0000000000000000003|+0000000000000000000|+3.2600000000000e+00|-1.0321260000000e+00|+3.6997234095882e-02|+3.5773399000001e-01
+0000000000000000004|+0000000000000000003|+0000000000000000000|+3.2500000000000e+00|-1.0147975000000e+00|+3.6524836717898e-02|+3.3526258310000e-01
+0000000000000000004|+0000000000000000003|+0000000000000000000|+3.2400000000000e+00|-1.0383748000000e+00|+3.6711156096897e-02|+3.4592742710000e-01
+0000000000000000004|+0000000000000000003|+0000000000000000000|+3.2300000000000e+00|-1.0485709000000e+00|+3.6499037464581e-02|+3.3294493110001e-01
+0000000000000000004|+0000000000000000003|+0000000000000000000|+3.2200000000000e+00|-1.0590322000000e+00|+3.6726652788389e-02|+3.5078099990002e-01
+0000000000000000004|+0000000000000000003|+0000000000000000000|+3.2100000000000e+00|-1.0713761500000e+00|+3.6695519569653e-02|+3.4987505577501e-01
+0000000000000000004|+0000000000000000003|+0000000000000000000|+3.2000000000000e+00|-1.0624960000000e+00|+3.6669750640816e-02|+3.5599357909998e-01
+0000000000000000004|+0000000000000000003|+0000000000000000000|+3.1900000000000e+00|-1.0606774000000e+00|+3.6755795033706e-02|+3.6801650840001e-01
+0000000000000000004|+0000000000000000003|+0000000000000000000|+3.1800000000000e+00|-1.0751395000000e+00|+3.6615738929970e-02|+3.5865264937499e-01
+0000000000000000004|+0000000000000000003|+0000000000000000000|+3.1700000000000e+00|-1.0865497500000e+00|+3.6799819317460e-02|+3.7382699437501e-01
+0000000000000000004|+0000000000000000003|+0000000000000000000|+3.1600000000000e+00|-1.0791119000000e+00|+3.6672708106709e-02|+3.7228976799375e-01
+0000000000000000004|+0000000000000000003|+0000000000000000000|+3.1500000000000e+00|-1.0835035000000e+00|+3.6403397503307e-02|+3.5653436790002e-01
+0000000000000000004|+0000000000000000003|+0000000000000000000|+3.1400000000000e+00|-1.0753160000000e+00|+3.6352734490612e-02|+3.6080563999999e-01
+0000000000000000004|+0000000000000000003|+0000000000000000000|+3.1300000000000e+00|-1.0764457000000e+00|+3.6310318083364e-02|+3.6274724790000e-01
+0000000000000000004|+0000000000000000003|+0000000000000000000|+3.1200000000000e+00|-1.0941144000000e+00|+3.6563398356570e-02|+3.8151783198888e-01
+0000000000000000004|+0000000000000000003|+0000000000000000000|+3.1100000000000e+00|-1.0774694000000e+00|+3.6109033920052e-02|+3.5839058840000e-01
+0000000000000000004|+0000000000000000003|+0000000000000000000|+3.1000000000000e+00|-1.1117025000000e+00|+3.6510439484735e-02|+3.8319574937499e-01
+0000000000000000004|+0000000000000000003|+0000000000000000000|+3.0900000000000e+00|-1.0953920500000e+00|+3.6414975962880e-02|+3.8692695497499e-01
+0000000000000000004|+0000000000000000003|+0000000000000000000|+3.0800000000000e+00|-1.0937060000000e+00|+3.6216423241687e-02|+3.7805353083332e-01
+0000000000000000004|+0000000000000000003|+0000000000000000000|+3.0700000000000e+00|-1.1219137000000e+00|+3.6470323090451e-02|+3.9419405190000e-01
+0000000000000000004|+0000000000000000003|+0000000000000000000|+3.0600000000000e+00|-1.1042414800000e+00|+3.6249846745658e-02|+3.8876296623600e-01
+0000000000000000004|+0000000000000000003|+0000000000000000000|+3.0500000000000e+00|-1.0977935000000e+00|+3.6098454474913e-02|+3.8499445110000e-01
+0000000000000000004|+0000000000000000003|+0000000000000000000|+3.0400000000000e+00|-1.1024416000000e+00|+3.6055717201760e-02|+3.8601810840002e-01
+0000000000000000004|+0000000000000000003|+0000000000000000000|+3.0300000000000e+00|-1.1167034500000e+00|+3.6108755468002e-02|+3.9141118177499e-01
+0000000000000000004|+0000000000000000003|+0000000000000000000|+3.0200000000000e+00|-1.1241296000000e+00|+3.6124984718232e-02|+3.9625112960001e-01
+0000000000000000004|+0000000000000000003|+0000000000000000000|+3.0100000000000e+00|-1.1281124000000e+00|+3.6164552853380e-02|+4.0417022240000e-01
+0000000000000000004|+0000000000000000003|+0000000000000000000|+3.0000000000000e+00|-1.1528800000000e+00|+3.6365024571162e-02|+4.1824307840000e-01
+0000000000000000004|+0000000000000000003|+0000000000000000000|+2.9900000000000e+00|-1.1545098000000e+00|+3.6268341760161e-02|+4.1617279959999e-01
+0000000000000000004|+0000000000000000003|+0000000000000000000|+2.9800000000000e+00|-1.1331124000000e+00|+3.5918895428472e-02|+4.0130009560002e-01
+0000000000000000004|+0000000000000000003|+0000000000000000000|+2.9700000000000e+00|-1.1401810000000e+00|+3.6112251268691e-02|+4.2096670999999e-01
+0000000000000000004|+0000000000000000003|+0000000000000000000|+2.9600000000000e+00|-1.1604512000000e+00|+3.6012655114206e-02|+4.1235400160000e-01
+0000000000000000004|+0000000000000000003|+0000000000000000000|+2.9500000000000e+00|-1.1426792500000e+00|+3.5900021909036e-02|+4.1550395077500e-01
+0000000000000000004|+0000000000000000003|+0000000000000000000|+2.9400000000000e+00|-1.1561614000000e+00|+3.5947429336221e-02|+4.2132560798163e-01
+0000000000000000004|+0000000000000000003|+0000000000000000000|+2.9300000000000e+00|-1.1587890500000e+00|+3.5761087498116e-02|+4.1142273277500e-01
+0000000000000000004|+0000000000000000003|+0000000000000000000|+2.9200000000000e+00|-1.1757044000000e+00|+3.5904516253681e-02|+4.2421149510001e-01
+0000000000000000004|+0000000000000000003|+0000000000000000000|+2.9100000000000e+00|-1.1796406000000e+00|+3.5815061895089e-02|+4.2195412440001e-01
+0000000000000000004|+0000000000000000003|+0000000000000000000|+2.9000000000000e+00|-1.1866940000000e+00|+3.5935906193831e-02|+4.3652670040000e-01
+0000000000000000004|+0000000000000000003|+0000000000000000000|+2.8900000000000e+00|-1.1772949000000e+00|+3.5742426068267e-02|+4.3001765190000e-01
+0000000000000000004|+0000000000000000003|+0000000000000000000|+2.8800000000000e+00|-1.1411008000000e+00|+3.5576957930907e-02|+4.3518076440001e-01
+0000000000000000004|+0000000000000000003|+0000000000000000000|+2.8700000000000e+00|-1.1970939000000e+00|+3.5756630284735e-02|+4.3808083910000e-01
+0000000000000000004|+0000000000000000003|+0000000000000000000|+2.8600000000000e+00|-1.2009978000000e+00|+3.5804080935847e-02|+4.4784420709999e-01
+0000000000000000004|+0000000000000000003|+0000000000000000000|+2.8500000000000e+00|-1.1757265000000e+00|+3.5433906549986e-02|+4.3133779590001e-01
+0000000000000000004|+0000000000000000003|+0000000000000000000|+2.8400000000000e+00|-1.1922452000000e+00|+3.5625011523539e-02|+4.4933655909999e-01
+0000000000000000004|+0000000000000000003|+0000000000000000000|+2.8300000000000e+00|-1.2040977000000e+00|+3.5675006438597e-02|+4.5676580389998e-01
+0000000000000000004|+0000000000000000003|+0000000000000000000|+2.8200000000000e+00|-1.2081871000000e+00|+3.5759300173441e-02|+4.7016110097500e-01
+0000000000000000004|+0000000000000000003|+0000000000000000000|+2.8100000000000e+00|-1.2177591000000e+00|+3.5625146523814e-02|+4.6204308790002e-01
+0000000000000000004|+0000000000000000003|+0000000000000000000|+2.8000000000000e+00|-1.2236960000000e+00|+3.5676270118713e-02|+4.7198225760001e-01
+0000000000000000004|+0000000000000000003|+0000000000000000000|+2.7900000000000e+00|-1.2459976000000e+00|+3.5583932057904e-02|+4.6306736640003e-01
+0000000000000000004|+0000000000000000003|+0000000000000000000|+2.7800000000000e+00|-1.1833780000000e+00|+3.4903823071379e-02|+4.3110599000001e-01
+0000000000000000004|+0000000000000000003|+0000000000000000000|+2.7700000000000e+00|-1.2322576000000e+00|+3.5351906682028e-02|+4.6175106559999e-01
+0000000000000000004|+0000000000000000003|+0000000000000000000|+2.7600000000000e+00|-1.2606364000000e+00|+3.5587456731371e-02|+4.8099766790001e-01
+0000000000000000004|+0000000000000000003|+0000000000000000000|+2.7500000000000e+00|-1.2419200000000e+00|+3.5414915896933e-02|+4.7942194560001e-01
+0000000000000000004|+0000000000000000003|+0000000000000000000|+2.7400000000000e+00|-1.2501469000000e+00|+3.5499425656823e-02|+4.9222514577501e-01
+0000000000000000004|+0000000000000000003|+0000000000000000000|+2.7300000000000e+00|-1.2926530000000e+00|+3.5709546742181e-02|+5.0470279000003e-01
+0000000000000000004|+0000000000000000003|+0000000000000000000|+2.7200000000000e+00|-1.2509304000000e+00|+3.5224384559029e-02|+4.8169891197499e-01
+0000000000000000004|+0000000000000000003|+0000000000000000000|+2.7100000000000e+00|-1.2530298000000e+00|+3.5204836107839e-02|+4.8703785560002e-01
+0000000000000000004|+0000000000000000003|+0000000000000000000|+2.7000000000000e+00|-1.2654070000000e+00|+3.5299321050720e-02|+4.9966745190000e-01
+0000000000000000004|+0000000000000000003|+0000000000000000000|+2.6900000000000e+00|-1.2643239666667e+00|+3.5262861418743e-02|+5.0474965998890e-01
+0000000000000000004|+0000000000000000003|+0000000000000000000|+2.6800000000000e+00|-1.2895124000000e+00|+3.5322759002589e-02|+5.0955559509999e-01
+0000000000000000004|+0000000000000000003|+0000000000000000000|+2.6700000000000e+00|-1.2649427500000e+00|+3.5123310293378e-02|+5.0748901937502e-01
+0000000000000000004|+0000000000000000003|+0000000000000000000|+2.6600000000000e+00|-1.2738482000000e+00|+3.5345903202819e-02|+5.3474520709999e-01
+0000000000000000004|+0000000000000000003|+0000000000000000000|+2.6500000000000e+00|-1.2925985000000e+00|+3.5125370552429e-02|+5.1424659990000e-01
+0000000000000000004|+0000000000000000003|+0000000000000000000|+2.6400000000000e+00|-1.2831700000000e+00|+3.5029506501557e-02|+5.1679685937500e-01
+0000000000000000004|+0000000000000000003|+0000000000000000000|+2.6300000000000e+00|-1.2790182500000e+00|+3.5046214675526e-02|+5.2875209937502e-01
+0000000000000000004|+0000000000000000003|+0000000000000000000|+2.6200000000000e+00|-1.2915977000000e+00|+3.4921514290642e-02|+5.2006236777500e-01
+0000000000000000004|+0000000000000000003|+0000000000000000000|+2.6100000000000e+00|-1.3390774000000e+00|+3.5103093602972e-02|+5.2935916439999e-01
+0000000000000000004|+0000000000000000003|+0000000000000000000|+2.6000000000000e+00|-1.3259720000000e+00|+3.5070502983841e-02|+5.4003619160002e-01
+0000000000000000004|+0000000000000000003|+0000000000000000000|+2.5900000000000e+00|-1.3319227666667e+00|+3.5057246582088e-02|+5.4548924478889e-01
+0000000000000000004|+0000000000000000003|+0000000000000000000|+2.5800000000000e+00|-1.3045156000000e+00|+3.4775316550677e-02|+5.3578012759998e-01
+0000000000000000004|+0000000000000000003|+0000000000000000000|+2.5700000000000e+00|-1.3319793000000e+00|+3.4878676811869e-02|+5.4517367990002e-01
+0000000000000000004|+0000000000000000003|+0000000000000000000|+2.5600000000000e+00|-1.3714176000000e+00|+3.4905506317459e-02|+5.4197635839998e-01
+0000000000000000004|+0000000000000000003|+0000000000000000000|+2.5500000000000e+00|-1.3613080000000e+00|+3.5063967774587e-02|+5.7243421440001e-01
+0000000000000000004|+0000000000000000003|+0000000000000000000|+2.5400000000000e+00|-1.3655762000000e+00|+3.5062821460120e-02|+5.8035549910000e-01
+0000000000000000004|+0000000000000000003|+0000000000000000000|+2.5300000000000e+00|-1.3487333000000e+00|+3.4884623944453e-02|+5.7739656790001e-01
+0000000000000000004|+0000000000000000003|+0000000000000000000|+2.5200000000000e+00|-1.3868548000000e+00|+3.5107090952616e-02|+5.9665087990003e-01
+0000000000000000004|+0000000000000000003|+0000000000000000000|+2.5100000000000e+00|-1.3628980000000e+00|+3.4620045232680e-02|+5.6243596000002e-01
+0000000000000000004|+0000000000000000003|+0000000000000000000|+2.5000000000000e+00|-1.3769375000001e+00|+3.4791572003255e-02|+5.8575689937499e-01
+0000000000000000004|+0000000000000000003|+0000000000000000000|+2.4900000000000e+00|-1.3696049500000e+00|+3.4742242721024e-02|+5.9333090497501e-01
+0000000000000000004|+0000000000000000003|+0000000000000000000|+2.4800000000000e+00|-1.3922556000000e+00|+3.4543284868117e-02|+5.7206005597502e-01
+0000000000000000004|+0000000000000000003|+0000000000000000000|+2.4700000000000e+00|-1.4211723000001e+00|+3.4745215021179e-02|+5.9348569190000e-01
+0000000000000000004|+0000000000000000003|+0000000000000000000|+2.4600000000000e+00|-1.4156608000001e+00|+3.4541943091228e-02|+5.8294328959999e-01
+0000000000000000004|+0000000000000000003|+0000000000000000000|+2.4500000000000e+00|-1.4042505000000e+00|+3.4696083894998e-02|+6.1583753989999e-01
+0000000000000000004|+0000000000000000003|+0000000000000000000|+2.4400000000000e+00|-1.3997821333334e+00|+3.4503473231255e-02|+6.0605982182219e-01
+0000000000000000004|+0000000000000000003|+0000000000000000000|+2.4300000000000e+00|-1.4416576000000e+00|+3.4682675597983e-02|+6.2057765759998e-01
+0000000000000000004|+0000000000000000003|+0000000000000000000|+2.4200000000000e+00|-1.3858704000001e+00|+3.4142780595421e-02|+5.9120322559996e-01
+0000000000000000004|+0000000000000000003|+0000000000000000000|+2.4100000000000e+00|-1.4147290000000e+00|+3.4256150927149e-02|+6.0332439000002e-01
+0000000000000000004|+0000000000000000003|+0000000000000000000|+2.4000000000000e+00|-1.4408080000001e+00|+3.4508687539013e-02|+6.3357033110000e-01
+0000000000000000004|+0000000000000000003|+0000000000000000000|+2.3900000000000e+00|-1.4204963000000e+00|+3.4237178711297e-02|+6.2073243109998e-01
+0000000000000000004|+0000000000000000003|+0000000000000000000|+2.3800000000000e+00|-1.4350183000000e+00|+3.4364116780717e-02|+6.4126840877504e-01
+0000000000000000004|+0000000000000000003|+0000000000000000000|+2.3700000000000e+00|-1.4565976000000e+00|+3.4357286379751e-02|+6.4286608960002e-01
+0000000000000000004|+0000000000000000003|+0000000000000000000|+2.3600000000000e+00|-1.4558542000000e+00|+3.4146501214455e-02|+6.2892372097502e-01
+0000000000000000004|+0000000000000000003|+0000000000000000000|+2.3500000000000e+00|-1.4918297500000e+00|+3.4343417644217e-02|+6.4965576677502e-01
+0000000000000000004|+0000000000000000003|+0000000000000000000|+2.3400000000000e+00|-1.4755786000000e+00|+3.4357696550460e-02|+6.7033361590000e-01
+0000000000000000004|+0000000000000000003|+0000000000000000000|+2.3300000000000e+00|-1.4683914000000e+00|+3.4107999863758e-02|+6.5409958360002e-01
+0000000000000000004|+0000000000000000003|+0000000000000000000|+2.3200000000000e+00|-1.4972144000001e+00|+3.4301210120707e-02|+6.7832494359998e-01
+0000000000000000004|+0000000000000000003|+0000000000000000000|+2.3100000000000e+00|-1.4977789000000e+00|+3.4127049883119e-02|+6.6818864389998e-01
+0000000000000000004|+0000000000000000003|+0000000000000000000|+2.3000000000000e+00|-1.4906103333334e+00|+3.4070194861498e-02|+6.7641157545554e-01
+0000000000000000004|+0000000000000000003|+0000000000000000000|+2.2900000000000e+00|-1.5093677500001e+00|+3.4235146712159e-02|+7.0228037437498e-01
+0000000000000000004|+0000000000000000003|+0000000000000000000|+2.2800000000000e+00|-1.5119600000001e+00|+3.4110281179848e-02|+6.9765322222224e-01
+0000000000000000004|+0000000000000000003|+0000000000000000000|+2.2700000000000e+00|-1.5122121000001e+00|+3.3963427038493e-02|+6.9111932709999e-01
+0000000000000000004|+0000000000000000003|+0000000000000000000|+2.2600000000000e+00|-1.5358604000000e+00|+3.4086180313143e-02|+7.1001458840003e-01
+0000000000000000004|+0000000000000000003|+0000000000000000000|+2.2500000000000e+00|-1.5388750000001e+00|+3.4024662249634e-02|+7.1370863888889e-01
+0000000000000000004|+0000000000000000003|+0000000000000000000|+2.2400000000000e+00|-1.4995408000000e+00|+3.3663743601639e-02|+6.9602433297501e-01
+0000000000000000004|+0000000000000000003|+0000000000000000000|+2.2300000000000e+00|-1.5569949500001e+00|+3.3911649660784e-02|+7.1723764577501e-01
+0000000000000000004|+0000000000000000003|+0000000000000000000|+2.2200000000000e+00|-1.5400675000001e+00|+3.3711829052815e-02|+7.1114110937499e-01
+0000000000000000004|+0000000000000000003|+0000000000000000000|+2.2100000000000e+00|-1.5650173000001e+00|+3.3984727807392e-02|+7.5137160309999e-01
+0000000000000000004|+0000000000000000003|+0000000000000000000|+2.2000000000000e+00|-1.5635380000001e+00|+3.3790999325548e-02|+7.3913035589998e-01
+0000000000000000004|+0000000000000000003|+0000000000000000000|+2.1900000000000e+00|-1.5785038000001e+00|+3.3804669374300e-02|+7.4841863960001e-01
+0000000000000000004|+0000000000000000003|+0000000000000000000|+2.1800000000000e+00|-1.6109847000001e+00|+3.3974915224664e-02|+7.7220934777499e-01
+0000000000000000004|+0000000000000000003|+0000000000000000000|+2.1700000000000e+00|-1.5979251000001e+00|+3.3837736715413e-02|+7.7327651909997e-01
+0000000000000000004|+0000000000000000003|+0000000000000000000|+2.1600000000000e+00|-1.6070488000001e+00|+3.3771779602971e-02|+7.7438379510001e-01
+0000000000000000004|+0000000000000000003|+0000000000000000000|+2.1500000000000e+00|-1.6033462500001e+00|+3.3432912077355e-02|+7.4186779937500e-01
+0000000000000000004|+0000000000000000003|+0000000000000000000|+2.1400000000000e+00|-1.6036423000001e+00|+3.3618310401395e-02|+7.8368923697503e-01
+0000000000000000004|+0000000000000000003|+0000000000000000000|+2.1300000000000e+00|-1.6194664000001e+00|+3.3598657412241e-02|+7.8866748160004e-01
+0000000000000000004|+0000000000000000003|+0000000000000000000|+2.1200000000000e+00|-1.6233556000001e+00|+3.3446139807483e-02|+7.7959464310001e-01
+0000000000000000004|+0000000000000000003|+0000000000000000000|+2.1100000000000e+00|-1.6133750000001e+00|+3.3349706877759e-02|+7.8540374999998e-01
+0000000000000000004|+0000000000000000003|+0000000000000000000|+2.1000000000000e+00|-1.6514170000001e+00|+3.3567660150686e-02|+8.1604888710001e-01
+0000000000000000004|+0000000000000000003|+0000000000000000000|+2.0900000000000e+00|-1.6688556666667e+00|+3.3562899307685e-02|+8.2316047888888e-01
+0000000000000000004|+0000000000000000003|+0000000000000000000|+2.0800000000000e+00|-1.6553920000001e+00|+3.3430482921317e-02|+8.2554524000003e-01
+0000000000000000004|+0000000000000000003|+0000000000000000000|+2.0700000000000e+00|-1.6849622500001e+00|+3.3475512990162e-02|+8.3481696937500e-01
+0000000000000000004|+0000000000000000003|+0000000000000000000|+2.0600000000000e+00|-1.6898926000001e+00|+3.3362837030685e-02|+8.3148673589996e-01
+0000000000000000004|+0000000000000000003|+0000000000000000000|+2.0500000000000e+00|-1.6981795000001e+00|+3.3236582038720e-02|+8.2435007990000e-01
+0000000000000000004|+0000000000000000003|+0000000000000000000|+2.0400000000000e+00|-1.6685116000001e+00|+3.3114463438737e-02|+8.3641307590001e-01
+0000000000000000004|+0000000000000000003|+0000000000000000000|+2.0300000000000e+00|-1.7004667000001e+00|+3.3101874574247e-02|+8.3581204790000e-01
+0000000000000000004|+0000000000000000003|+0000000000000000000|+2.0200000000000e+00|-1.6943073000001e+00|+3.3150822711079e-02|+8.6417281177501e-01
+0000000000000000004|+0000000000000000003|+0000000000000000000|+2.0100000000000e+00|-1.7301881500001e+00|+3.3265102744709e-02|+8.8287068577500e-01
+0000000000000000004|+0000000000000000003|+0000000000000000000|+2.0000000000000e+00|-1.7309600000001e+00|+3.3140232405822e-02|+8.7993294102858e-01
+0000000000000000004|+0000000000000000003|+0000000000000000000|+1.9900000000000e+00|-1.7430706000001e+00|+3.3065757641017e-02|+8.7968471639999e-01
+0000000000000000004|+0000000000000000003|+0000000000000000000|+1.9800000000000e+00|-1.7307952000001e+00|+3.2884548276011e-02|+8.7385962239999e-01
+0000000000000000004|+0000000000000000003|+0000000000000000000|+1.9700000000000e+00|-1.7435516000001e+00|+3.2907875375660e-02|+8.8984592160001e-01
+0000000000000000004|+0000000000000000003|+0000000000000000000|+1.9600000000000e+00|-1.7603188000001e+00|+3.2933220236354e-02|+9.0448263909999e-01
+0000000000000000004|+0000000000000000003|+0000000000000000000|+1.9500000000000e+00|-1.7807315000001e+00|+3.3080205410333e-02|+9.3871904665551e-01
+0000000000000000004|+0000000000000000003|+0000000000000000000|+1.9400000000000e+00|-1.7625136000001e+00|+3.2754345184943e-02|+9.1086248640003e-01
+0000000000000000004|+0000000000000000003|+0000000000000000000|+1.9300000000000e+00|-1.7850870500001e+00|+3.2832685526258e-02|+9.3252339577493e-01
+0000000000000000004|+0000000000000000003|+0000000000000000000|+1.9200000000000e+00|-1.7777920000001e+00|+3.2656821291598e-02|+9.2509024000001e-01
+0000000000000000004|+0000000000000000003|+0000000000000000000|+1.9100000000000e+00|-1.8017308500001e+00|+3.2746182415087e-02|+9.4864351077499e-01
+0000000000000000004|+0000000000000000003|+0000000000000000000|+1.9000000000000e+00|-1.8140980000001e+00|+3.2730397836475e-02|+9.5981494359998e-01
+0000000000000000004|+0000000000000000003|+0000000000000000000|+1.8900000000000e+00|-1.8395161000001e+00|+3.2622825208074e-02|+9.4754837989998e-01
+0000000000000000004|+0000000000000000003|+0000000000000000000|+1.8800000000000e+00|-1.8391605333334e+00|+3.2547754430910e-02|+9.5486702862222e-01
+0000000000000000004|+0000000000000000003|+0000000000000000000|+1.8700000000000e+00|-1.8451127000001e+00|+3.2595093774121e-02|+9.8172043589996e-01
+0000000000000000004|+0000000000000000003|+0000000000000000000|+1.8600000000000e+00|-1.8635920000001e+00|+3.2611786749842e-02|+9.9663016000002e-01
+0000000000000000004|+0000000000000000003|+0000000000000000000|+1.8500000000000e+00|-1.8618657500001e+00|+3.2458815237411e-02|+9.9057462497502e-01
+0000000000000000004|+0000000000000000003|+0000000000000000000|+1.8400000000000e+00|-1.8932069333334e+00|+3.2545986561818e-02|+1.0124800372890e+00
+0000000000000000004|+0000000000000000003|+0000000000000000000|+1.8300000000000e+00|-1.9069036000001e+00|+3.2638934708974e-02|+1.0458065936000e+00
+0000000000000000004|+0000000000000000003|+0000000000000000000|+1.8200000000000e+00|-1.8661168000001e+00|+3.2257663581881e-02|+1.0168444224000e+00
+0000000000000000004|+0000000000000000003|+0000000000000000000|+1.8100000000000e+00|-1.9260438500001e+00|+3.2373736976481e-02|+1.0297002627750e+00
+0000000000000000004|+0000000000000000003|+0000000000000000000|+1.8000000000000e+00|-1.9251880000001e+00|+3.2282153741823e-02|+1.0354919644000e+00
+0000000000000000004|+0000000000000000003|+0000000000000000000|+1.7900000000000e+00|-1.9293274500001e+00|+3.2289808618073e-02|+1.0585745259750e+00
+0000000000000000004|+0000000000000000003|+0000000000000000000|+1.7800000000000e+00|-1.9475890666668e+00|+3.2142281319651e-02|+1.0426463891555e+00
+0000000000000000004|+0000000000000000003|+0000000000000000000|+1.7700000000000e+00|-1.9593838000001e+00|+3.2226790765357e-02|+1.0777594364000e+00
+0000000000000000004|+0000000000000000003|+0000000000000000000|+1.7600000000000e+00|-1.9607480000001e+00|+3.2178011151869e-02|+1.0919073193749e+00
+0000000000000000004|+0000000000000000003|+0000000000000000000|+1.7500000000000e+00|-1.9628400000001e+00|+3.1943293714666e-02|+1.0670203296001e+00
+0000000000000000004|+0000000000000000003|+0000000000000000000|+1.7400000000000e+00|-1.9850756000001e+00|+3.2004333437277e-02|+1.0925213919556e+00
+0000000000000000004|+0000000000000000003|+0000000000000000000|+1.7300000000000e+00|-1.9905275666668e+00|+3.1946072405774e-02|+1.1029042666555e+00
+0000000000000000004|+0000000000000000003|+0000000000000000000|+1.7200000000000e+00|-1.9933240000001e+00|+3.1930231835565e-02|+1.1242091100000e+00
+0000000000000000004|+0000000000000000003|+0000000000000000000|+1.7100000000000e+00|-2.0495365000001e+00|+3.1940513525259e-02|+1.1204255775000e+00
+0000000000000000004|+0000000000000000003|+0000000000000000000|+1.7000000000000e+00|-2.0257133333334e+00|+3.1846848582323e-02|+1.1410002622222e+00
+0000000000000000004|+0000000000000000003|+0000000000000000000|+1.6900000000000e+00|-2.0617291000001e+00|+3.1921605091357e-02|+1.1640165079000e+00
+0000000000000000004|+0000000000000000003|+0000000000000000000|+1.6800000000000e+00|-2.0364772000001e+00|+3.1728402685004e-02|+1.1637708977750e+00
+0000000000000000004|+0000000000000000003|+0000000000000000000|+1.6700000000000e+00|-2.0722282000001e+00|+3.1871621021454e-02|+1.2034728284000e+00
+0000000000000000004|+0000000000000000003|+0000000000000000000|+1.6600000000000e+00|-2.0550978000001e+00|+3.1701116480689e-02|+1.2037815911000e+00
+0000000000000000004|+0000000000000000003|+0000000000000000000|+1.6500000000000e+00|-2.0828920000001e+00|+3.1686734748938e-02|+1.2131187296000e+00
+0000000000000000004|+0000000000000000003|+0000000000000000000|+1.6400000000000e+00|-2.0721856000001e+00|+3.1386097951638e-02|+1.1791723584000e+00
+0000000000000000004|+0000000000000000003|+0000000000000000000|+1.6300000000000e+00|-2.1202977000001e+00|+3.1409888715951e-02|+1.1851177159000e+00
+0000000000000000004|+0000000000000000003|+0000000000000000000|+1.6200000000000e+00|-2.1176188000001e+00|+3.1380545757745e-02|+1.2101277724000e+00
+0000000000000000004|+0000000000000000003|+0000000000000000000|+1.6100000000000e+00|-2.1041959000001e+00|+3.1362700043807e-02|+1.2451103439001e+00
+0000000000000000004|+0000000000000000003|+0000000000000000000|+1.6000000000000e+00|-2.1457013333334e+00|+3.1322810814606e-02|+1.2410474693222e+00
+0000000000000000004|+0000000000000000003|+0000000000000000000|+1.5900000000000e+00|-2.1731670000001e+00|+3.1370593096438e-02|+1.2676798655555e+00
+0000000000000000004|+0000000000000000003|+0000000000000000000|+1.5800000000000e+00|-2.1668234000001e+00|+3.1226006988928e-02|+1.2682579271000e+00
+0000000000000000004|+0000000000000000003|+0000000000000000000|+1.5700000000000e+00|-2.1889484000001e+00|+3.1244308472024e-02|+1.2919156656000e+00
+0000000000000000004|+0000000000000000003|+0000000000000000000|+1.5600000000000e+00|-2.1909885333335e+00|+3.1048520460872e-02|+1.2743261445875e+00
+0000000000000000004|+0000000000000000003|+0000000000000000000|+1.5500000000000e+00|-2.2083507500001e+00|+3.1090521080349e-02|+1.3079270457750e+00
+0000000000000000004|+0000000000000000003|+0000000000000000000|+1.5400000000000e+00|-2.2271152000001e+00|+3.0939506115916e-02|+1.2910337856000e+00
+0000000000000000004|+0000000000000000003|+0000000000000000000|+1.5300000000000e+00|-2.2337548000001e+00|+3.0943978902700e-02|+1.3228655343999e+00
+0000000000000000004|+0000000000000000003|+0000000000000000000|+1.5200000000000e+00|-2.2533172000001e+00|+3.0833631334966e-02|+1.3162808847750e+00
+0000000000000000004|+0000000000000000003|+0000000000000000000|+1.5100000000000e+00|-2.2707481000001e+00|+3.0885354497673e-02|+1.3548825439001e+00
+0000000000000000004|+0000000000000000003|+0000000000000000000|+1.5000000000000e+00|-2.2822600000001e+00|+3.0760860720976e-02|+1.3502085743999e+00
+0000000000000000004|+0000000000000000003|+0000000000000000000|+1.4900000000000e+00|-2.2625622000001e+00|+3.0623760203183e-02|+1.3629977916000e+00
+0000000000000000004|+0000000000000000003|+0000000000000000000|+1.4800000000000e+00|-2.3053644000001e+00|+3.0588709414352e-02|+1.3622244591000e+00
+0000000000000000004|+0000000000000000003|+0000000000000000000|+1.4700000000000e+00|-2.3130682000001e+00|+3.0532516893858e-02|+1.3796119164000e+00
+0000000000000000004|+0000000000000000003|+0000000000000000000|+1.4600000000000e+00|-2.3439672000001e+00|+3.0608057884375e-02|+1.4193108976001e+00
+0000000000000000004|+0000000000000000003|+0000000000000000000|+1.4500000000000e+00|-2.3406330000001e+00|+3.0387127475014e-02|+1.3978282684000e+00
+0000000000000000004|+0000000000000000003|+0000000000000000000|+1.4400000000000e+00|-2.3580592000001e+00|+3.0319899435186e-02|+1.4064614551000e+00
+0000000000000000004|+0000000000000000003|+0000000000000000000|+1.4300000000000e+00|-2.3741626500001e+00|+3.0336536269453e-02|+1.4411860889750e+00
+0000000000000000004|+0000000000000000003|+0000000000000000000|+1.4200000000000e+00|-2.3781014000001e+00|+3.0084507569369e-02|+1.4049627511000e+00
+0000000000000000004|+0000000000000000003|+0000000000000000000|+1.4100000000000e+00|-2.4054251500001e+00|+3.0182775427685e-02|+1.4573909077750e+00
+0000000000000000004|+0000000000000000003|+0000000000000000000|+1.4000000000000e+00|-2.4207100000001e+00|+3.0025957859902e-02|+1.4416764775000e+00
+0000000000000000004|+0000000000000000003|+0000000000000000000|+1.3900000000000e+00|-2.4184069000001e+00|+3.0011895936329e-02|+1.4826627359000e+00
+0000000000000000004|+0000000000000000003|+0000000000000000000|+1.3800000000000e+00|-2.4202780000001e+00|+2.9931626833504e-02|+1.5008103900001e+00
+0000000000000000004|+0000000000000000003|+0000000000000000000|+1.3700000000000e+00|-2.4568497500001e+00|+2.9893084564712e-02|+1.5073724193749e+00
+0000000000000000004|+0000000000000000003|+0000000000000000000|+1.3600000000000e+00|-2.4862898000001e+00|+2.9791188068459e-02|+1.4991929186937e+00
+0000000000000000004|+0000000000000000003|+0000000000000000000|+1.3500000000000e+00|-2.5038295000001e+00|+2.9739629882559e-02|+1.5162697311000e+00
+0000000000000000004|+0000000000000000003|+0000000000000000000|+1.3400000000000e+00|-2.4967898666668e+00|+2.9610741299476e-02|+1.5267235384889e+00
+0000000000000000004|+0000000000000000003|+0000000000000000000|+1.3300000000000e+00|-2.5311437500001e+00|+2.9567688736277e-02|+1.5349577343750e+00
+0000000000000000004|+0000000000000000003|+0000000000000000000|+1.3200000000000e+00|-2.5431320000002e+00|+2.9539198368976e-02|+1.5655622122223e+00
+0000000000000000004|+0000000000000000003|+0000000000000000000|+1.3100000000000e+00|-2.5466595750001e+00|+2.9448915871314e-02|+1.5823059134437e+00
+0000000000000000004|+0000000000000000003|+0000000000000000000|+1.3000000000000e+00|-2.5736015000002e+00|+2.9364754482209e-02|+1.5836353959749e+00
+0000000000000000004|+0000000000000000003|+0000000000000000000|+1.2900000000000e+00|-2.6097182500002e+00|+2.9394562838120e-02|+1.6182937693749e+00
+0000000000000000004|+0000000000000000003|+0000000000000000000|+1.2800000000000e+00|-2.6035520000002e+00|+2.9221433112443e-02|+1.6146979243751e+00
+0000000000000000004|+0000000000000000003|+0000000000000000000|+1.2700000000000e+00|-2.6134909000001e+00|+2.9116295654308e-02|+1.6229186711002e+00
+0000000000000000004|+0000000000000000003|+0000000000000000000|+1.2600000000000e+00|-2.6536924000002e+00|+2.9101546863032e-02|+1.6405271946223e+00
+0000000000000000004|+0000000000000000003|+0000000000000000000|+1.2500000000000e+00|-2.6541937500001e+00|+2.8979491732780e-02|+1.6508975439751e+00
+0000000000000000004|+0000000000000000003|+0000000000000000000|+1.2400000000000e+00|-2.6627100000002e+00|+2.8827934386115e-02|+1.6440599375000e+00
+0000000000000000004|+0000000000000000003|+0000000000000000000|+1.2300000000000e+00|-2.6725527000002e+00|+2.8770815032809e-02|+1.6719746154555e+00
+0000000000000000004|+0000000000000000003|+0000000000000000000|+1.2200000000000e+00|-2.7029170000001e+00|+2.8673306411386e-02|+1.6683714775002e+00
+0000000000000000004|+0000000000000000003|+0000000000000000000|+1.2100000000000e+00|-2.7308519500002e+00|+2.8624308130849e-02|+1.6859230579749e+00
+0000000000000000004|+0000000000000000003|+0000000000000000000|+1.2000000000000e+00|-2.7403900000002e+00|+2.8599566051041e-02|+1.7292123943749e+00
+0000000000000000004|+0000000000000000003|+0000000000000000000|+1.1900000000000e+00|-2.7629869000001e+00|+2.8326675431420e-02|+1.6631936999002e+00
+0000000000000000004|+0000000000000000003|+0000000000000000000|+1.1800000000000e+00|-2.7782684000002e+00|+2.8415128894855e-02|+1.7488016155999e+00
+0000000000000000004|+0000000000000000003|+0000000000000000000|+1.1700000000000e+00|-2.7860868250002e+00|+2.8281335468376e-02|+1.7516384977439e+00
+0000000000000000004|+0000000000000000003|+0000000000000000000|+1.1600000000000e+00|-2.7883234000002e+00|+2.7984089462186e-02|+1.6913305417750e+00
+0000000000000000004|+0000000000000000003|+0000000000000000000|+1.1500000000000e+00|-2.8050220000002e+00|+2.8034987051924e-02|+1.7641162415999e+00
+0000000000000000004|+0000000000000000003|+0000000000000000000|+1.1400000000000e+00|-2.8404001000002e+00|+2.7955876671929e-02|+1.7670612187749e+00
+0000000000000000004|+0000000000000000003|+0000000000000000000|+1.1300000000000e+00|-2.8567626000002e+00|+2.7827269309364e-02|+1.7657240795999e+00
+0000000000000000004|+0000000000000000003|+0000000000000000000|+1.1200000000000e+00|-2.8692084000002e+00|+2.7752517578774e-02|+1.7918835374436e+00
+0000000000000000004|+0000000000000000003|+0000000000000000000|+1.1100000000000e+00|-2.8987324750002e+00|+2.7575727822482e-02|+1.7578558407439e+00
+0000000000000000004|+0000000000000000003|+0000000000000000000|+1.1000000000000e+00|-2.9115786923079e+00|+2.7558309179150e-02|+1.8108330794978e+00
+0000000000000000004|+0000000000000000003|+0000000000000000000|+1.0900000000000e+00|-2.9358724333335e+00|+2.7366688600996e-02|+1.7746877887888e+00
+0000000000000000004|+0000000000000000003|+0000000000000000000|+1.0800000000000e+00|-2.9669200000002e+00|+2.7337080029778e-02|+1.8073890000000e+00
+0000000000000000004|+0000000000000000003|+0000000000000000000|+1.0700000000000e+00|-2.9772762000002e+00|+2.7226079435562e-02|+1.8221392443998e+00
+0000000000000000004|+0000000000000000003|+0000000000000000000|+1.0600000000000e+00|-2.9812580000002e+00|+2.6972422229005e-02|+1.7748795099999e+00
+0000000000000000004|+0000000000000000003|+0000000000000000000|+1.0500000000000e+00|-3.0027985000002e+00|+2.6907656466841e-02|+1.8018660484335e+00
+0000000000000000004|+0000000000000000003|+0000000000000000000|+1.0400000000000e+00|-3.0190677333336e+00|+2.6909798768260e-02|+1.8683599459553e+00
+0000000000000000004|+0000000000000000003|+0000000000000000000|+1.0300000000000e+00|-3.0489106500002e+00|+2.6704693743769e-02|+1.8195075589748e+00
+0000000000000000004|+0000000000000000003|+0000000000000000000|+1.0200000000000e+00|-3.0542683000002e+00|+2.6604750452433e-02|+1.8474298227752e+00
+0000000000000000004|+0000000000000000003|+0000000000000000000|+1.0100000000000e+00|-3.0765630000002e+00|+2.6492622173090e-02|+1.8533083099997e+00
+0000000000000000004|+0000000000000000003|+0000000000000000000|+1.0000000000000e+00|-3.0921033333335e+00|+2.6305345997631e-02|+1.8269169759890e+00
+0000000000000000004|+0000000000000000003|+0000000000000000000|+9.9000000000004e-01|-3.1266110500002e+00|+2.6242083807277e-02|+1.8471952239752e+00
+0000000000000000004|+0000000000000000003|+0000000000000000000|+9.8000000000004e-01|-3.1374540000002e+00|+2.6057899109465e-02|+1.8271107100002e+00
+0000000000000000004|+0000000000000000003|+0000000000000000000|+9.7000000000004e-01|-3.1750276000002e+00|+2.6048541425096e-02|+1.8756613936001e+00
+0000000000000000004|+0000000000000000003|+0000000000000000000|+9.6000000000004e-01|-3.1822048000002e+00|+2.5840045595188e-02|+1.8462405031002e+00
+0000000000000000004|+0000000000000000003|+0000000000000000000|+9.5000000000004e-01|-3.1963594000002e+00|+2.5731213810072e-02|+1.8656510980958e+00
+0000000000000000004|+0000000000000000003|+0000000000000000000|+9.4000000000004e-01|-3.2032055000002e+00|+2.5568781068591e-02|+1.8627871443747e+00
+0000000000000000004|+0000000000000000003|+0000000000000000000|+9.3000000000004e-01|-3.2222383000002e+00|+2.5378826379173e-02|+1.8308736039000e+00
+0000000000000000004|+0000000000000000003|+0000000000000000000|+9.2000000000004e-01|-3.2374561714288e+00|+2.5246050324175e-02|+1.8366416929774e+00
+0000000000000000004|+0000000000000000003|+0000000000000000000|+9.1000000000004e-01|-3.2479245000002e+00|+2.5096272719678e-02|+1.8379276975000e+00
+0000000000000000004|+0000000000000000003|+0000000000000000000|+9.0000000000004e-01|-3.3012475000002e+00|+2.5065462236195e-02|+1.8654604243749e+00
+0000000000000000004|+0000000000000000003|+0000000000000000000|+8.9000000000004e-01|-3.2890564000003e+00|+2.4873111110747e-02|+1.8669835823999e+00
+0000000000000000004|+0000000000000000003|+0000000000000000000|+8.8000000000004e-01|-3.3139636000002e+00|+2.4732470561947e-02|+1.8595704259752e+00
+0000000000000000004|+0000000000000000003|+0000000000000000000|+8.7000000000004e-01|-3.3393292000002e+00|+2.4446096988448e-02|+1.7575671344006e+00
+0000000000000000004|+0000000000000000003|+0000000000000000000|+8.6000000000004e-01|-3.3449688000003e+00|+2.4449618268718e-02|+1.8666405935997e+00
+0000000000000000004|+0000000000000000003|+0000000000000000000|+8.5000000000004e-01|-3.3741080000003e+00|+2.4203289091649e-02|+1.7846566495999e+00
+0000000000000000004|+0000000000000000003|+0000000000000000000|+8.4000000000004e-01|-3.3919348000003e+00|+2.4129677051018e-02|+1.8319241391001e+00
+0000000000000000004|+0000000000000000003|+0000000000000000000|+8.3000000000004e-01|-3.4165634000003e+00|+2.4015476270276e-02|+1.8451250396004e+00
+0000000000000000004|+0000000000000000003|+0000000000000000000|+8.2000000000004e-01|-3.4220655000003e+00|+2.3791443504954e-02|+1.8049793243749e+00
+0000000000000000004|+0000000000000000003|+0000000000000000000|+8.1000000000004e-01|-3.4507087000003e+00|+2.3610128968167e-02|+1.7661186004335e+00
+0000000000000000004|+0000000000000000003|+0000000000000000000|+8.0000000000004e-01|-3.4612760000003e+00|+2.3402169372423e-02|+1.7297607059750e+00
+0000000000000000004|+0000000000000000003|+0000000000000000000|+7.9000000000004e-01|-3.4867080000003e+00|+2.3342220774826e-02|+1.7842469599997e+00
+0000000000000000004|+0000000000000000003|+0000000000000000000|+7.8000000000004e-01|-3.4987660000003e+00|+2.3101339262303e-02|+1.7211499100000e+00
+0000000000000000004|+0000000000000000003|+0000000000000000000|+7.7000000000004e-01|-3.5212580500003e+00|+2.3005957597753e-02|+1.7555116837754e+00
+0000000000000000004|+0000000000000000003|+0000000000000000000|+7.6000000000004e-01|-3.5371244000003e+00|+2.2700709445157e-02|+1.6352012238996e+00
+0000000000000000004|+0000000000000000003|+0000000000000000000|+7.5000000000004e-01|-3.5515525000003e+00|+2.2526923729255e-02|+1.6185797150998e+00
+0000000000000000004|+0000000000000000003|+0000000000000000000|+7.4000000000004e-01|-3.5620176000003e+00|+2.2402701351218e-02|+1.6479462623998e+00
+0000000000000000004|+0000000000000000003|+0000000000000000000|+7.3000000000004e-01|-3.5751158500003e+00|+2.2163072908286e-02|+1.5794562489751e+00
+0000000000000000004|+0000000000000000003|+0000000000000000000|+7.2000000000004e-01|-3.5937664000003e+00|+2.2082829731718e-02|+1.6367944255995e+00
+0000000000000000004|+0000000000000000003|+0000000000000000000|+7.1000000000004e-01|-3.6177022333337e+00|+2.1891231819611e-02|+1.5933594407886e+00
+0000000000000000004|+0000000000000000003|+0000000000000000000|+7.0000000000004e-01|-3.6337773333337e+00|+2.1692628383577e-02|+1.5542582824889e+00
+0000000000000000004|+0000000000000000003|+0000000000000000000|+6.9000000000004e-01|-3.6374587000004e+00|+2.1571665822465e-02|+1.6027217470993e+00
+0000000000000000004|+0000000000000000003|+0000000000000000000|+6.8000000000004e-01|-3.6739268000004e+00|+2.1356875877313e-02|+1.5191071198997e+00
+0000000000000000004|+0000000000000000003|+0000000000000000000|+6.7000000000004e-01|-3.6872280000003e+00|+2.1211302391334e-02|+1.5333054400006e+00
+0000000000000000004|+0000000000000000003|+0000000000000000000|+6.6000000000004e-01|-3.6832501000003e+00|+2.0989861355260e-02|+1.5021973297753e+00
+0000000000000000004|+0000000000000000003|+0000000000000000000|+6.5000000000004e-01|-3.7052937500004e+00|+2.0727326915916e-02|+1.3901781093748e+00
+0000000000000000004|+0000000000000000003|+0000000000000000000|+6.4000000000004e-01|-3.7307136000004e+00|+2.0548761476969e-02|+1.3536060223998e+00
+0000000000000000004|+0000000000000000003|+0000000000000000000|+6.3000000000004e-01|-3.7365563500004e+00|+2.0405196416149e-02|+1.3839091339755e+00
+0000000000000000004|+0000000000000000003|+0000000000000000000|+6.2000000000004e-01|-3.7497622000004e+00|+2.0165013581013e-02|+1.3033780838997e+00
+0000000000000000004|+0000000000000000003|+0000000000000000000|+6.1000000000004e-01|-3.7619136000004e+00|+2.0028201664147e-02|+1.3332980224001e+00
+0000000000000000004|+0000000000000000003|+0000000000000000000|+6.0000000000004e-01|-3.7791580000004e+00|+1.9927758345055e-02|+1.3979544751003e+00
+0000000000000000004|+0000000000000000003|+0000000000000000000|+5.9000000000004e-01|-3.7960951000004e+00|+1.9588779775804e-02|+1.1982852678995e+00
+0000000000000000004|+0000000000000000003|+0000000000000000000|+5.8000000000004e-01|-3.7932082000004e+00|+1.9409899792795e-02|+1.2098828759001e+00
+0000000000000000004|+0000000000000000003|+0000000000000000000|+5.7000000000004e-01|-3.8075419000004e+00|+1.9211612714210e-02|+1.1701836311002e+00
+0000000000000000004|+0000000000000000003|+0000000000000000000|+5.6000000000004e-01|-3.8244816000004e+00|+1.8992374600231e-02|+1.1002312604006e+00
+0000000000000000004|+0000000000000000003|+0000000000000000000|+5.5000000000004e-01|-3.8376431666671e+00|+1.8800870830224e-02|+1.0699842159879e+00
+0000000000000000004|+0000000000000000003|+0000000000000000000|+5.4000000000004e-01|-3.8636548000005e+00|+1.8673077770605e-02|+1.0977916955991e+00
+0000000000000000004|+0000000000000000003|+0000000000000000000|+5.3000000000004e-01|-3.8479564000004e+00|+1.8445769184560e-02|+1.0776321456009e+00
+0000000000000000004|+0000000000000000003|+0000000000000000000|+5.2000000000004e-01|-3.8651086000005e+00|+1.8210315136713e-02|+9.8360830697577e-01
+0000000000000000004|+0000000000000000003|+0000000000000000000|+5.1000000000004e-01|-3.8690902000005e+00|+1.8071072037678e-02|+1.0460356796009e+00
+0000000000000000004|+0000000000000000003|+0000000000000000000|+5.0000000000004e-01|-3.8784100000005e+00|+1.7785309075524e-02|+8.9460348759866e-01
+0000000000000000004|+0000000000000000003|+0000000000000000000|+4.9000000000004e-01|-3.9032750000005e+00|+1.7636923142751e-02|+9.0668374999875e-01
+0000000000000000004|+0000000000000000003|+0000000000000000000|+4.8000000000004e-01|-3.8885080000005e+00|+1.7381296140944e-02|+8.4335332437460e-01
+0000000000000000004|+0000000000000000003|+0000000000000000000|+4.7000000000004e-01|-3.9120360000005e+00|+1.7151730485766e-02|+7.3729056000102e-01
+0000000000000000004|+0000000000000000003|+0000000000000000000|+4.6000000000004e-01|-3.9221504000005e+00|+1.6986001440476e-02|+7.5975775573306e-01
+0000000000000000004|+0000000000000000003|+0000000000000000000|+4.5000000000004e-01|-3.9176260000005e+00|+1.6760106727889e-02|+7.1999592160092e-01
+0000000000000000004|+0000000000000000003|+0000000000000000000|+4.4000000000004e-01|-3.9341898000006e+00|+1.6547674069469e-02|+6.5567062797589e-01
+0000000000000000004|+0000000000000000003|+0000000000000000000|+4.3000000000004e-01|-3.9412240000006e+00|+1.6395484194517e-02|+7.1997775999976e-01
+0000000000000000004|+0000000000000000003|+0000000000000000000|+4.2000000000004e-01|-3.9502807000006e+00|+1.6170903472989e-02|+6.5533899777582e-01
+0000000000000000004|+0000000000000000003|+0000000000000000000|+4.1000000000004e-01|-3.9444178000006e+00|+1.5833863155485e-02|+4.1433798360023e-01
+0000000000000000004|+0000000000000000003|+0000000000000000000|+4.0000000000004e-01|-3.9542920000006e+00|+1.5740495995841e-02|+5.9792236710015e-01
+0000000000000000004|+0000000000000000003|+0000000000000000000|+3.9000000000004e-01|-3.9663643000006e+00|+1.5515211730690e-02|+5.2659534310297e-01
+0000000000000000004|+0000000000000000003|+0000000000000000000|+3.8000000000004e-01|-3.9673414000006e+00|+1.5353028936808e-02|+6.1862553910396e-01
+0000000000000000004|+0000000000000000003|+0000000000000000000|+3.7000000000004e-01|-3.9741546095245e+00|+1.5037469830411e-02|+3.6955192097893e-01
+0000000000000000004|+0000000000000000003|+0000000000000000000|+3.6000000000004e-01|-3.9692284000007e+00|+1.4790443975307e-02|+2.9653818389991e-01
+0000000000000000004|+0000000000000000003|+0000000000000000000|+3.5000000000004e-01|-3.9827331666674e+00|+1.4583108631305e-02|+2.6531671945495e-01
+0000000000000000004|+0000000000000000003|+0000000000000000000|+3.4000000000004e-01|-3.9750648000007e+00|+1.4423569832633e-02|+4.2096536160114e-01
+0000000000000000004|+0000000000000000003|+0000000000000000000|+3.3000000000004e-01|-3.9861175000008e+00|+1.4166916883105e-02|+2.8829993749891e-01
+0000000000000000004|+0000000000000000003|+0000000000000000000|+3.2000000000004e-01|-3.9928448000008e+00|+1.3952154506487e-02|+2.8048003040061e-01
+0000000000000000004|+0000000000000000003|+0000000000000000000|+3.1000000000004e-01|-3.9886699000008e+00|+1.3734415000246e-02|+3.0869147589993e-01
+0000000000000000004|+0000000000000000003|+0000000000000000000|+3.0000000000004e-01|-3.9883630000008e+00|+1.3502943418799e-02|+2.9559533590564e-01
+0000000000000000004|+0000000000000000003|+0000000000000000000|+2.9000000000004e-01|-4.0028202000009e+00|+1.3270088035535e-02|+2.3731761559502e-01
+0000000000000000004|+0000000000000000003|+0000000000000000000|+2.8000000000004e-01|-3.9970848000009e+00|+1.2973058705875e-02|+4.6562214390587e-02
+0000000000000000004|+0000000000000000003|+0000000000000000000|+2.7000000000004e-01|-4.0007756500009e+00|+1.2724392248848e-02|-1.7417759029939e-02
+0000000000000000004|+0000000000000000003|+0000000000000000000|+2.6000000000004e-01|-3.9957586000010e+00|+1.2466886290411e-02|-7.1303572097253e-02
+0000000000000000004|+0000000000000000003|+0000000000000000000|+2.5000000000004e-01|-4.0010950000010e+00|+1.2182291283647e-02|-2.6143918440321e-01
+0000000000000000004|+0000000000000000003|+0000000000000000000|+2.4000000000004e-01|-4.0001272000010e+00|+1.2104995145509e-02|+4.3631971909727e-01
+0000000000000000004|+0000000000000000003|+0000000000000000000|+2.3000000000004e-01|-3.9986656500011e+00|+1.1754879213314e-02|+3.6683865979196e-02
+0000000000000000004|+0000000000000000003|+0000000000000000000|+2.2000000000004e-01|-3.9949351000011e+00|+1.1495927944921e-02|+5.2597412980543e-02
+0000000000000000004|+0000000000000000003|+0000000000000000000|+2.1000000000004e-01|-4.0004077000012e+00|+1.1225935820305e-02|+1.0684309761899e-04
+0000000000000000004|+0000000000000000003|+0000000000000000000|+2.0000000000004e-01|-3.9973840000012e+00|+1.0966723419358e-02|+7.7328913596574e-02
+0000000000000000004|+0000000000000000003|+0000000000000000000|+1.9000000000004e-01|-3.9934531000013e+00|+1.0676295623434e-02|+2.6670639914308e-02
+0000000000000000004|+0000000000000000003|+0000000000000000000|+1.8000000000004e-01|-3.9956128000014e+00|+1.0370601727271e-02|-1.1802628160190e-01
+0000000000000000004|+0000000000000000003|+0000000000000000000|+1.7000000000004e-01|-3.9981610000014e+00|+1.0080082153117e-02|-1.2831888999619e-01
+0000000000000000004|+0000000000000000003|+0000000000000000000|+1.6000000000004e-01|-4.0032304000016e+00|+9.7913460309256e-03|-7.4537636107813e-02
+0000000000000000004|+0000000000000000003|+0000000000000000000|+1.5000000000004e-01|-3.9944695000017e+00|+9.4597435235709e-03|-1.9521939691582e-01
+0000000000000000004|+0000000000000000003|+0000000000000000000|+1.4000000000004e-01|-4.0042941000018e+00|+9.1446748426810e-03|-2.2622547422757e-01
+0000000000000000004|+0000000000000000003|+0000000000000000000|+1.3000000000004e-01|-4.0004936333352e+00|+8.8382802749805e-03|+5.9745246097876e-02
+0000000000000000004|+0000000000000000003|+0000000000000000000|+1.2000000000004e-01|-4.0000504000020e+00|+8.4967316063794e-03|+1.2959982361012e-01
+0000000000000000004|+0000000000000000003|+0000000000000000000|+1.1000000000004e-01|-4.0042873000022e+00|+8.1210447075889e-03|-8.4618424880169e-02
+0000000000000000004|+0000000000000000003|+0000000000000000000|+1.0000000000004e-01|-3.9990640000025e+00|+7.7686387202115e-03|+3.5507239036419e-01
+0000000000000000004|+0000000000000000003|+0000000000000000000|+9.0000000000041e-02|-4.0018696000027e+00|+7.3347674360524e-03|-2.7579375359085e-01
+0000000000000000004|+0000000000000000003|+0000000000000000000|+8.0000000000041e-02|-4.0006688000031e+00|+6.9177535083347e-03|-2.4190988958182e-01
