#
# SIM - DATA
#
# ----------------------------------------
#
# Size                 = +0000000000000000100
# Lattice              = Open-1D
# Measure-Count        = +0000000000000010000
# Algorithm            = SSE
# Start-Temperature    = +0.0000000000000e+00
# End-Temperature      = +8.0000000000000e+00
# Temperature-Step     = +1.0000000000000e-02
#
# Size              | Lattice-Index      | Measure-Count      | Algorithm-Index    | Temperature        | Average Energy     | StdDv Of Energy    | RelTi Of Energy    | Average Heat       | StdDv Of Heat      | RelTi Of Heat      | Average Mag        | StdDv Of Mag       | RelTi Of Mag       | Average Suscept    | StdDv Of Suscept   | RelTi Of Suscept  
# ------------------------------------------------------------------------------------------------------------------------------------------------------------------------------------------------------------------------------------------------------------------------------
+0000000000000000100|+0000000000000000000|+0000000000000010000|+0000000000000000000|+8.0000000000000e+00|-2.4549555555556e+00|+4.5285689715266e-01|+0000000000000000003|+3.0513339097222e-01|+3.6308909357548e-02|+0000000000000000003|+0.0000000000000e+00|+0.0000000000000e+00|+0000000000000000000|+0.0000000000000e+00|+0.0000000000000e+00|+0000000000000000003
+0000000000000000100|+0000000000000000000|+0000000000000010000|+0000000000000000000|+7.9900000000000e+00|-2.4025945555549e+00|+4.5288109076034e-01|+0000000000000000003|+3.2388178958333e-01|+4.1812128527904e-02|+0000000000000000003|+0.0000000000000e+00|+0.0000000000000e+00|+0000000000000000000|+0.0000000000000e+00|+0.0000000000000e+00|+0000000000000000003
+0000000000000000100|+0000000000000000000|+0000000000000010000|+0000000000000000000|+7.9800000000000e+00|-2.3823768333333e+00|+4.5282001838822e-01|+0000000000000000003|+2.7628268819444e-01|+3.1503883300150e-02|+0000000000000000003|+0.0000000000000e+00|+0.0000000000000e+00|+0000000000000000000|+0.0000000000000e+00|+0.0000000000000e+00|+0000000000000000003
+0000000000000000100|+0000000000000000000|+0000000000000010000|+0000000000000000000|+7.9700000000000e+00|-2.3925434444444e+00|+4.5280360744691e-01|+0000000000000000003|+3.1405225555556e-01|+3.5707317030827e-02|+0000000000000000003|+0.0000000000000e+00|+0.0000000000000e+00|+0000000000000000000|+0.0000000000000e+00|+0.0000000000000e+00|+0000000000000000003
+0000000000000000100|+0000000000000000000|+0000000000000010000|+0000000000000000000|+7.9600000000000e+00|-2.4085913333332e+00|+4.5285912766093e-01|+0000000000000000003|+3.1193921250000e-01|+3.5832793696351e-02|+0000000000000000003|+0.0000000000000e+00|+0.0000000000000e+00|+0000000000000000000|+0.0000000000000e+00|+0.0000000000000e+00|+0000000000000000003
+0000000000000000100|+0000000000000000000|+0000000000000010000|+0000000000000000000|+7.9500000000000e+00|-2.3712483333333e+00|+4.5281593126733e-01|+0000000000000000003|+3.1012340486111e-01|+3.5714782523260e-02|+0000000000000000003|+0.0000000000000e+00|+0.0000000000000e+00|+0000000000000000000|+0.0000000000000e+00|+0.0000000000000e+00|+0000000000000000003
+0000000000000000100|+0000000000000000000|+0000000000000010000|+0000000000000000000|+7.9400000000000e+00|-2.4398242222222e+00|+4.5276039310642e-01|+0000000000000000003|+2.8863869861111e-01|+3.5998628894530e-02|+0000000000000000003|+0.0000000000000e+00|+0.0000000000000e+00|+0000000000000000000|+0.0000000000000e+00|+0.0000000000000e+00|+0000000000000000003
+0000000000000000100|+0000000000000000000|+0000000000000010000|+0000000000000000000|+7.9300000000000e+00|-2.3840369444444e+00|+4.5282974694645e-01|+0000000000000000003|+3.3123324027778e-01|+3.5523587911178e-02|+0000000000000000003|+0.0000000000000e+00|+0.0000000000000e+00|+0000000000000000000|+0.0000000000000e+00|+0.0000000000000e+00|+0000000000000000003
+0000000000000000100|+0000000000000000000|+0000000000000010000|+0000000000000000000|+7.9200000000000e+00|-2.4345640000000e+00|+4.5282300107421e-01|+0000000000000000003|+2.8345820138889e-01|+3.2982132367475e-02|+0000000000000000003|+0.0000000000000e+00|+0.0000000000000e+00|+0000000000000000000|+0.0000000000000e+00|+0.0000000000000e+00|+0000000000000000003
+0000000000000000100|+0000000000000000000|+0000000000000010000|+0000000000000000000|+7.9100000000000e+00|-2.3805968888888e+00|+4.5280908319236e-01|+0000000000000000003|+2.8561000555555e-01|+3.4820323610433e-02|+0000000000000000003|+0.0000000000000e+00|+0.0000000000000e+00|+0000000000000000000|+0.0000000000000e+00|+0.0000000000000e+00|+0000000000000000003
+0000000000000000100|+0000000000000000000|+0000000000000010000|+0000000000000000000|+7.9000000000000e+00|-2.4004786111112e+00|+4.5284527014801e-01|+0000000000000000003|+3.1283862083333e-01|+3.4448993673255e-02|+0000000000000000003|+0.0000000000000e+00|+0.0000000000000e+00|+0000000000000000000|+0.0000000000000e+00|+0.0000000000000e+00|+0000000000000000003
+0000000000000000100|+0000000000000000000|+0000000000000010000|+0000000000000000000|+7.8900000000000e+00|-2.4067663333333e+00|+4.5281709920431e-01|+0000000000000000003|+3.2620168819445e-01|+3.6421190433073e-02|+0000000000000000003|+0.0000000000000e+00|+0.0000000000000e+00|+0000000000000000000|+0.0000000000000e+00|+0.0000000000000e+00|+0000000000000000003
+0000000000000000100|+0000000000000000000|+0000000000000010000|+0000000000000000000|+7.8800000000000e+00|-2.3938857777779e+00|+4.5282978862180e-01|+0000000000000000003|+3.1778336388889e-01|+3.5059564434073e-02|+0000000000000000003|+0.0000000000000e+00|+0.0000000000000e+00|+0000000000000000000|+0.0000000000000e+00|+0.0000000000000e+00|+0000000000000000003
+0000000000000000100|+0000000000000000000|+0000000000000010000|+0000000000000000000|+7.8700000000000e+00|-2.3784146666667e+00|+4.5283232917599e-01|+0000000000000000003|+3.1556793680556e-01|+3.5507576736252e-02|+0000000000000000003|+0.0000000000000e+00|+0.0000000000000e+00|+0000000000000000000|+0.0000000000000e+00|+0.0000000000000e+00|+0000000000000000003
+0000000000000000100|+0000000000000000000|+0000000000000010000|+0000000000000000000|+7.8600000000000e+00|-2.4514513333334e+00|+4.5287349843420e-01|+0000000000000000003|+3.2182141527778e-01|+3.5823350314627e-02|+0000000000000000003|+0.0000000000000e+00|+0.0000000000000e+00|+0000000000000000000|+0.0000000000000e+00|+0.0000000000000e+00|+0000000000000000003
+0000000000000000100|+0000000000000000000|+0000000000000010000|+0000000000000000000|+7.8500000000000e+00|-2.4856622222222e+00|+4.5281001799406e-01|+0000000000000000003|+3.2881923125000e-01|+3.7867216304688e-02|+0000000000000000003|+0.0000000000000e+00|+0.0000000000000e+00|+0000000000000000000|+0.0000000000000e+00|+0.0000000000000e+00|+0000000000000000003
+0000000000000000100|+0000000000000000000|+0000000000000010000|+0000000000000000000|+7.8400000000000e+00|-2.4041884444444e+00|+4.5284940719224e-01|+0000000000000000003|+3.3396297152778e-01|+4.2675514043710e-02|+0000000000000000003|+0.0000000000000e+00|+0.0000000000000e+00|+0000000000000000000|+0.0000000000000e+00|+0.0000000000000e+00|+0000000000000000003
+0000000000000000100|+0000000000000000000|+0000000000000010000|+0000000000000000000|+7.8300000000000e+00|-2.4589455000000e+00|+4.5283219540316e-01|+0000000000000000003|+3.0469253263889e-01|+3.5669991546573e-02|+0000000000000000003|+0.0000000000000e+00|+0.0000000000000e+00|+0000000000000000000|+0.0000000000000e+00|+0.0000000000000e+00|+0000000000000000003
+0000000000000000100|+0000000000000000000|+0000000000000010000|+0000000000000000000|+7.8200000000000e+00|-2.4932073888889e+00|+4.5282664111812e-01|+0000000000000000003|+3.2198230972222e-01|+3.6710738489413e-02|+0000000000000000003|+0.0000000000000e+00|+0.0000000000000e+00|+0000000000000000000|+0.0000000000000e+00|+0.0000000000000e+00|+0000000000000000003
+0000000000000000100|+0000000000000000000|+0000000000000010000|+0000000000000000000|+7.8100000000000e+00|-2.4100776944444e+00|+4.5287561841137e-01|+0000000000000000003|+3.2309379513889e-01|+3.9423816216519e-02|+0000000000000000003|+0.0000000000000e+00|+0.0000000000000e+00|+0000000000000000000|+0.0000000000000e+00|+0.0000000000000e+00|+0000000000000000003
+0000000000000000100|+0000000000000000000|+0000000000000010000|+0000000000000000000|+7.8000000000000e+00|-2.4201516666666e+00|+4.5277807437523e-01|+0000000000000000003|+3.1214032500000e-01|+3.7160273295231e-02|+0000000000000000003|+0.0000000000000e+00|+0.0000000000000e+00|+0000000000000000000|+0.0000000000000e+00|+0.0000000000000e+00|+0000000000000000003
+0000000000000000100|+0000000000000000000|+0000000000000010000|+0000000000000000000|+7.7900000000000e+00|-2.4489581111112e+00|+4.5280146591737e-01|+0000000000000000003|+3.2476377500000e-01|+4.0890193081623e-02|+0000000000000000003|+0.0000000000000e+00|+0.0000000000000e+00|+0000000000000000000|+0.0000000000000e+00|+0.0000000000000e+00|+0000000000000000003
+0000000000000000100|+0000000000000000000|+0000000000000010000|+0000000000000000000|+7.7800000000000e+00|-2.4187325000000e+00|+4.5283499109826e-01|+0000000000000000003|+3.2623692013889e-01|+3.6246704660944e-02|+0000000000000000003|+0.0000000000000e+00|+0.0000000000000e+00|+0000000000000000000|+0.0000000000000e+00|+0.0000000000000e+00|+0000000000000000003
+0000000000000000100|+0000000000000000000|+0000000000000010000|+0000000000000000000|+7.7700000000000e+00|-2.4684610833333e+00|+4.5277616397494e-01|+0000000000000000003|+3.3577527986111e-01|+4.0718088831472e-02|+0000000000000000003|+0.0000000000000e+00|+0.0000000000000e+00|+0000000000000000000|+0.0000000000000e+00|+0.0000000000000e+00|+0000000000000000003
+0000000000000000100|+0000000000000000000|+0000000000000010000|+0000000000000000000|+7.7600000000000e+00|-2.4615824444445e+00|+4.5284069305468e-01|+0000000000000000003|+3.2605229097222e-01|+3.6738681854618e-02|+0000000000000000003|+0.0000000000000e+00|+0.0000000000000e+00|+0000000000000000000|+0.0000000000000e+00|+0.0000000000000e+00|+0000000000000000003
+0000000000000000100|+0000000000000000000|+0000000000000010000|+0000000000000000000|+7.7500000000000e+00|-2.4885374999999e+00|+4.5281145654469e-01|+0000000000000000003|+3.1975213125000e-01|+3.7611333910849e-02|+0000000000000000003|+0.0000000000000e+00|+0.0000000000000e+00|+0000000000000000000|+0.0000000000000e+00|+0.0000000000000e+00|+0000000000000000003
+0000000000000000100|+0000000000000000000|+0000000000000010000|+0000000000000000000|+7.7400000000000e+00|-2.4746975000000e+00|+4.5284520136886e-01|+0000000000000000003|+3.4394974236111e-01|+3.7965583723588e-02|+0000000000000000003|+0.0000000000000e+00|+0.0000000000000e+00|+0000000000000000000|+0.0000000000000e+00|+0.0000000000000e+00|+0000000000000000003
+0000000000000000100|+0000000000000000000|+0000000000000010000|+0000000000000000000|+7.7300000000000e+00|-2.4766060000000e+00|+4.5281049296565e-01|+0000000000000000003|+3.2151327152778e-01|+3.6746015211883e-02|+0000000000000000003|+0.0000000000000e+00|+0.0000000000000e+00|+0000000000000000000|+0.0000000000000e+00|+0.0000000000000e+00|+0000000000000000003
+0000000000000000100|+0000000000000000000|+0000000000000010000|+0000000000000000000|+7.7200000000000e+00|-2.4822142222223e+00|+4.5282019770554e-01|+0000000000000000003|+3.4131546388889e-01|+3.9359330675785e-02|+0000000000000000003|+0.0000000000000e+00|+0.0000000000000e+00|+0000000000000000000|+0.0000000000000e+00|+0.0000000000000e+00|+0000000000000000003
+0000000000000000100|+0000000000000000000|+0000000000000010000|+0000000000000000000|+7.7100000000000e+00|-2.4350745000000e+00|+4.5277061664264e-01|+0000000000000000003|+3.1713815625000e-01|+3.6925185656219e-02|+0000000000000000003|+0.0000000000000e+00|+0.0000000000000e+00|+0000000000000000000|+0.0000000000000e+00|+0.0000000000000e+00|+0000000000000000003
+0000000000000000100|+0000000000000000000|+0000000000000010000|+0000000000000000000|+7.7000000000000e+00|-2.4789111111111e+00|+4.5280021056364e-01|+0000000000000000003|+3.2890198402778e-01|+3.7240769588539e-02|+0000000000000000003|+0.0000000000000e+00|+0.0000000000000e+00|+0000000000000000000|+0.0000000000000e+00|+0.0000000000000e+00|+0000000000000000003
+0000000000000000100|+0000000000000000000|+0000000000000010000|+0000000000000000000|+7.6900000000000e+00|-2.4583521388889e+00|+4.5283331290445e-01|+0000000000000000003|+3.2751966041667e-01|+3.6979558575925e-02|+0000000000000000003|+0.0000000000000e+00|+0.0000000000000e+00|+0000000000000000000|+0.0000000000000e+00|+0.0000000000000e+00|+0000000000000000003
+0000000000000000100|+0000000000000000000|+0000000000000010000|+0000000000000000000|+7.6800000000000e+00|-2.5095199999999e+00|+4.5283638798361e-01|+0000000000000000003|+3.4530392847222e-01|+3.7168014648947e-02|+0000000000000000003|+0.0000000000000e+00|+0.0000000000000e+00|+0000000000000000000|+0.0000000000000e+00|+0.0000000000000e+00|+0000000000000000003
+0000000000000000100|+0000000000000000000|+0000000000000010000|+0000000000000000000|+7.6700000000000e+00|-2.5008495277778e+00|+4.5278054784473e-01|+0000000000000000003|+3.3152312361111e-01|+3.6855208328139e-02|+0000000000000000003|+0.0000000000000e+00|+0.0000000000000e+00|+0000000000000000000|+0.0000000000000e+00|+0.0000000000000e+00|+0000000000000000003
+0000000000000000100|+0000000000000000000|+0000000000000010000|+0000000000000000000|+7.6600000000000e+00|-2.5203447222222e+00|+4.5282280007760e-01|+0000000000000000003|+3.2947814861111e-01|+3.8113933284766e-02|+0000000000000000003|+0.0000000000000e+00|+0.0000000000000e+00|+0000000000000000000|+0.0000000000000e+00|+0.0000000000000e+00|+0000000000000000003
+0000000000000000100|+0000000000000000000|+0000000000000010000|+0000000000000000000|+7.6500000000000e+00|-2.4952624999999e+00|+4.5278907345577e-01|+0000000000000000003|+3.0294192847222e-01|+3.4050716595214e-02|+0000000000000000003|+0.0000000000000e+00|+0.0000000000000e+00|+0000000000000000000|+0.0000000000000e+00|+0.0000000000000e+00|+0000000000000000003
+0000000000000000100|+0000000000000000000|+0000000000000010000|+0000000000000000000|+7.6400000000000e+00|-2.5034928888889e+00|+4.5280224894024e-01|+0000000000000000003|+3.4127456250000e-01|+3.8917962019070e-02|+0000000000000000003|+0.0000000000000e+00|+0.0000000000000e+00|+0000000000000000000|+0.0000000000000e+00|+0.0000000000000e+00|+0000000000000000003
+0000000000000000100|+0000000000000000000|+0000000000000010000|+0000000000000000000|+7.6300000000000e+00|-2.4568420555556e+00|+4.5281345628726e-01|+0000000000000000003|+3.4064185208333e-01|+3.7847592875683e-02|+0000000000000000003|+0.0000000000000e+00|+0.0000000000000e+00|+0000000000000000000|+0.0000000000000e+00|+0.0000000000000e+00|+0000000000000000003
+0000000000000000100|+0000000000000000000|+0000000000000010000|+0000000000000000000|+7.6200000000000e+00|-2.5630856666667e+00|+4.5276688990904e-01|+0000000000000000003|+3.3259536527778e-01|+3.7640943611081e-02|+0000000000000000003|+0.0000000000000e+00|+0.0000000000000e+00|+0000000000000000000|+0.0000000000000e+00|+0.0000000000000e+00|+0000000000000000003
+0000000000000000100|+0000000000000000000|+0000000000000010000|+0000000000000000000|+7.6100000000000e+00|-2.4751977777779e+00|+4.5279695289571e-01|+0000000000000000003|+3.5915492430556e-01|+4.2771653296314e-02|+0000000000000000003|+0.0000000000000e+00|+0.0000000000000e+00|+0000000000000000000|+0.0000000000000e+00|+0.0000000000000e+00|+0000000000000000003
+0000000000000000100|+0000000000000000000|+0000000000000010000|+0000000000000000000|+7.6000000000000e+00|-2.5445344444444e+00|+4.5280599572876e-01|+0000000000000000003|+3.1444529097222e-01|+3.7500324104902e-02|+0000000000000000003|+0.0000000000000e+00|+0.0000000000000e+00|+0000000000000000000|+0.0000000000000e+00|+0.0000000000000e+00|+0000000000000000003
+0000000000000000100|+0000000000000000000|+0000000000000010000|+0000000000000000000|+7.5900000000000e+00|-2.5453688333333e+00|+4.5280187508950e-01|+0000000000000000003|+3.3132473333333e-01|+4.0150462864787e-02|+0000000000000000003|+0.0000000000000e+00|+0.0000000000000e+00|+0000000000000000000|+0.0000000000000e+00|+0.0000000000000e+00|+0000000000000000003
+0000000000000000100|+0000000000000000000|+0000000000000010000|+0000000000000000000|+7.5800000000000e+00|-2.5240822777777e+00|+4.5281075834927e-01|+0000000000000000003|+3.5294833402778e-01|+3.8152503410194e-02|+0000000000000000003|+0.0000000000000e+00|+0.0000000000000e+00|+0000000000000000000|+0.0000000000000e+00|+0.0000000000000e+00|+0000000000000000003
+0000000000000000100|+0000000000000000000|+0000000000000010000|+0000000000000000000|+7.5700000000000e+00|-2.5597843333332e+00|+4.5281392665643e-01|+0000000000000000003|+3.2614743541667e-01|+4.1226423192832e-02|+0000000000000000003|+0.0000000000000e+00|+0.0000000000000e+00|+0000000000000000000|+0.0000000000000e+00|+0.0000000000000e+00|+0000000000000000003
+0000000000000000100|+0000000000000000000|+0000000000000010000|+0000000000000000000|+7.5600000000000e+00|-2.5255560000000e+00|+4.5278951772082e-01|+0000000000000000003|+3.2838228750000e-01|+3.9593211363805e-02|+0000000000000000003|+0.0000000000000e+00|+0.0000000000000e+00|+0000000000000000000|+0.0000000000000e+00|+0.0000000000000e+00|+0000000000000000003
+0000000000000000100|+0000000000000000000|+0000000000000010000|+0000000000000000000|+7.5500000000000e+00|-2.5771411111111e+00|+4.5280184283506e-01|+0000000000000000003|+3.3128171180555e-01|+3.7534664105569e-02|+0000000000000000003|+0.0000000000000e+00|+0.0000000000000e+00|+0000000000000000000|+0.0000000000000e+00|+0.0000000000000e+00|+0000000000000000003
+0000000000000000100|+0000000000000000000|+0000000000000010000|+0000000000000000000|+7.5400000000000e+00|-2.5278978333334e+00|+4.5280294922763e-01|+0000000000000000003|+3.4466122430556e-01|+4.0071631277914e-02|+0000000000000000003|+0.0000000000000e+00|+0.0000000000000e+00|+0000000000000000000|+0.0000000000000e+00|+0.0000000000000e+00|+0000000000000000003
+0000000000000000100|+0000000000000000000|+0000000000000010000|+0000000000000000000|+7.5300000000000e+00|-2.5107753333333e+00|+4.5276533632686e-01|+0000000000000000003|+3.5121054583333e-01|+3.8091531789119e-02|+0000000000000000003|+0.0000000000000e+00|+0.0000000000000e+00|+0000000000000000000|+0.0000000000000e+00|+0.0000000000000e+00|+0000000000000000003
+0000000000000000100|+0000000000000000000|+0000000000000010000|+0000000000000000000|+7.5200000000000e+00|-2.5271080000000e+00|+4.5279130782357e-01|+0000000000000000003|+3.4889871180556e-01|+4.2351954260803e-02|+0000000000000000003|+0.0000000000000e+00|+0.0000000000000e+00|+0000000000000000000|+0.0000000000000e+00|+0.0000000000000e+00|+0000000000000000003
+0000000000000000100|+0000000000000000000|+0000000000000010000|+0000000000000000000|+7.5100000000000e+00|-2.5670826111112e+00|+4.5283261722262e-01|+0000000000000000003|+3.6858279305556e-01|+4.1456482400907e-02|+0000000000000000003|+0.0000000000000e+00|+0.0000000000000e+00|+0000000000000000000|+0.0000000000000e+00|+0.0000000000000e+00|+0000000000000000003
+0000000000000000100|+0000000000000000000|+0000000000000010000|+0000000000000000000|+7.5000000000000e+00|-2.6121875000000e+00|+4.5280134334198e-01|+0000000000000000003|+3.3916286736111e-01|+3.8701682536877e-02|+0000000000000000003|+0.0000000000000e+00|+0.0000000000000e+00|+0000000000000000000|+0.0000000000000e+00|+0.0000000000000e+00|+0000000000000000003
+0000000000000000100|+0000000000000000000|+0000000000000010000|+0000000000000000000|+7.4900000000000e+00|-2.5877510000001e+00|+4.5275556454270e-01|+0000000000000000003|+3.6157732361111e-01|+3.9848720638342e-02|+0000000000000000003|+0.0000000000000e+00|+0.0000000000000e+00|+0000000000000000000|+0.0000000000000e+00|+0.0000000000000e+00|+0000000000000000003
+0000000000000000100|+0000000000000000000|+0000000000000010000|+0000000000000000000|+7.4800000000000e+00|-2.5591060000001e+00|+4.5278938038759e-01|+0000000000000000003|+3.3233318888889e-01|+3.8104456730980e-02|+0000000000000000003|+0.0000000000000e+00|+0.0000000000000e+00|+0000000000000000000|+0.0000000000000e+00|+0.0000000000000e+00|+0000000000000000003
+0000000000000000100|+0000000000000000000|+0000000000000010000|+0000000000000000000|+7.4700000000000e+00|-2.4893342500002e+00|+4.5278355034662e-01|+0000000000000000003|+3.4685226805555e-01|+4.1475908806607e-02|+0000000000000000003|+0.0000000000000e+00|+0.0000000000000e+00|+0000000000000000000|+0.0000000000000e+00|+0.0000000000000e+00|+0000000000000000003
+0000000000000000100|+0000000000000000000|+0000000000000010000|+0000000000000000000|+7.4600000000000e+00|-2.5788811111112e+00|+4.5279659207482e-01|+0000000000000000003|+3.3638519236111e-01|+3.8638778371465e-02|+0000000000000000003|+0.0000000000000e+00|+0.0000000000000e+00|+0000000000000000000|+0.0000000000000e+00|+0.0000000000000e+00|+0000000000000000003
+0000000000000000100|+0000000000000000000|+0000000000000010000|+0000000000000000000|+7.4500000000000e+00|-2.5615137500000e+00|+4.5279936888416e-01|+0000000000000000003|+3.4347485902778e-01|+4.1756534478014e-02|+0000000000000000003|+0.0000000000000e+00|+0.0000000000000e+00|+0000000000000000000|+0.0000000000000e+00|+0.0000000000000e+00|+0000000000000000003
+0000000000000000100|+0000000000000000000|+0000000000000010000|+0000000000000000000|+7.4400000000000e+00|-2.5871433333334e+00|+4.5276169669866e-01|+0000000000000000003|+3.4187394583333e-01|+3.9589160169668e-02|+0000000000000000003|+0.0000000000000e+00|+0.0000000000000e+00|+0000000000000000000|+0.0000000000000e+00|+0.0000000000000e+00|+0000000000000000003
+0000000000000000100|+0000000000000000000|+0000000000000010000|+0000000000000000000|+7.4300000000000e+00|-2.5955990277778e+00|+4.5282557953306e-01|+0000000000000000003|+3.6082759027778e-01|+3.9607997714649e-02|+0000000000000000003|+0.0000000000000e+00|+0.0000000000000e+00|+0000000000000000000|+0.0000000000000e+00|+0.0000000000000e+00|+0000000000000000003
+0000000000000000100|+0000000000000000000|+0000000000000010000|+0000000000000000000|+7.4200000000000e+00|-2.5683170555556e+00|+4.5280769744936e-01|+0000000000000000003|+3.5842338888889e-01|+4.2440627713615e-02|+0000000000000000003|+0.0000000000000e+00|+0.0000000000000e+00|+0000000000000000000|+0.0000000000000e+00|+0.0000000000000e+00|+0000000000000000003
+0000000000000000100|+0000000000000000000|+0000000000000010000|+0000000000000000000|+7.4100000000000e+00|-2.5489545833334e+00|+4.5276375847843e-01|+0000000000000000003|+3.4672859444445e-01|+4.1219980540924e-02|+0000000000000000003|+0.0000000000000e+00|+0.0000000000000e+00|+0000000000000000000|+0.0000000000000e+00|+0.0000000000000e+00|+0000000000000000003
+0000000000000000100|+0000000000000000000|+0000000000000010000|+0000000000000000000|+7.4000000000000e+00|-2.6172761111111e+00|+4.5277214888469e-01|+0000000000000000003|+3.5222552291667e-01|+4.0923667554306e-02|+0000000000000000003|+0.0000000000000e+00|+0.0000000000000e+00|+0000000000000000000|+0.0000000000000e+00|+0.0000000000000e+00|+0000000000000000003
+0000000000000000100|+0000000000000000000|+0000000000000010000|+0000000000000000000|+7.3900000000000e+00|-2.5440412500000e+00|+4.5276992060794e-01|+0000000000000000003|+3.8800073333333e-01|+4.4731203682920e-02|+0000000000000000003|+0.0000000000000e+00|+0.0000000000000e+00|+0000000000000000000|+0.0000000000000e+00|+0.0000000000000e+00|+0000000000000000003
+0000000000000000100|+0000000000000000000|+0000000000000010000|+0000000000000000000|+7.3800000000000e+00|-2.5831625000001e+00|+4.5276017621765e-01|+0000000000000000003|+3.7417625902778e-01|+4.0831907213843e-02|+0000000000000000003|+0.0000000000000e+00|+0.0000000000000e+00|+0000000000000000000|+0.0000000000000e+00|+0.0000000000000e+00|+0000000000000000003
+0000000000000000100|+0000000000000000000|+0000000000000010000|+0000000000000000000|+7.3700000000000e+00|-2.6189044444445e+00|+4.5282111669002e-01|+0000000000000000003|+3.7070730000000e-01|+4.3578110997531e-02|+0000000000000000003|+0.0000000000000e+00|+0.0000000000000e+00|+0000000000000000000|+0.0000000000000e+00|+0.0000000000000e+00|+0000000000000000003
+0000000000000000100|+0000000000000000000|+0000000000000010000|+0000000000000000000|+7.3600000000000e+00|-2.6142346666667e+00|+4.5281747810007e-01|+0000000000000000003|+3.7602483402778e-01|+4.1515289431865e-02|+0000000000000000003|+0.0000000000000e+00|+0.0000000000000e+00|+0000000000000000000|+0.0000000000000e+00|+0.0000000000000e+00|+0000000000000000003
+0000000000000000100|+0000000000000000000|+0000000000000010000|+0000000000000000000|+7.3500000000000e+00|-2.5788516666668e+00|+4.5277193855123e-01|+0000000000000000003|+3.3347558680555e-01|+3.9381837121042e-02|+0000000000000000003|+0.0000000000000e+00|+0.0000000000000e+00|+0000000000000000000|+0.0000000000000e+00|+0.0000000000000e+00|+0000000000000000003
+0000000000000000100|+0000000000000000000|+0000000000000010000|+0000000000000000000|+7.3400000000000e+00|-2.6084023888889e+00|+4.5283222545274e-01|+0000000000000000003|+4.0754875902778e-01|+4.8783272500278e-02|+0000000000000000003|+0.0000000000000e+00|+0.0000000000000e+00|+0000000000000000000|+0.0000000000000e+00|+0.0000000000000e+00|+0000000000000000003
+0000000000000000100|+0000000000000000000|+0000000000000010000|+0000000000000000000|+7.3300000000000e+00|-2.6407643611111e+00|+4.5272591982935e-01|+0000000000000000003|+3.4864387083333e-01|+3.8428979014358e-02|+0000000000000000003|+0.0000000000000e+00|+0.0000000000000e+00|+0000000000000000000|+0.0000000000000e+00|+0.0000000000000e+00|+0000000000000000003
+0000000000000000100|+0000000000000000000|+0000000000000010000|+0000000000000000000|+7.3200000000000e+00|-2.6033556666667e+00|+4.5278129082034e-01|+0000000000000000003|+3.5952250833333e-01|+4.1688288794668e-02|+0000000000000000003|+0.0000000000000e+00|+0.0000000000000e+00|+0000000000000000000|+0.0000000000000e+00|+0.0000000000000e+00|+0000000000000000003
+0000000000000000100|+0000000000000000000|+0000000000000010000|+0000000000000000000|+7.3100000000000e+00|-2.6309248611112e+00|+4.5276420465304e-01|+0000000000000000003|+3.5461342708333e-01|+4.0735358638217e-02|+0000000000000000003|+0.0000000000000e+00|+0.0000000000000e+00|+0000000000000000000|+0.0000000000000e+00|+0.0000000000000e+00|+0000000000000000003
+0000000000000000100|+0000000000000000000|+0000000000000010000|+0000000000000000000|+7.3000000000000e+00|-2.6240672222223e+00|+4.5276991503465e-01|+0000000000000000003|+3.8400778888889e-01|+4.4094940016283e-02|+0000000000000000003|+0.0000000000000e+00|+0.0000000000000e+00|+0000000000000000000|+0.0000000000000e+00|+0.0000000000000e+00|+0000000000000000003
+0000000000000000100|+0000000000000000000|+0000000000000010000|+0000000000000000000|+7.2900000000000e+00|-2.5832677500001e+00|+4.5276948407505e-01|+0000000000000000003|+3.5873851805556e-01|+4.2980495312062e-02|+0000000000000000003|+0.0000000000000e+00|+0.0000000000000e+00|+0000000000000000000|+0.0000000000000e+00|+0.0000000000000e+00|+0000000000000000003
+0000000000000000100|+0000000000000000000|+0000000000000010000|+0000000000000000000|+7.2800000000000e+00|-2.6112328888889e+00|+4.5276832349425e-01|+0000000000000000003|+3.9539386388889e-01|+4.3629062434425e-02|+0000000000000000003|+0.0000000000000e+00|+0.0000000000000e+00|+0000000000000000000|+0.0000000000000e+00|+0.0000000000000e+00|+0000000000000000003
+0000000000000000100|+0000000000000000000|+0000000000000010000|+0000000000000000000|+7.2700000000000e+00|-2.6260735555556e+00|+4.5276765706041e-01|+0000000000000000003|+3.8658286041667e-01|+4.2377473153296e-02|+0000000000000000003|+0.0000000000000e+00|+0.0000000000000e+00|+0000000000000000000|+0.0000000000000e+00|+0.0000000000000e+00|+0000000000000000003
+0000000000000000100|+0000000000000000000|+0000000000000010000|+0000000000000000000|+7.2600000000000e+00|-2.6759205000000e+00|+4.5277999349300e-01|+0000000000000000003|+3.4326432847222e-01|+4.1247467494951e-02|+0000000000000000003|+0.0000000000000e+00|+0.0000000000000e+00|+0000000000000000000|+0.0000000000000e+00|+0.0000000000000e+00|+0000000000000000003
+0000000000000000100|+0000000000000000000|+0000000000000010000|+0000000000000000000|+7.2500000000000e+00|-2.5701145833333e+00|+4.5276715289947e-01|+0000000000000000003|+3.8485976666667e-01|+4.5004830486520e-02|+0000000000000000003|+0.0000000000000e+00|+0.0000000000000e+00|+0000000000000000000|+0.0000000000000e+00|+0.0000000000000e+00|+0000000000000000003
+0000000000000000100|+0000000000000000000|+0000000000000010000|+0000000000000000000|+7.2400000000000e+00|-2.6290655555556e+00|+4.5279668069668e-01|+0000000000000000003|+3.7871652777778e-01|+4.2216607774144e-02|+0000000000000000003|+0.0000000000000e+00|+0.0000000000000e+00|+0000000000000000000|+0.0000000000000e+00|+0.0000000000000e+00|+0000000000000000003
+0000000000000000100|+0000000000000000000|+0000000000000010000|+0000000000000000000|+7.2300000000000e+00|-2.6621634166667e+00|+4.5276671980282e-01|+0000000000000000003|+4.0301014583333e-01|+4.5331617711933e-02|+0000000000000000003|+0.0000000000000e+00|+0.0000000000000e+00|+0000000000000000000|+0.0000000000000e+00|+0.0000000000000e+00|+0000000000000000003
+0000000000000000100|+0000000000000000000|+0000000000000010000|+0000000000000000000|+7.2200000000000e+00|-2.6939219444445e+00|+4.5280247437733e-01|+0000000000000000003|+3.6911373541667e-01|+4.1277643808972e-02|+0000000000000000003|+0.0000000000000e+00|+0.0000000000000e+00|+0000000000000000000|+0.0000000000000e+00|+0.0000000000000e+00|+0000000000000000003
+0000000000000000100|+0000000000000000000|+0000000000000010000|+0000000000000000000|+7.2100000000000e+00|-2.6406097500001e+00|+4.5276557948489e-01|+0000000000000000003|+3.7049448958333e-01|+4.1086963783355e-02|+0000000000000000003|+0.0000000000000e+00|+0.0000000000000e+00|+0000000000000000000|+0.0000000000000e+00|+0.0000000000000e+00|+0000000000000000003
+0000000000000000100|+0000000000000000000|+0000000000000010000|+0000000000000000000|+7.2000000000000e+00|-2.6806600000000e+00|+4.5275923476813e-01|+0000000000000000003|+3.8108201527778e-01|+4.5258347869229e-02|+0000000000000000003|+0.0000000000000e+00|+0.0000000000000e+00|+0000000000000000000|+0.0000000000000e+00|+0.0000000000000e+00|+0000000000000000003
+0000000000000000100|+0000000000000000000|+0000000000000010000|+0000000000000000000|+7.1900000000000e+00|-2.6685457222223e+00|+4.5277594669006e-01|+0000000000000000003|+3.8621521736111e-01|+4.2062585972571e-02|+0000000000000000003|+0.0000000000000e+00|+0.0000000000000e+00|+0000000000000000000|+0.0000000000000e+00|+0.0000000000000e+00|+0000000000000000003
+0000000000000000100|+0000000000000000000|+0000000000000010000|+0000000000000000000|+7.1800000000000e+00|-2.6458883333334e+00|+4.5274156879265e-01|+0000000000000000003|+3.5869173125000e-01|+3.9560060060297e-02|+0000000000000000003|+0.0000000000000e+00|+0.0000000000000e+00|+0000000000000000000|+0.0000000000000e+00|+0.0000000000000e+00|+0000000000000000003
+0000000000000000100|+0000000000000000000|+0000000000000010000|+0000000000000000000|+7.1700000000000e+00|-2.6723820000001e+00|+4.5278512694927e-01|+0000000000000000003|+3.9111535555556e-01|+4.4894967846666e-02|+0000000000000000003|+0.0000000000000e+00|+0.0000000000000e+00|+0000000000000000000|+0.0000000000000e+00|+0.0000000000000e+00|+0000000000000000003
+0000000000000000100|+0000000000000000000|+0000000000000010000|+0000000000000000000|+7.1600000000000e+00|-2.7055967777777e+00|+4.5282529417550e-01|+0000000000000000003|+3.8601586805556e-01|+4.3707537819350e-02|+0000000000000000003|+0.0000000000000e+00|+0.0000000000000e+00|+0000000000000000000|+0.0000000000000e+00|+0.0000000000000e+00|+0000000000000000003
+0000000000000000100|+0000000000000000000|+0000000000000010000|+0000000000000000000|+7.1500000000000e+00|-2.6711040277778e+00|+4.5278710035461e-01|+0000000000000000003|+3.5796771875000e-01|+4.4335765099005e-02|+0000000000000000003|+0.0000000000000e+00|+0.0000000000000e+00|+0000000000000000000|+0.0000000000000e+00|+0.0000000000000e+00|+0000000000000000003
+0000000000000000100|+0000000000000000000|+0000000000000010000|+0000000000000000000|+7.1400000000000e+00|-2.7047676666667e+00|+4.5275424634263e-01|+0000000000000000003|+3.8925629652778e-01|+4.3818779100163e-02|+0000000000000000003|+0.0000000000000e+00|+0.0000000000000e+00|+0000000000000000000|+0.0000000000000e+00|+0.0000000000000e+00|+0000000000000000003
+0000000000000000100|+0000000000000000000|+0000000000000010000|+0000000000000000000|+7.1300000000000e+00|-2.7021042500001e+00|+4.5277183280089e-01|+0000000000000000003|+3.6088958611111e-01|+4.1263873867511e-02|+0000000000000000003|+0.0000000000000e+00|+0.0000000000000e+00|+0000000000000000000|+0.0000000000000e+00|+0.0000000000000e+00|+0000000000000000003
+0000000000000000100|+0000000000000000000|+0000000000000010000|+0000000000000000000|+7.1200000000000e+00|-2.7021884444446e+00|+4.5272355377765e-01|+0000000000000000003|+3.9405379375000e-01|+4.6298635294928e-02|+0000000000000000003|+0.0000000000000e+00|+0.0000000000000e+00|+0000000000000000000|+0.0000000000000e+00|+0.0000000000000e+00|+0000000000000000003
+0000000000000000100|+0000000000000000000|+0000000000000010000|+0000000000000000000|+7.1100000000000e+00|-2.6794320000000e+00|+4.5273722515013e-01|+0000000000000000003|+3.8271535555556e-01|+4.4507745925984e-02|+0000000000000000003|+0.0000000000000e+00|+0.0000000000000e+00|+0000000000000000000|+0.0000000000000e+00|+0.0000000000000e+00|+0000000000000000003
+0000000000000000100|+0000000000000000000|+0000000000000010000|+0000000000000000000|+7.1000000000000e+00|-2.6716002777778e+00|+4.5275757057383e-01|+0000000000000000003|+3.4473555208333e-01|+4.2667630849392e-02|+0000000000000000003|+0.0000000000000e+00|+0.0000000000000e+00|+0000000000000000000|+0.0000000000000e+00|+0.0000000000000e+00|+0000000000000000003
+0000000000000000100|+0000000000000000000|+0000000000000010000|+0000000000000000000|+7.0900000000000e+00|-2.7600665555555e+00|+4.5279716258696e-01|+0000000000000000003|+3.6984848819444e-01|+4.2370636569697e-02|+0000000000000000003|+0.0000000000000e+00|+0.0000000000000e+00|+0000000000000000000|+0.0000000000000e+00|+0.0000000000000e+00|+0000000000000000003
+0000000000000000100|+0000000000000000000|+0000000000000010000|+0000000000000000000|+7.0800000000000e+00|-2.7282666666668e+00|+4.5276523664316e-01|+0000000000000000003|+3.9686342500000e-01|+4.5022556951966e-02|+0000000000000000003|+0.0000000000000e+00|+0.0000000000000e+00|+0000000000000000000|+0.0000000000000e+00|+0.0000000000000e+00|+0000000000000000003
+0000000000000000100|+0000000000000000000|+0000000000000010000|+0000000000000000000|+7.0700000000000e+00|-2.7709176666667e+00|+4.5278554623453e-01|+0000000000000000003|+4.1424344236111e-01|+4.5577186311077e-02|+0000000000000000003|+0.0000000000000e+00|+0.0000000000000e+00|+0000000000000000000|+0.0000000000000e+00|+0.0000000000000e+00|+0000000000000000003
+0000000000000000100|+0000000000000000000|+0000000000000010000|+0000000000000000000|+7.0600000000000e+00|-2.7574269444445e+00|+4.5276903979180e-01|+0000000000000000003|+4.0244247152778e-01|+4.5974524100344e-02|+0000000000000000003|+0.0000000000000e+00|+0.0000000000000e+00|+0000000000000000000|+0.0000000000000e+00|+0.0000000000000e+00|+0000000000000000003
+0000000000000000100|+0000000000000000000|+0000000000000010000|+0000000000000000000|+7.0500000000000e+00|-2.7532837500000e+00|+4.5275469023125e-01|+0000000000000000003|+4.0804455416667e-01|+4.4686125974402e-02|+0000000000000000003|+0.0000000000000e+00|+0.0000000000000e+00|+0000000000000000000|+0.0000000000000e+00|+0.0000000000000e+00|+0000000000000000003
+0000000000000000100|+0000000000000000000|+0000000000000010000|+0000000000000000000|+7.0400000000000e+00|-2.7172640000002e+00|+4.5274512607933e-01|+0000000000000000003|+3.9766148125000e-01|+4.6699362294297e-02|+0000000000000000003|+0.0000000000000e+00|+0.0000000000000e+00|+0000000000000000000|+0.0000000000000e+00|+0.0000000000000e+00|+0000000000000000003
+0000000000000000100|+0000000000000000000|+0000000000000010000|+0000000000000000000|+7.0300000000000e+00|-2.7435879444445e+00|+4.5276716305779e-01|+0000000000000000003|+4.0465430972222e-01|+4.5099984733764e-02|+0000000000000000003|+0.0000000000000e+00|+0.0000000000000e+00|+0000000000000000000|+0.0000000000000e+00|+0.0000000000000e+00|+0000000000000000003
+0000000000000000100|+0000000000000000000|+0000000000000010000|+0000000000000000000|+7.0200000000000e+00|-2.6946900000002e+00|+4.5277811350361e-01|+0000000000000000003|+4.2575839027778e-01|+4.6466473923373e-02|+0000000000000000003|+0.0000000000000e+00|+0.0000000000000e+00|+0000000000000000000|+0.0000000000000e+00|+0.0000000000000e+00|+0000000000000000003
+0000000000000000100|+0000000000000000000|+0000000000000010000|+0000000000000000000|+7.0100000000000e+00|-2.7526835000000e+00|+4.5277561763774e-01|+0000000000000000003|+4.0989134097222e-01|+4.7154727820963e-02|+0000000000000000003|+0.0000000000000e+00|+0.0000000000000e+00|+0000000000000000000|+0.0000000000000e+00|+0.0000000000000e+00|+0000000000000000003
+0000000000000000100|+0000000000000000000|+0000000000000010000|+0000000000000000000|+7.0000000000000e+00|-2.7207027777778e+00|+4.5275057953845e-01|+0000000000000000003|+4.0227962430555e-01|+4.4024922208845e-02|+0000000000000000003|+0.0000000000000e+00|+0.0000000000000e+00|+0000000000000000000|+0.0000000000000e+00|+0.0000000000000e+00|+0000000000000000003
+0000000000000000100|+0000000000000000000|+0000000000000010000|+0000000000000000000|+6.9900000000000e+00|-2.7570285833334e+00|+4.5275234189717e-01|+0000000000000000003|+4.1854493194444e-01|+4.6814343608552e-02|+0000000000000000003|+0.0000000000000e+00|+0.0000000000000e+00|+0000000000000000000|+0.0000000000000e+00|+0.0000000000000e+00|+0000000000000000003
+0000000000000000100|+0000000000000000000|+0000000000000010000|+0000000000000000000|+6.9800000000000e+00|-2.7664590555557e+00|+4.5274011216219e-01|+0000000000000000003|+3.9497025208333e-01|+4.6318652155110e-02|+0000000000000000003|+0.0000000000000e+00|+0.0000000000000e+00|+0000000000000000000|+0.0000000000000e+00|+0.0000000000000e+00|+0000000000000000003
+0000000000000000100|+0000000000000000000|+0000000000000010000|+0000000000000000000|+6.9700000000000e+00|-2.7847333055552e+00|+4.5273472450486e-01|+0000000000000000003|+4.2548803750000e-01|+4.9954584198513e-02|+0000000000000000003|+0.0000000000000e+00|+0.0000000000000e+00|+0000000000000000000|+0.0000000000000e+00|+0.0000000000000e+00|+0000000000000000003
+0000000000000000100|+0000000000000000000|+0000000000000010000|+0000000000000000000|+6.9600000000000e+00|-2.7419420000000e+00|+4.5276904737819e-01|+0000000000000000003|+4.3350375138889e-01|+4.8103667295831e-02|+0000000000000000003|+0.0000000000000e+00|+0.0000000000000e+00|+0000000000000000000|+0.0000000000000e+00|+0.0000000000000e+00|+0000000000000000003
+0000000000000000100|+0000000000000000000|+0000000000000010000|+0000000000000000000|+6.9500000000000e+00|-2.7281763888889e+00|+4.5275049629963e-01|+0000000000000000003|+4.1277517013889e-01|+4.6746722323583e-02|+0000000000000000003|+0.0000000000000e+00|+0.0000000000000e+00|+0000000000000000000|+0.0000000000000e+00|+0.0000000000000e+00|+0000000000000000003
+0000000000000000100|+0000000000000000000|+0000000000000010000|+0000000000000000000|+6.9400000000000e+00|-2.7693940555556e+00|+4.5278507738700e-01|+0000000000000000003|+4.1819104861111e-01|+4.5473642459474e-02|+0000000000000000003|+0.0000000000000e+00|+0.0000000000000e+00|+0000000000000000000|+0.0000000000000e+00|+0.0000000000000e+00|+0000000000000000003
+0000000000000000100|+0000000000000000000|+0000000000000010000|+0000000000000000000|+6.9300000000000e+00|-2.7715902500003e+00|+4.5271849681619e-01|+0000000000000000003|+3.9809687847222e-01|+4.3669942464394e-02|+0000000000000000003|+0.0000000000000e+00|+0.0000000000000e+00|+0000000000000000000|+0.0000000000000e+00|+0.0000000000000e+00|+0000000000000000003
+0000000000000000100|+0000000000000000000|+0000000000000010000|+0000000000000000000|+6.9200000000000e+00|-2.7846992222223e+00|+4.5274344559074e-01|+0000000000000000003|+4.4065971111111e-01|+4.8288196064838e-02|+0000000000000000003|+0.0000000000000e+00|+0.0000000000000e+00|+0000000000000000000|+0.0000000000000e+00|+0.0000000000000e+00|+0000000000000000003
+0000000000000000100|+0000000000000000000|+0000000000000010000|+0000000000000000000|+6.9100000000000e+00|-2.8259289444446e+00|+4.5271986423217e-01|+0000000000000000003|+4.2803851527778e-01|+4.9556320221905e-02|+0000000000000000003|+0.0000000000000e+00|+0.0000000000000e+00|+0000000000000000000|+0.0000000000000e+00|+0.0000000000000e+00|+0000000000000000003
+0000000000000000100|+0000000000000000000|+0000000000000010000|+0000000000000000000|+6.9000000000000e+00|-2.7840091666668e+00|+4.5274274414949e-01|+0000000000000000003|+4.1792550416667e-01|+4.9971394837853e-02|+0000000000000000003|+0.0000000000000e+00|+0.0000000000000e+00|+0000000000000000000|+0.0000000000000e+00|+0.0000000000000e+00|+0000000000000000003
+0000000000000000100|+0000000000000000000|+0000000000000010000|+0000000000000000000|+6.8900000000000e+00|-2.7697126388890e+00|+4.5269558488516e-01|+0000000000000000003|+4.0932414444444e-01|+4.8053338113285e-02|+0000000000000000003|+0.0000000000000e+00|+0.0000000000000e+00|+0000000000000000000|+0.0000000000000e+00|+0.0000000000000e+00|+0000000000000000003
+0000000000000000100|+0000000000000000000|+0000000000000010000|+0000000000000000000|+6.8800000000000e+00|-2.7820973333335e+00|+4.5276864898562e-01|+0000000000000000003|+4.2677071597222e-01|+4.8348940493420e-02|+0000000000000000003|+0.0000000000000e+00|+0.0000000000000e+00|+0000000000000000000|+0.0000000000000e+00|+0.0000000000000e+00|+0000000000000000003
+0000000000000000100|+0000000000000000000|+0000000000000010000|+0000000000000000000|+6.8700000000000e+00|-2.8291379166668e+00|+4.5276218979403e-01|+0000000000000000003|+4.5345881875000e-01|+4.9729751252650e-02|+0000000000000000003|+0.0000000000000e+00|+0.0000000000000e+00|+0000000000000000000|+0.0000000000000e+00|+0.0000000000000e+00|+0000000000000000003
+0000000000000000100|+0000000000000000000|+0000000000000010000|+0000000000000000000|+6.8600000000000e+00|-2.8440260555556e+00|+4.5275531305014e-01|+0000000000000000003|+4.0138903680556e-01|+4.3449588397382e-02|+0000000000000000003|+0.0000000000000e+00|+0.0000000000000e+00|+0000000000000000000|+0.0000000000000e+00|+0.0000000000000e+00|+0000000000000000003
+0000000000000000100|+0000000000000000000|+0000000000000010000|+0000000000000000000|+6.8500000000000e+00|-2.8192711111111e+00|+4.5276048268681e-01|+0000000000000000003|+4.4303473333333e-01|+5.1232063116394e-02|+0000000000000000003|+0.0000000000000e+00|+0.0000000000000e+00|+0000000000000000000|+0.0000000000000e+00|+0.0000000000000e+00|+0000000000000000003
+0000000000000000100|+0000000000000000000|+0000000000000010000|+0000000000000000000|+6.8400000000000e+00|-2.8087970000002e+00|+4.5272986994046e-01|+0000000000000000003|+4.2033991527778e-01|+4.5938405224475e-02|+0000000000000000003|+0.0000000000000e+00|+0.0000000000000e+00|+0000000000000000000|+0.0000000000000e+00|+0.0000000000000e+00|+0000000000000000003
+0000000000000000100|+0000000000000000000|+0000000000000010000|+0000000000000000000|+6.8300000000000e+00|-2.8190863055556e+00|+4.5270904603434e-01|+0000000000000000003|+4.2192107430555e-01|+4.5939129240615e-02|+0000000000000000003|+0.0000000000000e+00|+0.0000000000000e+00|+0000000000000000000|+0.0000000000000e+00|+0.0000000000000e+00|+0000000000000000003
+0000000000000000100|+0000000000000000000|+0000000000000010000|+0000000000000000000|+6.8200000000000e+00|-2.8085970000001e+00|+4.5275358602397e-01|+0000000000000000003|+4.3693863958333e-01|+5.0181100661010e-02|+0000000000000000003|+0.0000000000000e+00|+0.0000000000000e+00|+0000000000000000000|+0.0000000000000e+00|+0.0000000000000e+00|+0000000000000000003
+0000000000000000100|+0000000000000000000|+0000000000000010000|+0000000000000000000|+6.8100000000000e+00|-2.8839395833335e+00|+4.5275585771270e-01|+0000000000000000003|+4.3393161805556e-01|+4.7068209724702e-02|+0000000000000000003|+0.0000000000000e+00|+0.0000000000000e+00|+0000000000000000000|+0.0000000000000e+00|+0.0000000000000e+00|+0000000000000000003
+0000000000000000100|+0000000000000000000|+0000000000000010000|+0000000000000000000|+6.8000000000000e+00|-2.8379588888890e+00|+4.5279156153780e-01|+0000000000000000003|+4.3113801597222e-01|+4.8863493474990e-02|+0000000000000000003|+0.0000000000000e+00|+0.0000000000000e+00|+0000000000000000000|+0.0000000000000e+00|+0.0000000000000e+00|+0000000000000000003
+0000000000000000100|+0000000000000000000|+0000000000000010000|+0000000000000000000|+6.7900000000000e+00|-2.8549147500001e+00|+4.5272503942876e-01|+0000000000000000003|+4.3380066736111e-01|+4.6629478148247e-02|+0000000000000000003|+0.0000000000000e+00|+0.0000000000000e+00|+0000000000000000000|+0.0000000000000e+00|+0.0000000000000e+00|+0000000000000000003
+0000000000000000100|+0000000000000000000|+0000000000000010000|+0000000000000000000|+6.7800000000000e+00|-2.8541861666668e+00|+4.5273078061061e-01|+0000000000000000003|+4.5121554097222e-01|+5.1815629045785e-02|+0000000000000000003|+0.0000000000000e+00|+0.0000000000000e+00|+0000000000000000000|+0.0000000000000e+00|+0.0000000000000e+00|+0000000000000000003
+0000000000000000100|+0000000000000000000|+0000000000000010000|+0000000000000000000|+6.7700000000000e+00|-2.8480554444446e+00|+4.5276814168641e-01|+0000000000000000003|+4.2790476319444e-01|+4.8723109984215e-02|+0000000000000000003|+0.0000000000000e+00|+0.0000000000000e+00|+0000000000000000000|+0.0000000000000e+00|+0.0000000000000e+00|+0000000000000000003
+0000000000000000100|+0000000000000000000|+0000000000000010000|+0000000000000000000|+6.7600000000000e+00|-2.8489581111113e+00|+4.5278873766195e-01|+0000000000000000003|+4.5649708611111e-01|+5.3440512941145e-02|+0000000000000000003|+0.0000000000000e+00|+0.0000000000000e+00|+0000000000000000000|+0.0000000000000e+00|+0.0000000000000e+00|+0000000000000000003
+0000000000000000100|+0000000000000000000|+0000000000000010000|+0000000000000000000|+6.7500000000000e+00|-2.8466250000000e+00|+4.5278312878374e-01|+0000000000000000003|+4.2784648750000e-01|+4.6985488417757e-02|+0000000000000000003|+0.0000000000000e+00|+0.0000000000000e+00|+0000000000000000000|+0.0000000000000e+00|+0.0000000000000e+00|+0000000000000000003
+0000000000000000100|+0000000000000000000|+0000000000000010000|+0000000000000000000|+6.7400000000000e+00|-2.8690971111111e+00|+4.5273080878197e-01|+0000000000000000003|+4.5202501597222e-01|+4.8802311053864e-02|+0000000000000000003|+0.0000000000000e+00|+0.0000000000000e+00|+0000000000000000000|+0.0000000000000e+00|+0.0000000000000e+00|+0000000000000000003
+0000000000000000100|+0000000000000000000|+0000000000000010000|+0000000000000000000|+6.7300000000000e+00|-2.9123190000001e+00|+4.5272993484447e-01|+0000000000000000003|+4.7250837916667e-01|+5.2780150618517e-02|+0000000000000000003|+0.0000000000000e+00|+0.0000000000000e+00|+0000000000000000000|+0.0000000000000e+00|+0.0000000000000e+00|+0000000000000000003
+0000000000000000100|+0000000000000000000|+0000000000000010000|+0000000000000000000|+6.7200000000000e+00|-2.8674266666668e+00|+4.5268718392739e-01|+0000000000000000003|+4.3855239375000e-01|+4.8503760271187e-02|+0000000000000000003|+0.0000000000000e+00|+0.0000000000000e+00|+0000000000000000000|+0.0000000000000e+00|+0.0000000000000e+00|+0000000000000000003
+0000000000000000100|+0000000000000000000|+0000000000000010000|+0000000000000000000|+6.7100000000000e+00|-2.8525169444446e+00|+4.5273954114639e-01|+0000000000000000003|+4.3723744722222e-01|+4.8856120716146e-02|+0000000000000000003|+0.0000000000000e+00|+0.0000000000000e+00|+0000000000000000000|+0.0000000000000e+00|+0.0000000000000e+00|+0000000000000000003
+0000000000000000100|+0000000000000000000|+0000000000000010000|+0000000000000000000|+6.7000000000000e+00|-2.8518783333335e+00|+4.5276186316323e-01|+0000000000000000003|+4.2448113125000e-01|+4.7606913459629e-02|+0000000000000000003|+0.0000000000000e+00|+0.0000000000000e+00|+0000000000000000000|+0.0000000000000e+00|+0.0000000000000e+00|+0000000000000000003
+0000000000000000100|+0000000000000000000|+0000000000000010000|+0000000000000000000|+6.6900000000000e+00|-2.9268459166668e+00|+4.5274374169951e-01|+0000000000000000003|+4.7559374791667e-01|+5.1829757452760e-02|+0000000000000000003|+0.0000000000000e+00|+0.0000000000000e+00|+0000000000000000000|+0.0000000000000e+00|+0.0000000000000e+00|+0000000000000000003
+0000000000000000100|+0000000000000000000|+0000000000000010000|+0000000000000000000|+6.6800000000000e+00|-2.8869970000001e+00|+4.5269362821634e-01|+0000000000000000003|+4.5811318402778e-01|+5.1484308283784e-02|+0000000000000000003|+0.0000000000000e+00|+0.0000000000000e+00|+0000000000000000000|+0.0000000000000e+00|+0.0000000000000e+00|+0000000000000000003
+0000000000000000100|+0000000000000000000|+0000000000000010000|+0000000000000000000|+6.6700000000000e+00|-2.8871820555556e+00|+4.5276859945067e-01|+0000000000000000003|+4.4710283958333e-01|+5.1873195977480e-02|+0000000000000000003|+0.0000000000000e+00|+0.0000000000000e+00|+0000000000000000000|+0.0000000000000e+00|+0.0000000000000e+00|+0000000000000000003
+0000000000000000100|+0000000000000000000|+0000000000000010000|+0000000000000000000|+6.6600000000000e+00|-2.8603065000001e+00|+4.5273281485601e-01|+0000000000000000003|+4.2830716111111e-01|+4.8572440820814e-02|+0000000000000000003|+0.0000000000000e+00|+0.0000000000000e+00|+0000000000000000000|+0.0000000000000e+00|+0.0000000000000e+00|+0000000000000000003
+0000000000000000100|+0000000000000000000|+0000000000000010000|+0000000000000000000|+6.6500000000000e+00|-2.8996286111113e+00|+4.5273613674543e-01|+0000000000000000003|+4.5355292361111e-01|+4.9607198331387e-02|+0000000000000000003|+0.0000000000000e+00|+0.0000000000000e+00|+0000000000000000000|+0.0000000000000e+00|+0.0000000000000e+00|+0000000000000000003
+0000000000000000100|+0000000000000000000|+0000000000000010000|+0000000000000000000|+6.6400000000000e+00|-2.8975397777779e+00|+4.5274277167185e-01|+0000000000000000003|+4.6202821041667e-01|+5.1572213856476e-02|+0000000000000000003|+0.0000000000000e+00|+0.0000000000000e+00|+0000000000000000000|+0.0000000000000e+00|+0.0000000000000e+00|+0000000000000000003
+0000000000000000100|+0000000000000000000|+0000000000000010000|+0000000000000000000|+6.6300000000000e+00|-2.9026065833334e+00|+4.5274053026295e-01|+0000000000000000003|+4.3919457152778e-01|+5.3896466094765e-02|+0000000000000000003|+0.0000000000000e+00|+0.0000000000000e+00|+0000000000000000000|+0.0000000000000e+00|+0.0000000000000e+00|+0000000000000000003
