#
# QHS - DATA
#
# ----------------------------------------
#
# Size                 = +0000000000000000010
# Model                = Periodic-1D
# Algorithm            = ED
# Start-Temperature    = +0.0000000000000e+00
# End-Temperature      = +4.0000000000000e+00
# Temperature-Step     = +1.0000000000000e-02
#
# Size              | Model-Index        | Algorithm-Index    | Temperature        | AverageEnergy      | StdDvOfEnergy      | AverageCHeat      
# ------------------------------------------------------------------------------------------------------
+0000000000000000010|+0000000000000000001|+0000000000000000001|+4.0000000000000e+00|-4.9444228219625e-01|+0.0000000000000e+00|+1.2900149209456e-01
+0000000000000000010|+0000000000000000001|+0000000000000000001|+3.9900000000000e+00|-4.9573563662276e-01|+0.0000000000000e+00|+1.2967024886402e-01
+0000000000000000010|+0000000000000000001|+0000000000000000001|+3.9800000000000e+00|-4.9703570437363e-01|+0.0000000000000e+00|+1.3034416568670e-01
+0000000000000000010|+0000000000000000001|+0000000000000000001|+3.9700000000000e+00|-4.9834253731216e-01|+0.0000000000000e+00|+1.3102329523080e-01
+0000000000000000010|+0000000000000000001|+0000000000000000001|+3.9600000000000e+00|-4.9965618783169e-01|+0.0000000000000e+00|+1.3170769083100e-01
+0000000000000000010|+0000000000000000001|+0000000000000000001|+3.9500000000000e+00|-5.0097670886226e-01|+0.0000000000000e+00|+1.3239740649852e-01
+0000000000000000010|+0000000000000000001|+0000000000000000001|+3.9400000000000e+00|-5.0230415387747e-01|+0.0000000000000e+00|+1.3309249693128e-01
+0000000000000000010|+0000000000000000001|+0000000000000000001|+3.9300000000000e+00|-5.0363857690135e-01|+0.0000000000000e+00|+1.3379301752434e-01
+0000000000000000010|+0000000000000000001|+0000000000000000001|+3.9200000000000e+00|-5.0498003251542e-01|+0.0000000000000e+00|+1.3449902438042e-01
+0000000000000000010|+0000000000000000001|+0000000000000000001|+3.9100000000000e+00|-5.0632857586582e-01|+0.0000000000000e+00|+1.3521057432070e-01
+0000000000000000010|+0000000000000000001|+0000000000000000001|+3.9000000000000e+00|-5.0768426267053e-01|+0.0000000000000e+00|+1.3592772489569e-01
+0000000000000000010|+0000000000000000001|+0000000000000000001|+3.8900000000000e+00|-5.0904714922674e-01|+0.0000000000000e+00|+1.3665053439646e-01
+0000000000000000010|+0000000000000000001|+0000000000000000001|+3.8800000000000e+00|-5.1041729241827e-01|+0.0000000000000e+00|+1.3737906186588e-01
+0000000000000000010|+0000000000000000001|+0000000000000000001|+3.8700000000000e+00|-5.1179474972322e-01|+0.0000000000000e+00|+1.3811336711021e-01
+0000000000000000010|+0000000000000000001|+0000000000000000001|+3.8600000000000e+00|-5.1317957922158e-01|+0.0000000000000e+00|+1.3885351071079e-01
+0000000000000000010|+0000000000000000001|+0000000000000000001|+3.8500000000000e+00|-5.1457183960309e-01|+0.0000000000000e+00|+1.3959955403601e-01
+0000000000000000010|+0000000000000000001|+0000000000000000001|+3.8400000000000e+00|-5.1597159017518e-01|+0.0000000000000e+00|+1.4035155925349e-01
+0000000000000000010|+0000000000000000001|+0000000000000000001|+3.8300000000000e+00|-5.1737889087098e-01|+0.0000000000000e+00|+1.4110958934237e-01
+0000000000000000010|+0000000000000000001|+0000000000000000001|+3.8200000000000e+00|-5.1879380225752e-01|+0.0000000000000e+00|+1.4187370810599e-01
+0000000000000000010|+0000000000000000001|+0000000000000000001|+3.8100000000000e+00|-5.2021638554405e-01|+0.0000000000000e+00|+1.4264398018467e-01
+0000000000000000010|+0000000000000000001|+0000000000000000001|+3.8000000000000e+00|-5.2164670259047e-01|+0.0000000000000e+00|+1.4342047106875e-01
+0000000000000000010|+0000000000000000001|+0000000000000000001|+3.7900000000000e+00|-5.2308481591586e-01|+0.0000000000000e+00|+1.4420324711189e-01
+0000000000000000010|+0000000000000000001|+0000000000000000001|+3.7800000000000e+00|-5.2453078870724e-01|+0.0000000000000e+00|+1.4499237554458e-01
+0000000000000000010|+0000000000000000001|+0000000000000000001|+3.7700000000000e+00|-5.2598468482835e-01|+0.0000000000000e+00|+1.4578792448794e-01
+0000000000000000010|+0000000000000000001|+0000000000000000001|+3.7600000000000e+00|-5.2744656882868e-01|+0.0000000000000e+00|+1.4658996296769e-01
+0000000000000000010|+0000000000000000001|+0000000000000000001|+3.7500000000000e+00|-5.2891650595254e-01|+0.0000000000000e+00|+1.4739856092845e-01
+0000000000000000010|+0000000000000000001|+0000000000000000001|+3.7400000000000e+00|-5.3039456214834e-01|+0.0000000000000e+00|+1.4821378924827e-01
+0000000000000000010|+0000000000000000001|+0000000000000000001|+3.7300000000000e+00|-5.3188080407802e-01|+0.0000000000000e+00|+1.4903571975344e-01
+0000000000000000010|+0000000000000000001|+0000000000000000001|+3.7200000000000e+00|-5.3337529912655e-01|+0.0000000000000e+00|+1.4986442523350e-01
+0000000000000000010|+0000000000000000001|+0000000000000000001|+3.7100000000000e+00|-5.3487811541172e-01|+0.0000000000000e+00|+1.5069997945666e-01
+0000000000000000010|+0000000000000000001|+0000000000000000001|+3.7000000000000e+00|-5.3638932179392e-01|+0.0000000000000e+00|+1.5154245718538e-01
+0000000000000000010|+0000000000000000001|+0000000000000000001|+3.6900000000000e+00|-5.3790898788624e-01|+0.0000000000000e+00|+1.5239193419229e-01
+0000000000000000010|+0000000000000000001|+0000000000000000001|+3.6800000000000e+00|-5.3943718406458e-01|+0.0000000000000e+00|+1.5324848727639e-01
+0000000000000000010|+0000000000000000001|+0000000000000000001|+3.6700000000000e+00|-5.4097398147805e-01|+0.0000000000000e+00|+1.5411219427960e-01
+0000000000000000010|+0000000000000000001|+0000000000000000001|+3.6600000000000e+00|-5.4251945205945e-01|+0.0000000000000e+00|+1.5498313410349e-01
+0000000000000000010|+0000000000000000001|+0000000000000000001|+3.6500000000000e+00|-5.4407366853599e-01|+0.0000000000000e+00|+1.5586138672651e-01
+0000000000000000010|+0000000000000000001|+0000000000000000001|+3.6400000000000e+00|-5.4563670444010e-01|+0.0000000000000e+00|+1.5674703322132e-01
+0000000000000000010|+0000000000000000001|+0000000000000000001|+3.6300000000000e+00|-5.4720863412048e-01|+0.0000000000000e+00|+1.5764015577268e-01
+0000000000000000010|+0000000000000000001|+0000000000000000001|+3.6200000000000e+00|-5.4878953275333e-01|+0.0000000000000e+00|+1.5854083769544e-01
+0000000000000000010|+0000000000000000001|+0000000000000000001|+3.6100000000000e+00|-5.5037947635371e-01|+0.0000000000000e+00|+1.5944916345306e-01
+0000000000000000010|+0000000000000000001|+0000000000000000001|+3.6000000000000e+00|-5.5197854178714e-01|+0.0000000000000e+00|+1.6036521867638e-01
+0000000000000000010|+0000000000000000001|+0000000000000000001|+3.5900000000000e+00|-5.5358680678138e-01|+0.0000000000000e+00|+1.6128909018273e-01
+0000000000000000010|+0000000000000000001|+0000000000000000001|+3.5800000000000e+00|-5.5520434993835e-01|+0.0000000000000e+00|+1.6222086599549e-01
+0000000000000000010|+0000000000000000001|+0000000000000000001|+3.5700000000000e+00|-5.5683125074634e-01|+0.0000000000000e+00|+1.6316063536393e-01
+0000000000000000010|+0000000000000000001|+0000000000000000001|+3.5600000000000e+00|-5.5846758959233e-01|+0.0000000000000e+00|+1.6410848878344e-01
+0000000000000000010|+0000000000000000001|+0000000000000000001|+3.5500000000000e+00|-5.6011344777458e-01|+0.0000000000000e+00|+1.6506451801624e-01
+0000000000000000010|+0000000000000000001|+0000000000000000001|+3.5400000000000e+00|-5.6176890751538e-01|+0.0000000000000e+00|+1.6602881611232e-01
+0000000000000000010|+0000000000000000001|+0000000000000000001|+3.5300000000000e+00|-5.6343405197408e-01|+0.0000000000000e+00|+1.6700147743095e-01
+0000000000000000010|+0000000000000000001|+0000000000000000001|+3.5200000000000e+00|-5.6510896526023e-01|+0.0000000000000e+00|+1.6798259766248e-01
+0000000000000000010|+0000000000000000001|+0000000000000000001|+3.5100000000000e+00|-5.6679373244703e-01|+0.0000000000000e+00|+1.6897227385061e-01
+0000000000000000010|+0000000000000000001|+0000000000000000001|+3.5000000000000e+00|-5.6848843958501e-01|+0.0000000000000e+00|+1.6997060441509e-01
+0000000000000000010|+0000000000000000001|+0000000000000000001|+3.4900000000000e+00|-5.7019317371582e-01|+0.0000000000000e+00|+1.7097768917483e-01
+0000000000000000010|+0000000000000000001|+0000000000000000001|+3.4800000000000e+00|-5.7190802288646e-01|+0.0000000000000e+00|+1.7199362937151e-01
+0000000000000000010|+0000000000000000001|+0000000000000000001|+3.4700000000000e+00|-5.7363307616351e-01|+0.0000000000000e+00|+1.7301852769359e-01
+0000000000000000010|+0000000000000000001|+0000000000000000001|+3.4600000000000e+00|-5.7536842364779e-01|+0.0000000000000e+00|+1.7405248830080e-01
+0000000000000000010|+0000000000000000001|+0000000000000000001|+3.4500000000000e+00|-5.7711415648916e-01|+0.0000000000000e+00|+1.7509561684915e-01
+0000000000000000010|+0000000000000000001|+0000000000000000001|+3.4400000000000e+00|-5.7887036690166e-01|+0.0000000000000e+00|+1.7614802051637e-01
+0000000000000000010|+0000000000000000001|+0000000000000000001|+3.4300000000000e+00|-5.8063714817880e-01|+0.0000000000000e+00|+1.7720980802788e-01
+0000000000000000010|+0000000000000000001|+0000000000000000001|+3.4200000000000e+00|-5.8241459470919e-01|+0.0000000000000e+00|+1.7828108968327e-01
+0000000000000000010|+0000000000000000001|+0000000000000000001|+3.4100000000000e+00|-5.8420280199243e-01|+0.0000000000000e+00|+1.7936197738330e-01
+0000000000000000010|+0000000000000000001|+0000000000000000001|+3.4000000000000e+00|-5.8600186665525e-01|+0.0000000000000e+00|+1.8045258465741e-01
+0000000000000000010|+0000000000000000001|+0000000000000000001|+3.3900000000000e+00|-5.8781188646793e-01|+0.0000000000000e+00|+1.8155302669178e-01
+0000000000000000010|+0000000000000000001|+0000000000000000001|+3.3800000000000e+00|-5.8963296036100e-01|+0.0000000000000e+00|+1.8266342035802e-01
+0000000000000000010|+0000000000000000001|+0000000000000000001|+3.3700000000000e+00|-5.9146518844229e-01|+0.0000000000000e+00|+1.8378388424227e-01
+0000000000000000010|+0000000000000000001|+0000000000000000001|+3.3600000000000e+00|-5.9330867201414e-01|+0.0000000000000e+00|+1.8491453867505e-01
+0000000000000000010|+0000000000000000001|+0000000000000000001|+3.3500000000000e+00|-5.9516351359110e-01|+0.0000000000000e+00|+1.8605550576161e-01
+0000000000000000010|+0000000000000000001|+0000000000000000001|+3.3400000000000e+00|-5.9702981691772e-01|+0.0000000000000e+00|+1.8720690941290e-01
+0000000000000000010|+0000000000000000001|+0000000000000000001|+3.3300000000000e+00|-5.9890768698686e-01|+0.0000000000000e+00|+1.8836887537715e-01
+0000000000000000010|+0000000000000000001|+0000000000000000001|+3.3200000000000e+00|-6.0079723005816e-01|+0.0000000000000e+00|+1.8954153127216e-01
+0000000000000000010|+0000000000000000001|+0000000000000000001|+3.3100000000000e+00|-6.0269855367692e-01|+0.0000000000000e+00|+1.9072500661813e-01
+0000000000000000010|+0000000000000000001|+0000000000000000001|+3.3000000000000e+00|-6.0461176669332e-01|+0.0000000000000e+00|+1.9191943287121e-01
+0000000000000000010|+0000000000000000001|+0000000000000000001|+3.2900000000000e+00|-6.0653697928190e-01|+0.0000000000000e+00|+1.9312494345776e-01
+0000000000000000010|+0000000000000000001|+0000000000000000001|+3.2800000000000e+00|-6.0847430296147e-01|+0.0000000000000e+00|+1.9434167380924e-01
+0000000000000000010|+0000000000000000001|+0000000000000000001|+3.2700000000000e+00|-6.1042385061531e-01|+0.0000000000000e+00|+1.9556976139787e-01
+0000000000000000010|+0000000000000000001|+0000000000000000001|+3.2600000000000e+00|-6.1238573651181e-01|+0.0000000000000e+00|+1.9680934577292e-01
+0000000000000000010|+0000000000000000001|+0000000000000000001|+3.2500000000000e+00|-6.1436007632536e-01|+0.0000000000000e+00|+1.9806056859790e-01
+0000000000000000010|+0000000000000000001|+0000000000000000001|+3.2400000000000e+00|-6.1634698715774e-01|+0.0000000000000e+00|+1.9932357368835e-01
+0000000000000000010|+0000000000000000001|+0000000000000000001|+3.2300000000000e+00|-6.1834658755979e-01|+0.0000000000000e+00|+2.0059850705052e-01
+0000000000000000010|+0000000000000000001|+0000000000000000001|+3.2200000000000e+00|-6.2035899755353e-01|+0.0000000000000e+00|+2.0188551692076e-01
+0000000000000000010|+0000000000000000001|+0000000000000000001|+3.2100000000000e+00|-6.2238433865466e-01|+0.0000000000000e+00|+2.0318475380580e-01
+0000000000000000010|+0000000000000000001|+0000000000000000001|+3.2000000000000e+00|-6.2442273389549e-01|+0.0000000000000e+00|+2.0449637052383e-01
+0000000000000000010|+0000000000000000001|+0000000000000000001|+3.1900000000000e+00|-6.2647430784822e-01|+0.0000000000000e+00|+2.0582052224639e-01
+0000000000000000010|+0000000000000000001|+0000000000000000001|+3.1800000000000e+00|-6.2853918664872e-01|+0.0000000000000e+00|+2.0715736654121e-01
+0000000000000000010|+0000000000000000001|+0000000000000000001|+3.1700000000000e+00|-6.3061749802070e-01|+0.0000000000000e+00|+2.0850706341589e-01
+0000000000000000010|+0000000000000000001|+0000000000000000001|+3.1600000000000e+00|-6.3270937130033e-01|+0.0000000000000e+00|+2.0986977536250e-01
+0000000000000000010|+0000000000000000001|+0000000000000000001|+3.1500000000000e+00|-6.3481493746131e-01|+0.0000000000000e+00|+2.1124566740311e-01
+0000000000000000010|+0000000000000000001|+0000000000000000001|+3.1400000000000e+00|-6.3693432914041e-01|+0.0000000000000e+00|+2.1263490713633e-01
+0000000000000000010|+0000000000000000001|+0000000000000000001|+3.1300000000000e+00|-6.3906768066346e-01|+0.0000000000000e+00|+2.1403766478471e-01
+0000000000000000010|+0000000000000000001|+0000000000000000001|+3.1200000000000e+00|-6.4121512807183e-01|+0.0000000000000e+00|+2.1545411324327e-01
+0000000000000000010|+0000000000000000001|+0000000000000000001|+3.1100000000000e+00|-6.4337680914944e-01|+0.0000000000000e+00|+2.1688442812897e-01
+0000000000000000010|+0000000000000000001|+0000000000000000001|+3.1000000000000e+00|-6.4555286345016e-01|+0.0000000000000e+00|+2.1832878783127e-01
+0000000000000000010|+0000000000000000001|+0000000000000000001|+3.0900000000000e+00|-6.4774343232585e-01|+0.0000000000000e+00|+2.1978737356373e-01
+0000000000000000010|+0000000000000000001|+0000000000000000001|+3.0800000000000e+00|-6.4994865895484e-01|+0.0000000000000e+00|+2.2126036941675e-01
+0000000000000000010|+0000000000000000001|+0000000000000000001|+3.0700000000000e+00|-6.5216868837099e-01|+0.0000000000000e+00|+2.2274796241140e-01
+0000000000000000010|+0000000000000000001|+0000000000000000001|+3.0600000000000e+00|-6.5440366749323e-01|+0.0000000000000e+00|+2.2425034255441e-01
+0000000000000000010|+0000000000000000001|+0000000000000000001|+3.0500000000000e+00|-6.5665374515572e-01|+0.0000000000000e+00|+2.2576770289436e-01
+0000000000000000010|+0000000000000000001|+0000000000000000001|+3.0400000000000e+00|-6.5891907213858e-01|+0.0000000000000e+00|+2.2730023957904e-01
+0000000000000000010|+0000000000000000001|+0000000000000000001|+3.0300000000000e+00|-6.6119980119911e-01|+0.0000000000000e+00|+2.2884815191407e-01
+0000000000000000010|+0000000000000000001|+0000000000000000001|+3.0200000000000e+00|-6.6349608710374e-01|+0.0000000000000e+00|+2.3041164242282e-01
+0000000000000000010|+0000000000000000001|+0000000000000000001|+3.0100000000000e+00|-6.6580808666045e-01|+0.0000000000000e+00|+2.3199091690753e-01
+0000000000000000010|+0000000000000000001|+0000000000000000001|+3.0000000000000e+00|-6.6813595875191e-01|+0.0000000000000e+00|+2.3358618451184e-01
+0000000000000000010|+0000000000000000001|+0000000000000000001|+2.9900000000000e+00|-6.7047986436920e-01|+0.0000000000000e+00|+2.3519765778469e-01
+0000000000000000010|+0000000000000000001|+0000000000000000001|+2.9800000000000e+00|-6.7283996664617e-01|+0.0000000000000e+00|+2.3682555274553e-01
+0000000000000000010|+0000000000000000001|+0000000000000000001|+2.9700000000000e+00|-6.7521643089453e-01|+0.0000000000000e+00|+2.3847008895101e-01
+0000000000000000010|+0000000000000000001|+0000000000000000001|+2.9600000000000e+00|-6.7760942463948e-01|+0.0000000000000e+00|+2.4013148956314e-01
+0000000000000000010|+0000000000000000001|+0000000000000000001|+2.9500000000000e+00|-6.8001911765618e-01|+0.0000000000000e+00|+2.4180998141896e-01
+0000000000000000010|+0000000000000000001|+0000000000000000001|+2.9400000000000e+00|-6.8244568200686e-01|+0.0000000000000e+00|+2.4350579510163e-01
+0000000000000000010|+0000000000000000001|+0000000000000000001|+2.9300000000000e+00|-6.8488929207855e-01|+0.0000000000000e+00|+2.4521916501327e-01
+0000000000000000010|+0000000000000000001|+0000000000000000001|+2.9200000000000e+00|-6.8735012462176e-01|+0.0000000000000e+00|+2.4695032944922e-01
+0000000000000000010|+0000000000000000001|+0000000000000000001|+2.9100000000000e+00|-6.8982835878971e-01|+0.0000000000000e+00|+2.4869953067413e-01
+0000000000000000010|+0000000000000000001|+0000000000000000001|+2.9000000000000e+00|-6.9232417617845e-01|+0.0000000000000e+00|+2.5046701499959e-01
+0000000000000000010|+0000000000000000001|+0000000000000000001|+2.8900000000000e+00|-6.9483776086770e-01|+0.0000000000000e+00|+2.5225303286354e-01
+0000000000000000010|+0000000000000000001|+0000000000000000001|+2.8800000000000e+00|-6.9736929946252e-01|+0.0000000000000e+00|+2.5405783891152e-01
+0000000000000000010|+0000000000000000001|+0000000000000000001|+2.8700000000000e+00|-6.9991898113584e-01|+0.0000000000000e+00|+2.5588169207962e-01
+0000000000000000010|+0000000000000000001|+0000000000000000001|+2.8600000000000e+00|-7.0248699767172e-01|+0.0000000000000e+00|+2.5772485567937e-01
+0000000000000000010|+0000000000000000001|+0000000000000000001|+2.8500000000000e+00|-7.0507354350961e-01|+0.0000000000000e+00|+2.5958759748453e-01
+0000000000000000010|+0000000000000000001|+0000000000000000001|+2.8400000000000e+00|-7.0767881578933e-01|+0.0000000000000e+00|+2.6147018981980e-01
+0000000000000000010|+0000000000000000001|+0000000000000000001|+2.8300000000000e+00|-7.1030301439713e-01|+0.0000000000000e+00|+2.6337290965157e-01
+0000000000000000010|+0000000000000000001|+0000000000000000001|+2.8200000000000e+00|-7.1294634201248e-01|+0.0000000000000e+00|+2.6529603868070e-01
+0000000000000000010|+0000000000000000001|+0000000000000000001|+2.8100000000000e+00|-7.1560900415596e-01|+0.0000000000000e+00|+2.6723986343741e-01
+0000000000000000010|+0000000000000000001|+0000000000000000001|+2.8000000000000e+00|-7.1829120923796e-01|+0.0000000000000e+00|+2.6920467537834e-01
+0000000000000000010|+0000000000000000001|+0000000000000000001|+2.7900000000000e+00|-7.2099316860851e-01|+0.0000000000000e+00|+2.7119077098581e-01
+0000000000000000010|+0000000000000000001|+0000000000000000001|+2.7800000000000e+00|-7.2371509660801e-01|+0.0000000000000e+00|+2.7319845186935e-01
+0000000000000000010|+0000000000000000001|+0000000000000000001|+2.7700000000000e+00|-7.2645721061903e-01|+0.0000000000000e+00|+2.7522802486954e-01
+0000000000000000010|+0000000000000000001|+0000000000000000001|+2.7600000000000e+00|-7.2921973111911e-01|+0.0000000000000e+00|+2.7727980216428e-01
+0000000000000000010|+0000000000000000001|+0000000000000000001|+2.7500000000000e+00|-7.3200288173475e-01|+0.0000000000000e+00|+2.7935410137742e-01
+0000000000000000010|+0000000000000000001|+0000000000000000001|+2.7400000000000e+00|-7.3480688929636e-01|+0.0000000000000e+00|+2.8145124568998e-01
+0000000000000000010|+0000000000000000001|+0000000000000000001|+2.7300000000000e+00|-7.3763198389442e-01|+0.0000000000000e+00|+2.8357156395391e-01
+0000000000000000010|+0000000000000000001|+0000000000000000001|+2.7200000000000e+00|-7.4047839893675e-01|+0.0000000000000e+00|+2.8571539080841e-01
+0000000000000000010|+0000000000000000001|+0000000000000000001|+2.7100000000000e+00|-7.4334637120703e-01|+0.0000000000000e+00|+2.8788306679910e-01
+0000000000000000010|+0000000000000000001|+0000000000000000001|+2.7000000000000e+00|-7.4623614092442e-01|+0.0000000000000e+00|+2.9007493849981e-01
+0000000000000000010|+0000000000000000001|+0000000000000000001|+2.6900000000000e+00|-7.4914795180445e-01|+0.0000000000000e+00|+2.9229135863729e-01
+0000000000000000010|+0000000000000000001|+0000000000000000001|+2.6800000000000e+00|-7.5208205112126e-01|+0.0000000000000e+00|+2.9453268621881e-01
+0000000000000000010|+0000000000000000001|+0000000000000000001|+2.6700000000000e+00|-7.5503868977098e-01|+0.0000000000000e+00|+2.9679928666276e-01
+0000000000000000010|+0000000000000000001|+0000000000000000001|+2.6600000000000e+00|-7.5801812233653e-01|+0.0000000000000e+00|+2.9909153193228e-01
+0000000000000000010|+0000000000000000001|+0000000000000000001|+2.6500000000000e+00|-7.6102060715376e-01|+0.0000000000000e+00|+3.0140980067207e-01
+0000000000000000010|+0000000000000000001|+0000000000000000001|+2.6400000000000e+00|-7.6404640637899e-01|+0.0000000000000e+00|+3.0375447834840e-01
+0000000000000000010|+0000000000000000001|+0000000000000000001|+2.6300000000000e+00|-7.6709578605784e-01|+0.0000000000000e+00|+3.0612595739238e-01
+0000000000000000010|+0000000000000000001|+0000000000000000001|+2.6200000000000e+00|-7.7016901619573e-01|+0.0000000000000e+00|+3.0852463734673e-01
+0000000000000000010|+0000000000000000001|+0000000000000000001|+2.6100000000000e+00|-7.7326637082966e-01|+0.0000000000000e+00|+3.1095092501593e-01
+0000000000000000010|+0000000000000000001|+0000000000000000001|+2.6000000000000e+00|-7.7638812810165e-01|+0.0000000000000e+00|+3.1340523461995e-01
+0000000000000000010|+0000000000000000001|+0000000000000000001|+2.5900000000000e+00|-7.7953457033363e-01|+0.0000000000000e+00|+3.1588798795165e-01
+0000000000000000010|+0000000000000000001|+0000000000000000001|+2.5800000000000e+00|-7.8270598410399e-01|+0.0000000000000e+00|+3.1839961453799e-01
+0000000000000000010|+0000000000000000001|+0000000000000000001|+2.5700000000000e+00|-7.8590266032576e-01|+0.0000000000000e+00|+3.2094055180493e-01
+0000000000000000010|+0000000000000000001|+0000000000000000001|+2.5600000000000e+00|-7.8912489432642e-01|+0.0000000000000e+00|+3.2351124524649e-01
+0000000000000000010|+0000000000000000001|+0000000000000000001|+2.5500000000000e+00|-7.9237298592946e-01|+0.0000000000000e+00|+3.2611214859767e-01
+0000000000000000010|+0000000000000000001|+0000000000000000001|+2.5400000000000e+00|-7.9564723953762e-01|+0.0000000000000e+00|+3.2874372401164e-01
+0000000000000000010|+0000000000000000001|+0000000000000000001|+2.5300000000000e+00|-7.9894796421810e-01|+0.0000000000000e+00|+3.3140644224115e-01
+0000000000000000010|+0000000000000000001|+0000000000000000001|+2.5200000000000e+00|-8.0227547378930e-01|+0.0000000000000e+00|+3.3410078282433e-01
+0000000000000000010|+0000000000000000001|+0000000000000000001|+2.5100000000000e+00|-8.0563008690979e-01|+0.0000000000000e+00|+3.3682723427494e-01
+0000000000000000010|+0000000000000000001|+0000000000000000001|+2.5000000000000e+00|-8.0901212716893e-01|+0.0000000000000e+00|+3.3958629427732e-01
+0000000000000000010|+0000000000000000001|+0000000000000000001|+2.4900000000000e+00|-8.1242192317963e-01|+0.0000000000000e+00|+3.4237846988591e-01
+0000000000000000010|+0000000000000000001|+0000000000000000001|+2.4800000000000e+00|-8.1585980867302e-01|+0.0000000000000e+00|+3.4520427772977e-01
+0000000000000000010|+0000000000000000001|+0000000000000000001|+2.4700000000000e+00|-8.1932612259527e-01|+0.0000000000000e+00|+3.4806424422198e-01
+0000000000000000010|+0000000000000000001|+0000000000000000001|+2.4600000000000e+00|-8.2282120920652e-01|+0.0000000000000e+00|+3.5095890577417e-01
+0000000000000000010|+0000000000000000001|+0000000000000000001|+2.4500000000000e+00|-8.2634541818189e-01|+0.0000000000000e+00|+3.5388880901628e-01
+0000000000000000010|+0000000000000000001|+0000000000000000001|+2.4400000000000e+00|-8.2989910471487e-01|+0.0000000000000e+00|+3.5685451102171e-01
+0000000000000000010|+0000000000000000001|+0000000000000000001|+2.4300000000000e+00|-8.3348262962282e-01|+0.0000000000000e+00|+3.5985657953793e-01
+0000000000000000010|+0000000000000000001|+0000000000000000001|+2.4200000000000e+00|-8.3709635945495e-01|+0.0000000000000e+00|+3.6289559322283e-01
+0000000000000000010|+0000000000000000001|+0000000000000000001|+2.4100000000000e+00|-8.4074066660261e-01|+0.0000000000000e+00|+3.6597214188677e-01
+0000000000000000010|+0000000000000000001|+0000000000000000001|+2.4000000000000e+00|-8.4441592941202e-01|+0.0000000000000e+00|+3.6908682674068e-01
+0000000000000000010|+0000000000000000001|+0000000000000000001|+2.3900000000000e+00|-8.4812253229961e-01|+0.0000000000000e+00|+3.7224026065018e-01
+0000000000000000010|+0000000000000000001|+0000000000000000001|+2.3800000000000e+00|-8.5186086586980e-01|+0.0000000000000e+00|+3.7543306839604e-01
+0000000000000000010|+0000000000000000001|+0000000000000000001|+2.3700000000000e+00|-8.5563132703548e-01|+0.0000000000000e+00|+3.7866588694102e-01
+0000000000000000010|+0000000000000000001|+0000000000000000001|+2.3600000000000e+00|-8.5943431914126e-01|+0.0000000000000e+00|+3.8193936570334e-01
+0000000000000000010|+0000000000000000001|+0000000000000000001|+2.3500000000000e+00|-8.6327025208934e-01|+0.0000000000000e+00|+3.8525416683687e-01
+0000000000000000010|+0000000000000000001|+0000000000000000001|+2.3400000000000e+00|-8.6713954246834e-01|+0.0000000000000e+00|+3.8861096551833e-01
+0000000000000000010|+0000000000000000001|+0000000000000000001|+2.3300000000000e+00|-8.7104261368500e-01|+0.0000000000000e+00|+3.9201045024156e-01
+0000000000000000010|+0000000000000000001|+0000000000000000001|+2.3200000000000e+00|-8.7497989609881e-01|+0.0000000000000e+00|+3.9545332311911e-01
+0000000000000000010|+0000000000000000001|+0000000000000000001|+2.3100000000000e+00|-8.7895182715978e-01|+0.0000000000000e+00|+3.9894030019136e-01
+0000000000000000010|+0000000000000000001|+0000000000000000001|+2.3000000000000e+00|-8.8295885154928e-01|+0.0000000000000e+00|+4.0247211174326e-01
+0000000000000000010|+0000000000000000001|+0000000000000000001|+2.2900000000000e+00|-8.8700142132410e-01|+0.0000000000000e+00|+4.0604950262901e-01
+0000000000000000010|+0000000000000000001|+0000000000000000001|+2.2800000000000e+00|-8.9107999606380e-01|+0.0000000000000e+00|+4.0967323260485e-01
+0000000000000000010|+0000000000000000001|+0000000000000000001|+2.2700000000000e+00|-8.9519504302143e-01|+0.0000000000000e+00|+4.1334407667006e-01
+0000000000000000010|+0000000000000000001|+0000000000000000001|+2.2600000000000e+00|-8.9934703727770e-01|+0.0000000000000e+00|+4.1706282541657e-01
+0000000000000000010|+0000000000000000001|+0000000000000000001|+2.2500000000000e+00|-9.0353646189870e-01|+0.0000000000000e+00|+4.2083028538723e-01
+0000000000000000010|+0000000000000000001|+0000000000000000001|+2.2400000000000e+00|-9.0776380809721e-01|+0.0000000000000e+00|+4.2464727944306e-01
+0000000000000000010|+0000000000000000001|+0000000000000000001|+2.2300000000000e+00|-9.1202957539780e-01|+0.0000000000000e+00|+4.2851464713964e-01
+0000000000000000010|+0000000000000000001|+0000000000000000001|+2.2200000000000e+00|-9.1633427180564e-01|+0.0000000000000e+00|+4.3243324511301e-01
+0000000000000000010|+0000000000000000001|+0000000000000000001|+2.2100000000000e+00|-9.2067841397936e-01|+0.0000000000000e+00|+4.3640394747503e-01
+0000000000000000010|+0000000000000000001|+0000000000000000001|+2.2000000000000e+00|-9.2506252740772e-01|+0.0000000000000e+00|+4.4042764621885e-01
+0000000000000000010|+0000000000000000001|+0000000000000000001|+2.1900000000000e+00|-9.2948714659056e-01|+0.0000000000000e+00|+4.4450525163432e-01
+0000000000000000010|+0000000000000000001|+0000000000000000001|+2.1800000000000e+00|-9.3395281522389e-01|+0.0000000000000e+00|+4.4863769273392e-01
+0000000000000000010|+0000000000000000001|+0000000000000000001|+2.1700000000000e+00|-9.3846008638925e-01|+0.0000000000000e+00|+4.5282591768926e-01
+0000000000000000010|+0000000000000000001|+0000000000000000001|+2.1600000000000e+00|-9.4300952274756e-01|+0.0000000000000e+00|+4.5707089427853e-01
+0000000000000000010|+0000000000000000001|+0000000000000000001|+2.1500000000000e+00|-9.4760169673746e-01|+0.0000000000000e+00|+4.6137361034510e-01
+0000000000000000010|+0000000000000000001|+0000000000000000001|+2.1400000000000e+00|-9.5223719077832e-01|+0.0000000000000e+00|+4.6573507426758e-01
+0000000000000000010|+0000000000000000001|+0000000000000000001|+2.1300000000000e+00|-9.5691659747793e-01|+0.0000000000000e+00|+4.7015631544159e-01
+0000000000000000010|+0000000000000000001|+0000000000000000001|+2.1200000000000e+00|-9.6164051984522e-01|+0.0000000000000e+00|+4.7463838477353e-01
+0000000000000000010|+0000000000000000001|+0000000000000000001|+2.1100000000000e+00|-9.6640957150783e-01|+0.0000000000000e+00|+4.7918235518670e-01
+0000000000000000010|+0000000000000000001|+0000000000000000001|+2.1000000000000e+00|-9.7122437693486e-01|+0.0000000000000e+00|+4.8378932213993e-01
+0000000000000000010|+0000000000000000001|+0000000000000000001|+2.0900000000000e+00|-9.7608557166490e-01|+0.0000000000000e+00|+4.8846040415911e-01
+0000000000000000010|+0000000000000000001|+0000000000000000001|+2.0800000000000e+00|-9.8099380253937e-01|+0.0000000000000e+00|+4.9319674338192e-01
+0000000000000000010|+0000000000000000001|+0000000000000000001|+2.0700000000000e+00|-9.8594972794149e-01|+0.0000000000000e+00|+4.9799950611605e-01
+0000000000000000010|+0000000000000000001|+0000000000000000001|+2.0600000000000e+00|-9.9095401804075e-01|+0.0000000000000e+00|+5.0286988341115e-01
+0000000000000000010|+0000000000000000001|+0000000000000000001|+2.0500000000000e+00|-9.9600735504329e-01|+0.0000000000000e+00|+5.0780909164494e-01
+0000000000000000010|+0000000000000000001|+0000000000000000001|+2.0400000000000e+00|-1.0011104334482e+00|+0.0000000000000e+00|+5.1281837312370e-01
+0000000000000000010|+0000000000000000001|+0000000000000000001|+2.0300000000000e+00|-1.0062639603097e+00|+0.0000000000000e+00|+5.1789899669753e-01
+0000000000000000010|+0000000000000000001|+0000000000000000001|+2.0200000000000e+00|-1.0114686555061e+00|+0.0000000000000e+00|+5.2305225839056e-01
+0000000000000000010|+0000000000000000001|+0000000000000000001|+2.0100000000000e+00|-1.0167252520143e+00|+0.0000000000000e+00|+5.2827948204669e-01
+0000000000000000010|+0000000000000000001|+0000000000000000001|+2.0000000000000e+00|-1.0220344961914e+00|+0.0000000000000e+00|+5.3358201999084e-01
+0000000000000000010|+0000000000000000001|+0000000000000000001|+1.9900000000000e+00|-1.0273971480633e+00|+0.0000000000000e+00|+5.3896125370631e-01
+0000000000000000010|+0000000000000000001|+0000000000000000001|+1.9800000000000e+00|-1.0328139816192e+00|+0.0000000000000e+00|+5.4441859452855e-01
+0000000000000000010|+0000000000000000001|+0000000000000000001|+1.9700000000000e+00|-1.0382857851138e+00|+0.0000000000000e+00|+5.4995548435534e-01
+0000000000000000010|+0000000000000000001|+0000000000000000001|+1.9600000000000e+00|-1.0438133613767e+00|+0.0000000000000e+00|+5.5557339637422e-01
+0000000000000000010|+0000000000000000001|+0000000000000000001|+1.9500000000000e+00|-1.0493975281290e+00|+0.0000000000000e+00|+5.6127383580705e-01
+0000000000000000010|+0000000000000000001|+0000000000000000001|+1.9400000000000e+00|-1.0550391183072e+00|+0.0000000000000e+00|+5.6705834067218e-01
+0000000000000000010|+0000000000000000001|+0000000000000000001|+1.9300000000000e+00|-1.0607389803954e+00|+0.0000000000000e+00|+5.7292848256463e-01
+0000000000000000010|+0000000000000000001|+0000000000000000001|+1.9200000000000e+00|-1.0664979787646e+00|+0.0000000000000e+00|+5.7888586745437e-01
+0000000000000000010|+0000000000000000001|+0000000000000000001|+1.9100000000000e+00|-1.0723169940210e+00|+0.0000000000000e+00|+5.8493213650320e-01
+0000000000000000010|+0000000000000000001|+0000000000000000001|+1.9000000000000e+00|-1.0781969233617e+00|+0.0000000000000e+00|+5.9106896690037e-01
+0000000000000000010|+0000000000000000001|+0000000000000000001|+1.8900000000000e+00|-1.0841386809395e+00|+0.0000000000000e+00|+5.9729807271736e-01
+0000000000000000010|+0000000000000000001|+0000000000000000001|+1.8800000000000e+00|-1.0901431982359e+00|+0.0000000000000e+00|+6.0362120578187e-01
+0000000000000000010|+0000000000000000001|+0000000000000000001|+1.8700000000000e+00|-1.0962114244432e+00|+0.0000000000000e+00|+6.1004015657157e-01
+0000000000000000010|+0000000000000000001|+0000000000000000001|+1.8600000000000e+00|-1.1023443268554e+00|+0.0000000000000e+00|+6.1655675512755e-01
+0000000000000000010|+0000000000000000001|+0000000000000000001|+1.8500000000000e+00|-1.1085428912688e+00|+0.0000000000000e+00|+6.2317287198787e-01
+0000000000000000010|+0000000000000000001|+0000000000000000001|+1.8400000000000e+00|-1.1148081223914e+00|+0.0000000000000e+00|+6.2989041914139e-01
+0000000000000000010|+0000000000000000001|+0000000000000000001|+1.8300000000000e+00|-1.1211410442625e+00|+0.0000000000000e+00|+6.3671135100192e-01
+0000000000000000010|+0000000000000000001|+0000000000000000001|+1.8200000000000e+00|-1.1275427006817e+00|+0.0000000000000e+00|+6.4363766540307e-01
+0000000000000000010|+0000000000000000001|+0000000000000000001|+1.8100000000000e+00|-1.1340141556482e+00|+0.0000000000000e+00|+6.5067140461367e-01
+0000000000000000010|+0000000000000000001|+0000000000000000001|+1.8000000000000e+00|-1.1405564938106e+00|+0.0000000000000e+00|+6.5781465637400e-01
+0000000000000000010|+0000000000000000001|+0000000000000000001|+1.7900000000000e+00|-1.1471708209265e+00|+0.0000000000000e+00|+6.6506955495286e-01
+0000000000000000010|+0000000000000000001|+0000000000000000001|+1.7800000000000e+00|-1.1538582643332e+00|+0.0000000000000e+00|+6.7243828222546e-01
+0000000000000000010|+0000000000000000001|+0000000000000000001|+1.7700000000000e+00|-1.1606199734297e+00|+0.0000000000000e+00|+6.7992306877200e-01
+0000000000000000010|+0000000000000000001|+0000000000000000001|+1.7600000000000e+00|-1.1674571201686e+00|+0.0000000000000e+00|+6.8752619499708e-01
+0000000000000000010|+0000000000000000001|+0000000000000000001|+1.7500000000000e+00|-1.1743708995607e+00|+0.0000000000000e+00|+6.9524999226958e-01
+0000000000000000010|+0000000000000000001|+0000000000000000001|+1.7400000000000e+00|-1.1813625301899e+00|+0.0000000000000e+00|+7.0309684408286e-01
+0000000000000000010|+0000000000000000001|+0000000000000000001|+1.7300000000000e+00|-1.1884332547407e+00|+0.0000000000000e+00|+7.1106918723506e-01
+0000000000000000010|+0000000000000000001|+0000000000000000001|+1.7200000000000e+00|-1.1955843405372e+00|+0.0000000000000e+00|+7.1916951302910e-01
+0000000000000000010|+0000000000000000001|+0000000000000000001|+1.7100000000000e+00|-1.2028170800939e+00|+0.0000000000000e+00|+7.2740036849197e-01
+0000000000000000010|+0000000000000000001|+0000000000000000001|+1.7000000000000e+00|-1.2101327916794e+00|+0.0000000000000e+00|+7.3576435761272e-01
+0000000000000000010|+0000000000000000001|+0000000000000000001|+1.6900000000000e+00|-1.2175328198924e+00|+0.0000000000000e+00|+7.4426414259863e-01
+0000000000000000010|+0000000000000000001|+0000000000000000001|+1.6800000000000e+00|-1.2250185362499e+00|+0.0000000000000e+00|+7.5290244514874e-01
+0000000000000000010|+0000000000000000001|+0000000000000000001|+1.6700000000000e+00|-1.2325913397886e+00|+0.0000000000000e+00|+7.6168204774397e-01
+0000000000000000010|+0000000000000000001|+0000000000000000001|+1.6600000000000e+00|-1.2402526576797e+00|+0.0000000000000e+00|+7.7060579495273e-01
+0000000000000000010|+0000000000000000001|+0000000000000000001|+1.6500000000000e+00|-1.2480039458558e+00|+0.0000000000000e+00|+7.7967659475102e-01
+0000000000000000010|+0000000000000000001|+0000000000000000001|+1.6400000000000e+00|-1.2558466896518e+00|+0.0000000000000e+00|+7.8889741985563e-01
+0000000000000000010|+0000000000000000001|+0000000000000000001|+1.6300000000000e+00|-1.2637824044591e+00|+0.0000000000000e+00|+7.9827130906912e-01
+0000000000000000010|+0000000000000000001|+0000000000000000001|+1.6200000000000e+00|-1.2718126363933e+00|+0.0000000000000e+00|+8.0780136863479e-01
+0000000000000000010|+0000000000000000001|+0000000000000000001|+1.6100000000000e+00|-1.2799389629753e+00|+0.0000000000000e+00|+8.1749077359992e-01
+0000000000000000010|+0000000000000000001|+0000000000000000001|+1.6000000000000e+00|-1.2881629938261e+00|+0.0000000000000e+00|+8.2734276918517e-01
+0000000000000000010|+0000000000000000001|+0000000000000000001|+1.5900000000000e+00|-1.2964863713756e+00|+0.0000000000000e+00|+8.3736067215788e-01
+0000000000000000010|+0000000000000000001|+0000000000000000001|+1.5800000000000e+00|-1.3049107715846e+00|+0.0000000000000e+00|+8.4754787220662e-01
+0000000000000000010|+0000000000000000001|+0000000000000000001|+1.5700000000000e+00|-1.3134379046815e+00|+0.0000000000000e+00|+8.5790783331428e-01
+0000000000000000010|+0000000000000000001|+0000000000000000001|+1.5600000000000e+00|-1.3220695159114e+00|+0.0000000000000e+00|+8.6844409512651e-01
+0000000000000000010|+0000000000000000001|+0000000000000000001|+1.5500000000000e+00|-1.3308073862999e+00|+0.0000000000000e+00|+8.7916027431189e-01
+0000000000000000010|+0000000000000000001|+0000000000000000001|+1.5400000000000e+00|-1.3396533334301e+00|+0.0000000000000e+00|+8.9006006591026e-01
+0000000000000000010|+0000000000000000001|+0000000000000000001|+1.5300000000000e+00|-1.3486092122330e+00|+0.0000000000000e+00|+9.0114724466465e-01
+0000000000000000010|+0000000000000000001|+0000000000000000001|+1.5200000000000e+00|-1.3576769157906e+00|+0.0000000000000e+00|+9.1242566633242e-01
+0000000000000000010|+0000000000000000001|+0000000000000000001|+1.5100000000000e+00|-1.3668583761535e+00|+0.0000000000000e+00|+9.2389926897027e-01
+0000000000000000010|+0000000000000000001|+0000000000000000001|+1.5000000000000e+00|-1.3761555651692e+00|+0.0000000000000e+00|+9.3557207418769e-01
+0000000000000000010|+0000000000000000001|+0000000000000000001|+1.4900000000000e+00|-1.3855704953243e+00|+0.0000000000000e+00|+9.4744818836236e-01
+0000000000000000010|+0000000000000000001|+0000000000000000001|+1.4800000000000e+00|-1.3951052205977e+00|+0.0000000000000e+00|+9.5953180381113e-01
+0000000000000000010|+0000000000000000001|+0000000000000000001|+1.4700000000000e+00|-1.4047618373262e+00|+0.0000000000000e+00|+9.7182719990873e-01
+0000000000000000010|+0000000000000000001|+0000000000000000001|+1.4600000000000e+00|-1.4145424850798e+00|+0.0000000000000e+00|+9.8433874414656e-01
+0000000000000000010|+0000000000000000001|+0000000000000000001|+1.4500000000000e+00|-1.4244493475483e+00|+0.0000000000000e+00|+9.9707089312219e-01
+0000000000000000010|+0000000000000000001|+0000000000000000001|+1.4400000000000e+00|-1.4344846534367e+00|+0.0000000000000e+00|+1.0100281934504e+00
+0000000000000000010|+0000000000000000001|+0000000000000000001|+1.4300000000000e+00|-1.4446506773698e+00|+0.0000000000000e+00|+1.0232152825848e+00
+0000000000000000010|+0000000000000000001|+0000000000000000001|+1.4200000000000e+00|-1.4549497408042e+00|+0.0000000000000e+00|+1.0366368895390e+00
+0000000000000000010|+0000000000000000001|+0000000000000000001|+1.4100000000000e+00|-1.4653842129469e+00|+0.0000000000000e+00|+1.0502978354936e+00
+0000000000000000010|+0000000000000000001|+0000000000000000001|+1.4000000000000e+00|-1.4759565116798e+00|+0.0000000000000e+00|+1.0642030342777e+00
+0000000000000000010|+0000000000000000001|+0000000000000000001|+1.3900000000000e+00|-1.4866691044876e+00|+0.0000000000000e+00|+1.0783574927074e+00
+0000000000000000010|+0000000000000000001|+0000000000000000001|+1.3800000000000e+00|-1.4975245093890e+00|+0.0000000000000e+00|+1.0927663107665e+00
+0000000000000000010|+0000000000000000001|+0000000000000000001|+1.3700000000000e+00|-1.5085252958686e+00|+0.0000000000000e+00|+1.1074346816126e+00
+0000000000000000010|+0000000000000000001|+0000000000000000001|+1.3600000000000e+00|-1.5196740858074e+00|+0.0000000000000e+00|+1.1223678913872e+00
+0000000000000000010|+0000000000000000001|+0000000000000000001|+1.3500000000000e+00|-1.5309735544116e+00|+0.0000000000000e+00|+1.1375713188121e+00
+0000000000000000010|+0000000000000000001|+0000000000000000001|+1.3400000000000e+00|-1.5424264311346e+00|+0.0000000000000e+00|+1.1530504345464e+00
+0000000000000000010|+0000000000000000001|+0000000000000000001|+1.3300000000000e+00|-1.5540355005925e+00|+0.0000000000000e+00|+1.1688108002832e+00
+0000000000000000010|+0000000000000000001|+0000000000000000001|+1.3200000000000e+00|-1.5658036034689e+00|+0.0000000000000e+00|+1.1848580675559e+00
+0000000000000000010|+0000000000000000001|+0000000000000000001|+1.3100000000000e+00|-1.5777336374054e+00|+0.0000000000000e+00|+1.2011979762289e+00
+0000000000000000010|+0000000000000000001|+0000000000000000001|+1.3000000000000e+00|-1.5898285578765e+00|+0.0000000000000e+00|+1.2178363526392e+00
+0000000000000000010|+0000000000000000001|+0000000000000000001|+1.2900000000000e+00|-1.6020913790434e+00|+0.0000000000000e+00|+1.2347791073565e+00
+0000000000000000010|+0000000000000000001|+0000000000000000001|+1.2800000000000e+00|-1.6145251745831e+00|+0.0000000000000e+00|+1.2520322325250e+00
+0000000000000000010|+0000000000000000001|+0000000000000000001|+1.2700000000000e+00|-1.6271330784891e+00|+0.0000000000000e+00|+1.2696017987487e+00
+0000000000000000010|+0000000000000000001|+0000000000000000001|+1.2600000000000e+00|-1.6399182858386e+00|+0.0000000000000e+00|+1.2874939514753e+00
+0000000000000000010|+0000000000000000001|+0000000000000000001|+1.2500000000000e+00|-1.6528840535201e+00|+0.0000000000000e+00|+1.3057149068358e+00
+0000000000000000010|+0000000000000000001|+0000000000000000001|+1.2400000000000e+00|-1.6660337009175e+00|+0.0000000000000e+00|+1.3242709468877e+00
+0000000000000000010|+0000000000000000001|+0000000000000000001|+1.2300000000000e+00|-1.6793706105427e+00|+0.0000000000000e+00|+1.3431684142095e+00
+0000000000000000010|+0000000000000000001|+0000000000000000001|+1.2200000000000e+00|-1.6928982286106e+00|+0.0000000000000e+00|+1.3624137057887e+00
+0000000000000000010|+0000000000000000001|+0000000000000000001|+1.2100000000000e+00|-1.7066200655499e+00|+0.0000000000000e+00|+1.3820132661408e+00
+0000000000000000010|+0000000000000000001|+0000000000000000001|+1.2000000000000e+00|-1.7205396964403e+00|+0.0000000000000e+00|+1.4019735795912e+00
+0000000000000000010|+0000000000000000001|+0000000000000000001|+1.1900000000000e+00|-1.7346607613680e+00|+0.0000000000000e+00|+1.4223011616497e+00
+0000000000000000010|+0000000000000000001|+0000000000000000001|+1.1800000000000e+00|-1.7489869656910e+00|+0.0000000000000e+00|+1.4430025493970e+00
+0000000000000000010|+0000000000000000001|+0000000000000000001|+1.1700000000000e+00|-1.7635220802016e+00|+0.0000000000000e+00|+1.4640842908025e+00
+0000000000000000010|+0000000000000000001|+0000000000000000001|+1.1600000000000e+00|-1.7782699411775e+00|+0.0000000000000e+00|+1.4855529328795e+00
+0000000000000000010|+0000000000000000001|+0000000000000000001|+1.1500000000000e+00|-1.7932344503078e+00|+0.0000000000000e+00|+1.5074150085839e+00
+0000000000000000010|+0000000000000000001|+0000000000000000001|+1.1400000000000e+00|-1.8084195744810e+00|+0.0000000000000e+00|+1.5296770223510e+00
+0000000000000000010|+0000000000000000001|+0000000000000000001|+1.1300000000000e+00|-1.8238293454218e+00|+0.0000000000000e+00|+1.5523454341580e+00
+0000000000000000010|+0000000000000000001|+0000000000000000001|+1.1200000000000e+00|-1.8394678591599e+00|+0.0000000000000e+00|+1.5754266419941e+00
+0000000000000000010|+0000000000000000001|+0000000000000000001|+1.1100000000000e+00|-1.8553392753156e+00|+0.0000000000000e+00|+1.5989269626079e+00
+0000000000000000010|+0000000000000000001|+0000000000000000001|+1.1000000000000e+00|-1.8714478161832e+00|+0.0000000000000e+00|+1.6228526103955e+00
+0000000000000000010|+0000000000000000001|+0000000000000000001|+1.0900000000000e+00|-1.8877977655939e+00|+0.0000000000000e+00|+1.6472096742826e+00
+0000000000000000010|+0000000000000000001|+0000000000000000001|+1.0800000000000e+00|-1.9043934675362e+00|+0.0000000000000e+00|+1.6720040924422e+00
+0000000000000000010|+0000000000000000001|+0000000000000000001|+1.0700000000000e+00|-1.9212393245128e+00|+0.0000000000000e+00|+1.6972416246823e+00
+0000000000000000010|+0000000000000000001|+0000000000000000001|+1.0600000000000e+00|-1.9383397956080e+00|+0.0000000000000e+00|+1.7229278223220e+00
+0000000000000000010|+0000000000000000001|+0000000000000000001|+1.0500000000000e+00|-1.9556993942414e+00|+0.0000000000000e+00|+1.7490679953683e+00
+0000000000000000010|+0000000000000000001|+0000000000000000001|+1.0400000000000e+00|-1.9733226855783e+00|+0.0000000000000e+00|+1.7756671767900e+00
+0000000000000000010|+0000000000000000001|+0000000000000000001|+1.0300000000000e+00|-1.9912142835684e+00|+0.0000000000000e+00|+1.8027300836743e+00
+0000000000000000010|+0000000000000000001|+0000000000000000001|+1.0200000000000e+00|-2.0093788475782e+00|+0.0000000000000e+00|+1.8302610750380e+00
+0000000000000000010|+0000000000000000001|+0000000000000000001|+1.0100000000000e+00|-2.0278210785850e+00|+0.0000000000000e+00|+1.8582641060537e+00
+0000000000000000010|+0000000000000000001|+0000000000000000001|+1.0000000000000e+00|-2.0465457148935e+00|+0.0000000000000e+00|+1.8867426784364e+00
+0000000000000000010|+0000000000000000001|+0000000000000000001|+9.9000000000004e-01|-2.0655575273362e+00|+0.0000000000000e+00|+1.9156997867217e+00
+0000000000000000010|+0000000000000000001|+0000000000000000001|+9.8000000000004e-01|-2.0848613139148e+00|+0.0000000000000e+00|+1.9451378601577e+00
+0000000000000000010|+0000000000000000001|+0000000000000000001|+9.7000000000004e-01|-2.1044618938376e+00|+0.0000000000000e+00|+1.9750586999124e+00
+0000000000000000010|+0000000000000000001|+0000000000000000001|+9.6000000000004e-01|-2.1243641009039e+00|+0.0000000000000e+00|+2.0054634112915e+00
+0000000000000000010|+0000000000000000001|+0000000000000000001|+9.5000000000004e-01|-2.1445727761842e+00|+0.0000000000000e+00|+2.0363523306458e+00
+0000000000000000010|+0000000000000000001|+0000000000000000001|+9.4000000000004e-01|-2.1650927599424e+00|+0.0000000000000e+00|+2.0677249466365e+00
+0000000000000000010|+0000000000000000001|+0000000000000000001|+9.3000000000004e-01|-2.1859288827402e+00|+0.0000000000000e+00|+2.0995798155151e+00
+0000000000000000010|+0000000000000000001|+0000000000000000001|+9.2000000000004e-01|-2.2070859556628e+00|+0.0000000000000e+00|+2.1319144700680e+00
+0000000000000000010|+0000000000000000001|+0000000000000000001|+9.1000000000004e-01|-2.2285687596018e+00|+0.0000000000000e+00|+2.1647253218651e+00
+0000000000000000010|+0000000000000000001|+0000000000000000001|+9.0000000000004e-01|-2.2503820335246e+00|+0.0000000000000e+00|+2.1980075564505e+00
+0000000000000000010|+0000000000000000001|+0000000000000000001|+8.9000000000004e-01|-2.2725304616596e+00|+0.0000000000000e+00|+2.2317550211088e+00
+0000000000000000010|+0000000000000000001|+0000000000000000001|+8.8000000000004e-01|-2.2950186595199e+00|+0.0000000000000e+00|+2.2659601048441e+00
+0000000000000000010|+0000000000000000001|+0000000000000000001|+8.7000000000004e-01|-2.3178511586866e+00|+0.0000000000000e+00|+2.3006136102145e+00
+0000000000000000010|+0000000000000000001|+0000000000000000001|+8.6000000000004e-01|-2.3410323902687e+00|+0.0000000000000e+00|+2.3357046166776e+00
+0000000000000000010|+0000000000000000001|+0000000000000000001|+8.5000000000004e-01|-2.3645666669514e+00|+0.0000000000000e+00|+2.3712203351181e+00
+0000000000000000010|+0000000000000000001|+0000000000000000001|+8.4000000000004e-01|-2.3884581635462e+00|+0.0000000000000e+00|+2.4071459532586e+00
+0000000000000000010|+0000000000000000001|+0000000000000000001|+8.3000000000004e-01|-2.4127108959464e+00|+0.0000000000000e+00|+2.4434644716844e+00
+0000000000000000010|+0000000000000000001|+0000000000000000001|+8.2000000000004e-01|-2.4373286983963e+00|+0.0000000000000e+00|+2.4801565302624e+00
+0000000000000000010|+0000000000000000001|+0000000000000000001|+8.1000000000004e-01|-2.4623151989755e+00|+0.0000000000000e+00|+2.5172002247875e+00
+0000000000000000010|+0000000000000000001|+0000000000000000001|+8.0000000000004e-01|-2.4876737932001e+00|+0.0000000000000e+00|+2.5545709137617e+00
+0000000000000000010|+0000000000000000001|+0000000000000000001|+7.9000000000004e-01|-2.5134076156428e+00|+0.0000000000000e+00|+2.5922410152997e+00
+0000000000000000010|+0000000000000000001|+0000000000000000001|+7.8000000000004e-01|-2.5395195094725e+00|+0.0000000000000e+00|+2.6301797942543e+00
+0000000000000000010|+0000000000000000001|+0000000000000000001|+7.7000000000004e-01|-2.5660119938172e+00|+0.0000000000000e+00|+2.6683531397838e+00
+0000000000000000010|+0000000000000000001|+0000000000000000001|+7.6000000000004e-01|-2.5928872288570e+00|+0.0000000000000e+00|+2.7067233337300e+00
+0000000000000000010|+0000000000000000001|+0000000000000000001|+7.5000000000004e-01|-2.6201469785557e+00|+0.0000000000000e+00|+2.7452488103467e+00
+0000000000000000010|+0000000000000000001|+0000000000000000001|+7.4000000000004e-01|-2.6477925709511e+00|+0.0000000000000e+00|+2.7838839081219e+00
+0000000000000000010|+0000000000000000001|+0000000000000000001|+7.3000000000004e-01|-2.6758248559264e+00|+0.0000000000000e+00|+2.8225786146729e+00
+0000000000000000010|+0000000000000000001|+0000000000000000001|+7.2000000000004e-01|-2.7042441604021e+00|+0.0000000000000e+00|+2.8612783059542e+00
+0000000000000000010|+0000000000000000001|+0000000000000000001|+7.1000000000004e-01|-2.7330502408973e+00|+0.0000000000000e+00|+2.8999234813324e+00
+0000000000000000010|+0000000000000000001|+0000000000000000001|+7.0000000000004e-01|-2.7622422334291e+00|+0.0000000000000e+00|+2.9384494964192e+00
+0000000000000000010|+0000000000000000001|+0000000000000000001|+6.9000000000004e-01|-2.7918186007379e+00|+0.0000000000000e+00|+2.9767862959560e+00
+0000000000000000010|+0000000000000000001|+0000000000000000001|+6.8000000000004e-01|-2.8217770768542e+00|+0.0000000000000e+00|+3.0148581494594e+00
+0000000000000000010|+0000000000000000001|+0000000000000000001|+6.7000000000004e-01|-2.8521146090471e+00|+0.0000000000000e+00|+3.0525833928412e+00
+0000000000000000010|+0000000000000000001|+0000000000000000001|+6.6000000000004e-01|-2.8828272972359e+00|+0.0000000000000e+00|+3.0898741797300e+00
+0000000000000000010|+0000000000000000001|+0000000000000000001|+6.5000000000004e-01|-2.9139103309796e+00|+0.0000000000000e+00|+3.1266362468080e+00
+0000000000000000010|+0000000000000000001|+0000000000000000001|+6.4000000000004e-01|-2.9453579242114e+00|+0.0000000000000e+00|+3.1627686981055e+00
+0000000000000000010|+0000000000000000001|+0000000000000000001|+6.3000000000004e-01|-2.9771632479331e+00|+0.0000000000000e+00|+3.1981638138518e+00
+0000000000000000010|+0000000000000000001|+0000000000000000001|+6.2000000000004e-01|-3.0093183611473e+00|+0.0000000000000e+00|+3.2327068902033e+00
+0000000000000000010|+0000000000000000001|+0000000000000000001|+6.1000000000004e-01|-3.0418141403704e+00|+0.0000000000000e+00|+3.2662761168931e+00
+0000000000000000010|+0000000000000000001|+0000000000000000001|+6.0000000000004e-01|-3.0746402081434e+00|+0.0000000000000e+00|+3.2987425006068e+00
+0000000000000000010|+0000000000000000001|+0000000000000000001|+5.9000000000004e-01|-3.1077848610406e+00|+0.0000000000000e+00|+3.3299698426430e+00
+0000000000000000010|+0000000000000000001|+0000000000000000001|+5.8000000000004e-01|-3.1412349977655e+00|+0.0000000000000e+00|+3.3598147801543e+00
+0000000000000000010|+0000000000000000001|+0000000000000000001|+5.7000000000004e-01|-3.1749760480171e+00|+0.0000000000000e+00|+3.3881269009641e+00
+0000000000000000010|+0000000000000000001|+0000000000000000001|+5.6000000000004e-01|-3.2089919029173e+00|+0.0000000000000e+00|+3.4147489425774e+00
+0000000000000000010|+0000000000000000001|+0000000000000000001|+5.5000000000004e-01|-3.2432648478952e+00|+0.0000000000000e+00|+3.4395170865202e+00
+0000000000000000010|+0000000000000000001|+0000000000000000001|+5.4000000000004e-01|-3.2777754990391e+00|+0.0000000000000e+00|+3.4622613595114e+00
+0000000000000000010|+0000000000000000001|+0000000000000000001|+5.3000000000004e-01|-3.3125027440434e+00|+0.0000000000000e+00|+3.4828061531392e+00
+0000000000000000010|+0000000000000000001|+0000000000000000001|+5.2000000000004e-01|-3.3474236889928e+00|+0.0000000000000e+00|+3.5009708736290e+00
+0000000000000000010|+0000000000000000001|+0000000000000000001|+5.1000000000004e-01|-3.3825136123420e+00|+0.0000000000000e+00|+3.5165707329221e+00
+0000000000000000010|+0000000000000000001|+0000000000000000001|+5.0000000000004e-01|-3.4177459275564e+00|+0.0000000000000e+00|+3.5294176915080e+00
+0000000000000000010|+0000000000000000001|+0000000000000000001|+4.9000000000004e-01|-3.4530921559790e+00|+0.0000000000000e+00|+3.5393215622962e+00
+0000000000000000010|+0000000000000000001|+0000000000000000001|+4.8000000000004e-01|-3.4885219115747e+00|+0.0000000000000e+00|+3.5460912831561e+00
+0000000000000000010|+0000000000000000001|+0000000000000000001|+4.7000000000004e-01|-3.5240028992658e+00|+0.0000000000000e+00|+3.5495363635825e+00
+0000000000000000010|+0000000000000000001|+0000000000000000001|+4.6000000000004e-01|-3.5595009286187e+00|+0.0000000000000e+00|+3.5494685081986e+00
+0000000000000000010|+0000000000000000001|+0000000000000000001|+4.5000000000004e-01|-3.5949799446480e+00|+0.0000000000000e+00|+3.5457034165276e+00
+0000000000000000010|+0000000000000000001|+0000000000000000001|+4.4000000000004e-01|-3.6304020774837e+00|+0.0000000000000e+00|+3.5380627546337e+00
+0000000000000000010|+0000000000000000001|+0000000000000000001|+4.3000000000004e-01|-3.6657277125789e+00|+0.0000000000000e+00|+3.5263762898432e+00
+0000000000000000010|+0000000000000000001|+0000000000000000001|+4.2000000000004e-01|-3.7009155830264e+00|+0.0000000000000e+00|+3.5104841750761e+00
+0000000000000000010|+0000000000000000001|+0000000000000000001|+4.1000000000004e-01|-3.7359228853918e+00|+0.0000000000000e+00|+3.4902393642054e+00
+0000000000000000010|+0000000000000000001|+0000000000000000001|+4.0000000000004e-01|-3.7707054202576e+00|+0.0000000000000e+00|+3.4655101347808e+00
+0000000000000000010|+0000000000000000001|+0000000000000000001|+3.9000000000004e-01|-3.8052177584146e+00|+0.0000000000000e+00|+3.4361826891887e+00
+0000000000000000010|+0000000000000000001|+0000000000000000001|+3.8000000000004e-01|-3.8394134333170e+00|+0.0000000000000e+00|+3.4021638004925e+00
+0000000000000000010|+0000000000000000001|+0000000000000000001|+3.7000000000004e-01|-3.8732451600609e+00|+0.0000000000000e+00|+3.3633834642765e+00
+0000000000000000010|+0000000000000000001|+0000000000000000001|+3.6000000000004e-01|-3.9066650807326e+00|+0.0000000000000e+00|+3.3197975131600e+00
+0000000000000000010|+0000000000000000001|+0000000000000000001|+3.5000000000004e-01|-3.9396250355157e+00|+0.0000000000000e+00|+3.2713901454700e+00
+0000000000000000010|+0000000000000000001|+0000000000000000001|+3.4000000000004e-01|-3.9720768584295e+00|+0.0000000000000e+00|+3.2181763130005e+00
+0000000000000000010|+0000000000000000001|+0000000000000000001|+3.3000000000004e-01|-4.0039726959754e+00|+0.0000000000000e+00|+3.1602039030121e+00
+0000000000000000010|+0000000000000000001|+0000000000000000001|+3.2000000000004e-01|-4.0352653462489e+00|+0.0000000000000e+00|+3.0975556340524e+00
+0000000000000000010|+0000000000000000001|+0000000000000000001|+3.1000000000004e-01|-4.0659086151502e+00|+0.0000000000000e+00|+3.0303505594374e+00
+0000000000000000010|+0000000000000000001|+0000000000000000001|+3.0000000000004e-01|-4.0958576850766e+00|+0.0000000000000e+00|+2.9587450309695e+00
+0000000000000000010|+0000000000000000001|+0000000000000000001|+2.9000000000004e-01|-4.1250694897048e+00|+0.0000000000000e+00|+2.8829329110051e+00
+0000000000000000010|+0000000000000000001|+0000000000000000001|+2.8000000000004e-01|-4.1535030859021e+00|+0.0000000000000e+00|+2.8031447246455e+00
+0000000000000000010|+0000000000000000001|+0000000000000000001|+2.7000000000004e-01|-4.1811200100703e+00|+0.0000000000000e+00|+2.7196453056707e+00
+0000000000000000010|+0000000000000000001|+0000000000000000001|+2.6000000000004e-01|-4.2078846008646e+00|+0.0000000000000e+00|+2.6327293010946e+00
+0000000000000000010|+0000000000000000001|+0000000000000000001|+2.5000000000004e-01|-4.2337642627015e+00|+0.0000000000000e+00|+2.5427136544692e+00
+0000000000000000010|+0000000000000000001|+0000000000000000001|+2.4000000000004e-01|-4.2587296342263e+00|+0.0000000000000e+00|+2.4499258914160e+00
+0000000000000000010|+0000000000000000001|+0000000000000000001|+2.3000000000004e-01|-4.2827546125153e+00|+0.0000000000000e+00|+2.3546867029190e+00
+0000000000000000010|+0000000000000000001|+0000000000000000001|+2.2000000000004e-01|-4.3058161671541e+00|+0.0000000000000e+00|+2.2572850137483e+00
+0000000000000000010|+0000000000000000001|+0000000000000000001|+2.1000000000004e-01|-4.3278938591057e+00|+0.0000000000000e+00|+2.1579435345337e+00
+0000000000000000010|+0000000000000000001|+0000000000000000001|+2.0000000000004e-01|-4.3489689594580e+00|+0.0000000000000e+00|+2.0567729048344e+00
+0000000000000000010|+0000000000000000001|+0000000000000000001|+1.9000000000004e-01|-4.3690230470750e+00|+0.0000000000000e+00|+1.9537132389548e+00
+0000000000000000010|+0000000000000000001|+0000000000000000001|+1.8000000000004e-01|-4.3880359600453e+00|+0.0000000000000e+00|+1.8484636690940e+00
+0000000000000000010|+0000000000000000001|+0000000000000000001|+1.7000000000004e-01|-4.4059829978919e+00|+0.0000000000000e+00|+1.7404040908615e+00
+0000000000000000010|+0000000000000000001|+0000000000000000001|+1.6000000000004e-01|-4.4228313432978e+00|+0.0000000000000e+00|+1.6285198688999e+00
+0000000000000000010|+0000000000000000001|+0000000000000000001|+1.5000000000004e-01|-4.4385358303056e+00|+0.0000000000000e+00|+1.5113512735617e+00
+0000000000000000010|+0000000000000000001|+0000000000000000001|+1.4000000000004e-01|-4.4530344838223e+00|+0.0000000000000e+00|+1.3870066125168e+00
+0000000000000000010|+0000000000000000001|+0000000000000000001|+1.3000000000004e-01|-4.4662447608453e+00|+0.0000000000000e+00|+1.2533023659512e+00
+0000000000000000010|+0000000000000000001|+0000000000000000001|+1.2000000000004e-01|-4.4780622009829e+00|+0.0000000000000e+00|+1.1081226519025e+00
+0000000000000000010|+0000000000000000001|+0000000000000000001|+1.1000000000004e-01|-4.4883642408542e+00|+0.0000000000000e+00|+9.5011198807291e-01
+0000000000000000010|+0000000000000000001|+0000000000000000001|+1.0000000000004e-01|-4.4970230496601e+00|+0.0000000000000e+00|+7.7979689017774e-01
+0000000000000000010|+0000000000000000001|+0000000000000000001|+9.0000000000041e-02|-4.5039316982317e+00|+0.0000000000000e+00|+6.0110608549566e-01
+0000000000000000010|+0000000000000000001|+0000000000000000001|+8.0000000000041e-02|-4.5090462100282e+00|+0.0000000000000e+00|+4.2292204038187e-01
+0000000000000000010|+0000000000000000001|+0000000000000000001|+7.0000000000041e-02|-4.5124394436924e+00|+0.0000000000000e+00|+2.5966049514852e-01
+0000000000000000010|+0000000000000000001|+0000000000000000001|+6.0000000000041e-02|-4.5143486536735e+00|+0.0000000000000e+00|+1.2907021813984e-01
+0000000000000000010|+0000000000000000001|+0000000000000000001|+5.0000000000041e-02|-4.5151786419017e+00|+0.0000000000000e+00|+4.5330995999319e-02
+0000000000000000010|+0000000000000000001|+0000000000000000001|+4.0000000000041e-02|-4.5154141067739e+00|+0.0000000000000e+00|+8.5309385133672e-03
+0000000000000000010|+0000000000000000001|+0000000000000000001|+3.0000000000041e-02|-4.5154454067297e+00|+0.0000000000000e+00|+4.4570339320373e-04
+0000000000000000010|+0000000000000000001|+0000000000000000001|+2.0000000000041e-02|-4.5154463536732e+00|+0.0000000000000e+00|+8.6638252127713e-07
+0000000000000000010|+0000000000000000001|+0000000000000000001|+1.0000000000041e-02|-4.5154463544920e+00|+0.0000000000000e+00|+0.0000000000000e+00
